UniqueCount	AmbigCount
0	0
0	0
0	0
0	0
0	0
0	0
0	0
0	0
0	0
0	0
0	0
0	0
0	0
0	0
0	0
0	0
0	0
0	0
0	0
0	0
0	0
0	0
0	0
0	0
0	0
0	0
0	0
0	0
0	0
0	0
0	0
0	0
0	0
0	0
23	242
0	1551
3	9
87	21
0	0
77	141
115	0
111	18
4	23
342	0
0	24
23	15
29	169
0	28
8	1
1	15
187	1
0	0
11	0
0	1
0	0
140	0
38	0
0	126
114	0
0	37
62	18
371	43
0	141
0	21
46	0
90	0
0	0
0	0
0	185
1	281
0	401
139	0
0	122
0	8
129	0
134	0
293	0
13	15
0	0
0	1
24	1
0	0
7	1
3	1
5	1
0	0
0	0
6	0
0	162
425	0
0	41
623	0
451	0
12	0
390	221
0	242
147	221
555	0
249	3
171	0
126	0
563	0
433	0
197	0
101	0
355	0
17	0
250	0
84	0
306	0
157	0
417	0
27	0
0	0
27	0
143	0
161	0
0	0
122	0
242	0
40	0
0	0
12	0
118	0
154	0
76	0
2	0
116	0
28	0
138	0
123	0
140	162
42	41
25	1556
10	9
24	21
0	0
36	141
6	23
0	24
163	15
43	169
32	28
0	1
16	15
0	0
409	126
139	37
129	141
14	21
0	0
189	185
225	281
1201	401
116	122
26	8
0	15
46	0
98	0
549	0
247	0
133	0
91	0
196	0
10	0
88	0
0	0
54	0
103	0
120	3
178	9
543	0
0	0
0	22
0	74
0	74
0	422
0	69
0	19
0	3
0	49
0	70
0	0
0	0
0	0
0	0
0	0
0	0
0	3
0	0
0	0
0	0
0	3
0	0
0	0
0	0
0	0
0	0
0	0
0	0
0	3
0	3
10	0
0	0
0	11
0	0
0	0
0	0
0	0
0	0
0	0
0	0
0	0
0	0
0	0
0	0
0	0
0	0
0	0
0	0
0	0
0	111
0	111
0	86
0	107
0	0
0	2220
0	2220
0	0
0	0
0	0
0	0
0	2
0	0
0	0
0	0
0	0
0	0
10	145
0	6
0	6
0	2
0	0
0	0
0	0
0	0
0	0
1	33
0	0
0	0
0	0
0	0
0	0
0	0
0	0
0	0
0	0
0	0
0	0
0	0
0	0
0	0
0	0
0	28
0	45
0	48
0	22
0	19
0	45
0	37
0	0
0	8
0	0
0	0
0	0
0	0
0	0
0	0
0	0
0	0
0	0
0	0
0	8
0	0
0	0
0	0
0	0
0	0
0	0
0	0
0	0
0	0
0	0
0	0
0	0
0	0
0	0
0	0
0	0
12	0
0	0
0	0
0	0
0	24
0	10
0	24
0	0
0	0
0	0
0	0
0	0
0	0
14	0
0	0
0	0
10	771
15	717
8	497
0	346
0	211
0	568
0	11
0	25
0	25
0	0
0	25
0	0
0	81
0	72
0	0
0	28
0	81
0	80
26	428
0	69
0	56
0	76
0	0
0	0
0	0
0	5380
1598	11280
38	9
32	9
48	0
17487	0
1504	5376
0	11070
0	0
0	0
0	0
0	0
0	0
0	0
0	0
0	0
0	0
0	0
0	0
0	0
0	0
0	0
0	0
0	0
0	0
0	0
0	0
0	0
0	0
0	0
0	0
0	41
0	6
0	292
0	666
5	139
10	2849
2	2967
0	1858
0	318
0	1
177	1828
1760	0
0	6
35	12
47	12
0	0
0	10
0	10
0	1
0	6
0	283
0	569
0	666
0	120
0	223
0	318
0	1
16	1828
0	11
0	11
0	0
0	0
6	0
0	0
31	8
0	0
0	5
0	58
0	8
0	1
532	470
0	0
0	4
0	4
0	1
3	8
72	10
0	0
19	35
0	0
0	7
0	74
0	5
0	0
0	0
0	9
0	0
0	0
0	0
0	9
0	0
0	5
0	74
31	5
0	3
0	7
0	3
0	0
1	35
0	0
0	71
0	0
0	4
0	8
0	10
5	0
18	0
6	3
0	0
0	0
0	56
0	0
0	0
0	90
0	51
0	5
0	47
0	470
0	1
0	0
0	0
0	0
0	34
0	55
0	24
6	5
0	186
18	91
0	0
0	0
0	14
2	40
0	8
0	5
30	12
10	5
0	3
0	3
0	5
0	6
0	5
0	0
0	0
274	86
15	0
0	0
0	5
0	11
0	0
0	0
22	26
0	21
0	0
0	5
0	44
0	0
0	0
0	0
0	34
0	0
0	3
0	0
0	5
0	634
0	0
0	16
0	0
0	0
4	0
0	0
0	0
0	0
0	0
0	0
0	0
0	0
0	0
0	0
0	0
0	0
0	0
0	0
0	4
0	13
0	0
63	0
6	0
0	0
0	0
35	16
0	0
0	0
0	0
0	16
0	14
0	13
0	0
0	0
0	0
24	0
0	0
0	0
0	0
0	0
0	0
0	0
0	0
0	0
0	0
0	0
38	0
0	0
3	0
0	0
0	56
0	0
0	5
0	24
0	186
0	0
16	33
0	0
0	0
0	14
2	38
0	3
0	3
0	5
0	6
0	5
0	0
0	11
0	0
0	5
0	44
4	55
1	0
0	3
0	5
0	0
0	634
0	0
0	0
0	0
0	0
0	0
0	0
0	0
0	0
0	0
0	0
0	0
0	0
0	0
0	0
0	0
0	0
0	0
0	0
0	0
0	0
0	0
0	0
0	0
0	0
0	0
0	0
0	0
0	0
0	0
0	0
0	0
0	0
0	0
0	0
0	0
0	0
0	0
0	0
0	0
0	0
0	0
0	0
0	0
0	0
0	0
0	0
0	0
0	0
0	0
0	0
0	0
0	0
0	0
0	0
0	0
0	0
0	0
0	0
0	0
0	0
0	0
0	0
0	0
0	0
0	0
0	0
0	0
0	0
0	0
0	0
0	0
0	0
0	0
0	0
0	0
0	0
0	0
0	0
0	0
0	0
33927	230
37504	15790
123637	12681
44293	55
5650	27
31311	873
43325	107
8947	0
7593	0
61363	1
37086	0
13503	36
39663	1
0	7
0	7
0	0
0	0
0	0
0	0
0	0
0	0
3	1207
0	482
1728	1689
0	0
0	0
0	0
0	0
0	0
0	0
9	4
0	24
0	24
0	18
0	24
0	0
0	0
30	251
0	0
0	0
0	136
0	77
0	139
0	0
0	0
0	857
12	864
0	460
0	18
0	50
0	3171
0	112
13	2962
0	2465
0	208
0	3138
0	233
13	1636
36	3152
0	268
0	2518
5	4
0	153
0	44
0	0
0	118
8	56
0	230
0	697
0	529
0	486
0	0
0	10874
0	8233
0	0
0	18
0	0
0	0
79	0
0	0
0	0
0	0
0	0
0	0
0	0
0	0
15	86
0	0
0	0
0	0
0	0
0	0
0	0
0	0
0	0
0	0
0	0
0	5
0	157
0	157
0	5
0	2
0	158
0	0
0	0
0	5
0	2
0	2
0	2
0	0
0	68
5	0
0	0
12	65
6	49
16	54
5	54
0	138
27	2920
0	2713
0	1040
5	422
4	250
6	13
2	208
0	0
1	114
123	1006
0	0
0	0
0	225
0	401
0	1511
0	1513
3	27
67	2
0	178
3	0
0	50
0	0
0	0
0	0
0	32
0	32
0	0
0	0
860	10373
0	342
26	6395
2	6443
106	830
0	43
0	133
0	95
2	4867
0	61
0	148
45	545
2	303
9	479
23	414
37	0
4	99
0	484
0	20
0	1162
0	72
0	0
0	0
0	0
0	0
0	0
37	1039
0	0
0	0
19	10
0	1
4	506
8	312
0	157
0	286
0	0
0	0
0	0
0	0
0	0
0	0
0	0
0	0
0	0
0	0
0	804
0	931
0	804
0	17
0	0
0	0
0	3
0	3
0	3
0	3
0	0
0	0
0	0
0	0
0	993
2	16
179	1885
0	3
0	35
0	1302
0	2040
0	0
0	0
0	0
0	0
0	0
0	578
0	0
0	0
0	0
0	0
56	0
0	36
0	24
0	6
0	6
21	10
0	0
30	15
0	71
0	0
0	0
0	0
0	197
0	0
0	0
0	0
7521	3679
55	4
0	357
0	949
296	938
266	2446
0	428
0	11
0	11
0	0
30	0
0	0
0	291
0	34
135	102
0	13
0	9
0	66
0	745
0	117
0	0
92	62
45	941
21	1251
40	1251
9	0
6	207
3	50
107	338
1	338
0	51
0	51
9	5
32	130
5	65
14	2
1	2
0	0
0	207
25	948
0	31
5	772
0	90
15	378
13	960
28	1218
47	1218
0	90
0	272
0	81
12	10
3	55
0	45
0	7488
0	6200
0	6219
0	6210
0	0
0	0
0	0
0	0
0	0
0	0
0	0
0	0
0	0
0	2975
0	3433
0	5693
0	6814
0	6810
0	6121
0	6304
0	6824
0	3532
0	3029
0	2713
0	1819
0	0
0	0
0	0
0	0
0	0
0	0
0	1819
0	1888
0	544
0	467
0	302
0	281
3	183
0	81
8	114
0	5
0	0
0	1486
0	1670
0	0
0	0
0	0
0	0
0	0
0	0
0	0
0	0
0	0
9	229
0	9
31	30
169	151
0	41
108	122
0	311
15	264
0	67
0	156
10	90
1	83
2	44
0	457
0	21
0	25
0	62
0	297
0	2
0	75
0	247
4	0
0	61
0	0
1	132
0	125
0	137
4	48
2	6
0	0
1	1
0	0
0	0
0	0
0	1
0	0
0	0
0	0
0	0
0	0
0	0
0	0
0	0
0	0
0	0
0	0
16	5935
3	5788
7	5931
0	5347
23	5753
7	5726
0	5777
0	4833
8	276
1325	5883
6	5298
4	1580
0	121
32	241
0	2743
12	411
9	47
13	12
5	160
3	74
68	806
11	850
0	31
0	1
0	56
15	157
0	37
0	49
0	60
2	49
1	161
15	161
0	0
0	8
0	8
36	74
14	46
5	185
0	10
6	6971
7	6987
30	8000
0	54
15	2124
0	281
36	206
0	246
3	2948
30	644
8	428
0	134
77	34
123	250
130	374
5	1534
20	271
39	782
0	483
22	483
0	453
18	249
30	630
19	274
0	87
0	7983
0	0
0	0
0	0
0	0
0	0
57	1236
211	3286
2	373
0	49
1	174
11	93
19	1926
20	40
104	84
20	0
11	112
0	79
34	36
0	4532
2114	5473
0	4573
8	2949
0	4498
0	4543
0	4081
0	3909
198	128
1	0
0	0
5	0
17	1750
173	743
5	977
0	173
3	97
0	271
0	363
0	186
95	172
0	543
0	1635
0	0
0	0
0	0
0	0
0	0
0	0
24	2900
0	899
0	676
23	26
1	216
0	149
0	99
0	0
0	0
0	0
0	0
0	21
0	21
0	0
0	0
0	0
0	0
0	0
0	184
0	183
0	56
0	83
0	16
0	0
0	0
0	0
0	0
0	0
0	0
0	2025
0	2025
0	1428
35	1173
0	410
2	374
0	489
118	2025
0	333
0	2019
0	318
0	409
0	86
0	80
161	1949
0	407
0	1844
9	219
0	1830
0	103
0	103
28	25
0	100
0	98
0	99
11	4
0	4
0	103
0	18481
5	21812
0	41247
15	51020
81	9701
22	19707
19	14989
5	12395
0	980
85	56
90	1734
0	0
0	0
0	0
0	0
0	0
0	0
0	0
0	0
0	0
0	0
441	1609
9	1041
0	483
2	1074
1	1213
4	1208
3	1144
7	578
23	621
25	749
0	416
0	386
0	249
15	233
0	176
0	263
2	113
148	0
5	167
126	119
7	1201
30	872
0	832
1	759
0	924
25	937
0	0
15	37
10	0
0	76
0	15
0	3
49	398
7	393
1	74
2	24
0	74
3	46
0	57
9	328
0	32
0	1073
0	1163
0	1301
1	0
0	11
0	1155
0	138
0	152
0	131
0	7
4	26
0	0
0	0
0	0
0	0
0	0
0	0
0	0
0	0
0	0
0	0
0	31
0	0
0	17
14	6
0	0
0	48
0	0
0	0
4	0
0	0
0	0
17	1865
0	1751
32	1974
0	1835
36	102
0	0
0	7
0	0
1	1094
37	1003
0	889
0	1127
0	287
0	730
0	179
0	441
0	149
0	111
0	10
0	154
0	303
0	277
0	173
0	77
0	199
16	0
0	1082
10	1636
2	971
101	49174
222	48569
0	13381
1	635
437	700
0	16422
367	179
702	238
0	16484
20	151
0	91
0	195
310	48
129	1850
92	1191
0	7696
0	7261
7	7266
375	1468
0	508
0	0
0	0
0	0
0	0
0	0
0	0
0	0
0	0
0	0
0	0
25	4925
618	4284
1	1121
3	1195
4	545
5	497
9	388
0	392
144	324
0	29
0	1
28	2
1862	1550
8	1326
26	1544
5	1501
3	679
7	252
1	74
0	58
48	111
0	111
29	140
3	2
0	88
0	88
113	164
27	15
0	15
0	4
0	4
0	0
985	1064
18	95
2	10
6	198
76	359
19	412
130	576
218	469
4	226
192	574
45	645
0	3411
5	3642
237	250
58	2910
5	200
114	413
17	497
0	147
1	118
0	245
19	2
0	1006
0	676
25	817
11	157
0	498
0	731
0	21
0	500
0	729
10	499
0	248
0	19
0	1250
0	0
0	16
0	1001
3	130
159	442
30	0
5	34
0	63
34	63
0	62
31	11
4	233
22	2
0	10
25	43
0	58
0	17
0	47
3	0
23	1826
0	70
0	84
0	0
0	28
0	81
190	422
0	989
0	68
0	169
0	85
0	875
3	37
0	685
0	1313
8	0
16	33
6	76
1	85
0	1618
42	2844
0	2892
0	2784
25	2285
43	652
7	184
0	129
0	123
0	117
276	75
4	75
0	136
8	64
0	39
0	34
0	0
0	93
0	20
0	41
0	91
0	24
0	0
261	1335
8	245
0	1299
11	249
0	117
8	408
0	101
0	146
10	21
17	46
1	37
0	671
0	677
2	40
0	27
1	60
0	56
0	52
0	13
0	26
585	2880
9	8752
4	5681
24	5466
6	818
36	265
0	268
29	7822
66	246
109	480
0	1567
41	1160
100	1546
0	0
0	0
0	470
0	470
10	546
6	416
0	0
0	331
0	405
0	336
0	263
0	241
0	199
0	745
0	0
0	0
0	916
54	4132
42	4099
4	148
2	107
0	219
0	67
0	39
0	41
4	14
0	347
0	37
78	200
18	141
0	253
0	1
28	303
0	0
0	0
0	0
0	0
0	0
0	0
0	0
0	0
13	157
5	421
0	419
67	179
14	144
45	6
0	421
5	3
5	7
0	7
10	1
3	240
1	42
7	315
3	0
0	216
0	170
3	230
0	194
0	61
0	28
0	25
0	55
0	0
0	0
0	272
19	272
0	0
0	276
43	192
0	0
0	0
0	0
0	0
0	0
0	0
0	0
0	0
0	34
0	25
0	25
0	25
0	35
22	236
0	25
0	25
0	25
4	12
0	26
0	16
0	8
0	2
0	2
19	1
0	2
0	3
5	1
0	1
0	4
0	0
0	0
0	0
0	0
0	0
0	26
3349	706
77	633
80	27
2	0
15	88
9	0
0	0
0	0
0	0
0	0
0	0
24	26
0	28
0	30
7	31
0	27
0	37
0	51
10	62
4	31
0	0
0	23
0	0
0	11
0	0
26	1217
0	458
4	196
0	19
0	19
0	57
3	50
0	26
34	11
0	1185
20	2181
0	11
0	1256
32	588
106	622
0	83
0	22
0	36
0	126
5	0
0	14
5	12
8	0
0	136
7	103
23	0
2	2782
0	2395
66	396
7	444
99	410
26	299
4	170
0	1946
0	299
5	212
12	234
5	60
328	43
0	14
0	41
7	35
0	23
0	0
0	102
10	95
0	4
4	7
1826	66
1	53469
111	34880
0	19551
47	21675
34	59
40	10
0	0
3	130
34	47466
0	26
0	18
0	26
0	4
0	26
0	26
0	8
0	15
0	23
7	76
0	7
0	22
0	15
0	0
0	41
0	1
0	0
0	1
0	0
36	1198
0	1173
137	680
0	998
62	1052
55	1188
0	1233
46	491
9	11
15	1192
14	1184
10	8
1	24
0	3
22	15
0	12
0	10
680	577
0	262
0	262
0	223
7	4
0	39
0	1805
0	2178
1	2180
0	2236
0	369
0	112
0	184
0	102
0	37
0	0
0	0
0	0
0	0
0	0
0	0
0	0
0	0
0	0
0	0
0	0
0	0
0	0
0	0
0	0
0	0
0	0
0	0
0	0
0	0
0	0
0	0
0	0
0	0
0	0
0	0
0	0
9	216
0	0
0	0
0	0
0	0
7	201
0	0
0	0
0	37
0	11
0	0
0	0
0	0
0	0
0	0
0	0
0	6
0	6
0	17
1	17
0	13
4	1
65	1496
9	630
0	1074
0	740
4	825
0	622
0	344
0	544
42	207
9	1483
0	1496
0	2425
0	1144
0	913
6	378
7	127
0	382
4	301
92	32
0	227
0	267
25	399
21	10
0	241
1	354
9	383
5	259
47	218
0	237
3	91
0	58
0	173
3	149
63	1199
0	99
0	78
0	185
20	45
0	2213
0	2022
0	21
0	172
0	344
0	101
0	61
4	84
0	179
111	432
0	1
0	8
22	295
4	117
0	215
10	99
0	223
0	313
21	319
259	29
0	24
4	7
385	146
0	94
0	60
0	21
0	78
0	0
0	0
2102	1027
5	62
0	140
0	0
0	265
2	430
0	52
14	87
0	12
0	382
0	994
0	1564
0	1355
0	1019
0	996
0	1058
20	638
1281	953
0	20
0	25
1	418
1	33
0	977
0	539
0	545
0	539
0	598
16	58
21	55
4	208
3	184
0	177
0	318
0	354
0	294
0	90
0	99
0	335
0	311
0	65
0	79
0	84
0	274
0	17
384	17
0	0
0	0
0	0
0	0
0	0
0	0
0	12
0	11
0	249
262	237
0	48
0	144
0	136
79	179
0	162
4	278
0	0
0	0
0	0
0	1617
0	1253
5	1175
0	757
0	103
0	199
0	87
0	148
0	10
16	40
0	356
0	134
0	0
3	128
0	29
0	0
0	0
0	0
0	0
0	0
3	217
9	18
5	63
0	370
0	0
0	7
7	190
7	80
0	375
0	13
0	340
0	5
0	286
0	16
0	129
0	86
25	52
8	85
14	0
2	37
0	55
48	187
926	1783
8	398
5	416
0	480
0	92
0	83
0	53
2	628
0	129
0	528
0	51
0	51
0	0
0	0
0	0
357	688
0	362
4	672
5	115
0	453
0	462
0	427
0	405
0	93
9	2
7	219
6	41
27	11
1412	2833
13	714
0	269
0	404
4	2026
4	417
0	2236
0	579
0	8
49	1513
0	0
0	0
4987	1859
0	1605
17	0
0	0
0	0
0	0
0	0
0	0
0	0
0	15
0	0
0	0
0	0
0	295
0	17
0	295
0	23
3201	2981
10	1850
0	1131
0	0
0	0
0	0
0	0
0	0
1	311
0	47
0	153
0	0
0	9
1	0
0	0
0	0
0	311
0	0
0	0
2	8
20	0
171	1323
0	70
0	0
0	0
0	0
15	2794
0	2743
0	2743
1	2706
51	11
16	24
0	76
0	203
0	128
4	96
0	61
0	120
0	0
0	130
0	154
0	128
0	86
0	138
0	69
1	74
0	50
0	0
0	0
0	0
0	7
0	5
0	12
0	0
0	0
0	0
0	7
0	0
0	7
13	123
0	118
9	91
8	0
0	122
4	7
0	48
0	23
0	22
11	0
0	0
0	0
0	0
0	1646
0	49
0	1386
0	61
0	81
0	190
0	241
3	1641
16	240
0	86
0	167
0	92
5	811
32	597
0	1646
0	7
3	10
141	338
0	50
0	133
0	4
0	187
0	0
0	0
0	0
0	40
0	46
0	0
0	0
0	0
0	1
0	1
0	81
0	503
7	17
0	371
0	127
0	0
0	59
6	28
0	39
0	39
0	82
0	39
0	23
27	27
0	0
0	39
0	39
0	6151
0	2676
0	6146
0	1855
0	0
0	2681
0	2186
0	791
15	2073
0	701
29	2788
0	3560
0	29
0	1054
9	5492
0	2682
593	0
17	44
2	56
0	0
0	7
0	12
0	0
11	0
0	18
0	18
0	18
0	18
0	18
0	0
0	0
0	0
0	0
0	0
0	0
0	0
771	481
7	59
0	1
0	286
0	46
0	72
0	31
0	131
0	254
0	72
0	158
4	24
20	31
0	0
0	12
0	8
0	22
0	22
0	16
0	12
0	12
0	9
0	12
0	9
0	0
0	0
0	4
0	0
0	0
135	1779
0	1147
0	70
0	54
0	8
0	276
0	475
5	171
0	71
0	303
0	91
0	82
0	56
2	73
8	71
0	61
0	218
0	267
0	221
0	2710
0	910
0	1383
0	645
0	627
0	225
0	228
0	228
0	108
0	103
0	57
353	288
1	46
2	35
0	49
0	269
0	70
29	358
0	198
0	49
0	32
9	219
0	0
0	56
0	5
0	100
0	0
0	105
0	84
14	123
0	5
0	41
3	20
10	0
0	6
0	1
18	1
0	107
0	106
5	124
10	13
13	113
0	0
0	67
0	123
0	10
0	0
0	47
56	111
11	5
0	440
0	117
12	479
28	66
1	0
0	130
0	10
0	34
0	0
0	45
0	290
0	281
6	7
0	7
0	5
4	34
5	31
0	8
0	2614
0	1237
0	1642
0	1316
7	200
72	1055
0	38
0	1228
0	1233
0	1
0	521
0	24
0	600
0	534
2	540
0	551
10	520
6	272
7	61
0	44
7	82
0	0
33	70
19	257
0	253
0	34
0	0
12	0
0	0
0	0
0	0
1513	1403
3	481
18	1129
7	298
0	0
0	0
20	5
0	5
0	0
143	67
0	67
826	531
0	528
810	1930
10	583
6	287
0	36
0	136
0	240
0	240
136	535
0	636
10	203
0	52
1	114
6	60
0	125
286	14
4	14
10	413
0	1228
21	477
19	237
1	185
0	224
7	202
0	132
0	141
0	200
0	265
0	149
0	88
68	105
16	13
181	852
221	137
4	136
20	137
14	130
29	906
0	328
0	314
0	314
0	268
0	358
66	729
0	62
0	108
5	59
0	152
0	50
0	57
0	41
0	25
9	109
0	32
0	9
0	1
0	13
0	114
112	49
2	31
0	1032
0	569
0	559
20	1124
5	1449
61	988
0	1360
0	537
0	201
0	132
0	93
3	97
0	417
0	35
13	31
0	235
0	266
0	61
21	21
17	21
0	69
3	65
0	66
0	65
0	61
8	156
24	226
1	1435
0	332
0	7
0	19
0	27
128	99
58	0
0	0
0	123
9	41
17	1
0	1
0	129
0	129
0	116
0	17
238	149
0	11
0	20
0	20
0	0
0	0
0	7
0	0
75	679
0	34
0	105
0	404
46	372
0	92
0	318
0	32
503	747
0	734
0	33
11	485
0	4
0	506
0	10
16	44
0	462
0	13
12	35
0	85
0	18
0	18
0	93
0	18
0	0
90	343
0	170
0	279
18	0
0	267
5	46
0	215
0	47
1	156
6	3
0	13
0	3
0	0
0	0
0	0
0	317
0	316
2240	0
0	1059
10	1074
0	267
0	126
0	241
0	214
0	1065
0	0
2	104
0	0
24	0
24	0
4	198
6	1857
0	1741
1	1845
0	1741
2	348
0	1733
28	81
0	331
3	1585
15	2
0	1120
51	163
53	109
4	722
0	146
1	150
0	87
67	2
0	239
9	4
0	24
0	108
0	205
4	110
0	176
0	61
0	125
0	96
0	89
0	44
0	97
2	82
2	34
0	42
0	0
0	0
0	0
0	230
0	155
0	32
5	230
0	0
0	0
0	0
0	0
0	0
0	0
0	0
0	4
0	4
0	4
0	0
0	0
0	0
0	0
0	0
0	0
0	0
0	0
2	3059
0	4849
0	4424
0	4831
0	4978
0	4740
51	4839
0	2792
0	4555
0	54
44	1880
7	1983
450	2021
137	968
0	479
0	300
0	291
0	244
0	199
27	82
0	27
0	612
13	452
6	664
32	688
0	449
76	167
9	182
11	147
0	4424
0	42664
0	37544
0	78937
0	66377
0	61706
0	49809
0	48809
0	389
0	2610
0	7564
0	2071
0	3614
3	3819
0	108
0	136
0	2601
0	7597
112	2481
0	117
1	4011
0	37
0	34
5	274
5	471
0	1568
15	416
41	122
0	4008
0	13
0	734
0	734
0	444
0	668
0	770
0	6
0	734
0	10
0	31
0	46
0	210
0	203
0	232
211	207
0	194
0	28
17	13
0	2344
0	2225
0	2152
0	1137
0	6
0	61
0	964
36	23
0	66
136	659
24	79
16	264
15	62
0	232
0	220
5	75
0	262
0	2268
0	49
0	0
0	0
0	0
692	24
0	134
0	617
2140	1063
0	73
0	542
0	144
0	151
9	22
0	80
0	73
0	528
0	201
0	136
9	5144
68	335
0	1395
67	1012
178	125
0	0
3530	10806
211	9932
11	2916
18	7933
32	8390
158	776
210	7237
147	462
186	182
35	597
4	0
7	422
0	245
51	6
0	37
19	37
0	1874
0	168
25	2621
0	2449
0	2433
0	153
76	1755
0	1909
10	2484
38	312
0	6894
0	1579
50	0
9	461
0	166
21	655
21	2496
0	4689
0	6247
37	1835
255	450
0	1511
0	0
0	0
17	36
3	0
0	12
0	13
0	20
0	0
1	0
0	0
0	1
0	348
5	39
0	67
0	119
0	327
4	190
1	250
1	89
0	59
9	261
0	295
0	4
0	161
0	33
0	338
0	100
0	47
0	33
0	33
0	33
0	39
0	33
0	5
0	0
0	0
0	100
28	131
77	1642
28	1638
31	87
9	194
9	127
42	86
0	511
0	144
9	5
3	1118
12	32
11	98
0	804
0	11
3	152
0	208
0	444
0	1258
0	347
0	104
213	1227
12	272
6	22
0	1020
0	90
1	46
0	126
66	847
0	105
0	34
2	108
4	40
0	108
20	51
0	123
2484	641
27	200
5	64
0	67
0	0
108	569
0	453
0	75
0	137
0	104
33	1372
13	472
25	1347
0	1237
0	128
0	73
10	0
29	663
0	80
1	1207
22	3296
19	3229
0	3459
0	3192
0	3192
0	135
0	0
0	282
0	23
7	271
0	23
25	116
0	0
4	44
0	0
0	4
0	50
0	4
0	0
0	212
0	0
0	0
0	0
4	794
21	707
31	348
0	280
0	156
0	112
0	108
31	159
40	79
2	67
0	625
0	1326
0	1251
0	1139
0	1357
6	484
0	17
0	150
0	56
5	288
6	37
0	30
0	651
0	840
0	807
0	809
1	153
0	121
0	136
0	153
0	15
0	23
0	23
0	23
1	1
0	0
0	0
0	0
140	1915
24	1581
3	21
0	72
0	143
0	2
0	10
0	264
0	31
0	8
0	126
9	28
0	93
0	377
0	108
0	10
0	42
2	35
0	20
0	65
4	67
0	12
0	1480
10	1445
0	0
0	0
0	0
4	0
0	0
0	0
0	0
0	0
0	222
37	222
0	90
1	33
0	958
0	689
48	1015
3	37
0	0
0	0
394	1180
1	90
0	222
0	229
0	158
0	228
9	43
0	177
12	347
0	85
5	116
0	306
0	176
276	137
0	113
5	847
12	0
3	823
31	152
0	15
1	94
0	149
0	0
0	33
0	161
0	57
0	12
3	28
0	6
14	6
0	19
0	19
0	19
0	19
0	19
0	19
14	30
0	43
34	308
5	425
38	276
52	99
0	47
0	150
61	425
0	0
0	0
7	12
26	1103
0	480
0	1114
0	1133
5	468
1	517
0	180
0	36
0	45
0	0
0	0
6	0
0	0
0	0
7	132
0	0
0	0
0	107
0	103
0	98
0	103
0	102
0	103
0	18
0	18
0	36
0	0
0	22
0	0
0	18
0	18
0	23
0	2
0	12
0	45
0	97
0	102
0	103
0	16
13	0
0	162
0	230
1	167
0	206
0	171
0	91
0	2158
0	1397
0	298
22	331
17	2179
0	1871
0	340
0	507
0	184
4	1395
0	0
0	0
0	0
0	0
0	1407
0	659
0	1306
3	906
0	102
4	41
0	18
1	0
1	57
0	652
6	283
0	288
0	24
3	29
0	32
13	25
0	108
26	51
20	1374
0	1566
3	1091
0	39
6	212
0	571
0	134
3	184
153	2352
0	2286
9	2279
0	2192
1	2429
7	2066
7	1052
0	286
49	460
0	361
0	44
0	94
1	218
3	117
3	330
0	161
0	66
0	115
0	43
0	36
5	38
0	0
0	2104
17	976
0	976
0	58
0	59
3	14
1	67
0	53
0	14
0	0
0	0
61	0
0	0
0	18
0	18
0	18
0	16
0	4
0	0
0	0
0	0
0	0
0	0
0	0
0	0
0	0
0	0
0	0
0	0
0	0
0	0
0	0
0	0
0	18
368	267
0	127
0	77
0	39
0	130
0	88
3	100
12	0
0	26
3	0
0	0
0	2
0	0
0	0
0	0
0	2
0	0
0	0
0	2
0	0
0	338
5	180
11	872
0	171
0	138
0	217
14	1002
18	261
0	39
8	346
0	57
3	408
8	51
0	95
0	128
0	46
11	0
0	0
0	0
289	1371
7	1234
1	371
10	211
1	99
20	213
9	166
7	88
3	51
0	45
0	49
0	34
319	1194
0	1151
17	96
0	353
0	485
0	361
0	115
6	44
10	107
7	10
0	0
0	0
0	294
0	106
11	53
1200	383
126	752
0	191
0	45
0	74
0	139
590	1186
12	725
0	44
2	104
4	20
3	14
0	150
0	91
0	88
0	91
0	0
0	0
0	565
0	0
0	0
0	0
6	19
0	21
0	21
0	13
0	5
0	0
0	21
0	0
17	182
121	230
19	140
123	27
0	494
94	503
5	52
15	163
0	189
0	56
11	19
0	18
0	0
0	502
0	125
0	49
0	49
0	49
0	18
1	1320
12	246
2	851
46	105
0	1192
0	353
109	91
5	100
3	527
382	1056
60	131
4	6487
0	6473
0	1273
1	5970
0	6032
0	197
6	8
189	149
1	1927
38	2149
8	890
76	261
0	124
0	1648
7	547
0	1699
0	1780
0	1696
0	1677
0	1044
0	576
6	486
0	58
0	42
0	135
1	11
0	99
168	297
0	191
0	326
0	29
0	117
0	107
7	178
9	176
5	0
3	0
4	0
0	0
10	0
0	0
0	698
44	18
251	4749
0	2625
99	4657
8	47
0	435
0	453
0	453
0	8
0	429
0	429
0	435
172	249
0	146
6	0
0	103
0	103
17	121
0	2
0	9
0	3
14	20
0	2
122	147
38	23
0	797
1	4
0	0
138	27
0	27
2	12
13175	4752
44	4651
94	89
0	465
78	0
0	0
0	0
0	0
0	0
0	0
0	0
0	0
0	0
0	0
0	0
0	76
0	38
0	49
0	75
0	52
0	22
0	33
0	15
0	31
0	0
21	0
0	13
0	0
0	0
0	2
0	22
0	2
0	2
0	2
0	2
0	2
0	10
0	13
0	0
0	0
0	22
0	22
0	22
0	22
0	22
746	5505
0	429
13	2946
0	2978
49	54
61	695
7	467
0	565
0	49
0	430
0	502
47	63
13	148
0	16
0	86
0	0
0	43
0	28
0	0
0	140
0	14
0	25
0	37
0	4
0	87
0	25
0	136
3	78
0	72
0	69
0	39
1	39
0	35
0	35
0	84
0	45
0	28
0	25
0	18
0	39
0	35
0	18
0	25
0	39
0	25
0	4
0	37
0	4
0	27
0	21
0	15
0	26
0	0
0	9
0	0
0	0
0	0
0	31
27	952
30	882
0	6
0	367
5	0
2	723
0	14
1	32
0	0
0	0
0	0
0	0
0	0
0	0
0	0
0	0
0	0
0	0
0	0
0	0
0	0
0	0
3	249
0	60
8	254
0	35
0	27
12	146
0	22
0	20
0	7
0	31
6	48
2	60
0	11
0	5
0	33
0	48
0	33
0	30
0	0
0	0
4	0
0	0
0	0
0	0
565	39
0	1
7	267
0	267
0	0
10	1884
0	211
8	373
5	1738
42	1738
1	491
0	330
5	323
0	400
0	554
94	135
30	0
0	158
10	147
0	40
0	45
0	15
0	17
0	1
0	1
0	1
0	1
0	8
0	7
0	7
0	7
0	0
0	7
0	7
0	7
0	7
0	7
0	1
0	0
0	0
0	17
0	12
0	0
0	0
6	114
0	114
0	0
0	0
0	0
0	0
0	0
0	0
0	0
0	15
0	2
0	12
0	15
0	5
0	0
0	195
0	198
0	195
0	198
147	640
0	301
62	816
370	827
0	0
0	0
0	0
0	0
0	0
0	0
928	152
16	180
13	152
0	531
0	290
8	279
20	114
634	1604
11	31
26	152
3	215
0	74
0	312
18	408
0	18
0	288
5	451
0	265
0	431
0	13
0	27
0	12
0	13
0	10
0	10
6	5
0	12
0	2
0	26
0	45
0	22
0	204
0	29
106	164
0	164
0	66
0	289
0	0
0	0
0	11
0	25
0	96
0	107
4	37
6	2828
0	3175
6	2809
0	2867
10	107
6	303
6	547
0	203
0	120
0	2867
0	1839
0	938
0	0
0	0
130	80
0	80
0	194
0	190
0	54
0	19
4225	3102
0	218
0	0
0	0
14	0
80	192
38	192
0	0
238	1729
30	159
24	1305
0	901
132	864
63	265
0	929
36	864
0	896
0	172
49	164
2	866
5	869
17	139
0	139
0	3
0	685
0	152
0	711
0	642
0	73
0	362
6	26
0	335
0	18
0	13
17	123
0	112
0	107
16	109
4	13
14	161
0	0
0	8
0	8
0	8
0	0
0	8
0	0
0	8
0	9141
0	0
0	0
0	0
0	0
0	0
0	0
0	0
164	1669
1	29
0	94
5	151
0	3
0	11
0	60
0	20
0	1
0	0
0	0
0	0
0	2397
0	2172
0	404
0	438
1	337
0	931
0	182
3	206
0	1112
0	1047
1	568
12	81
8	29
0	16
0	17
0	45
0	45
0	0
0	54
0	12
0	54
0	0
0	2
0	2
0	0
0	0
0	0
0	0
0	0
0	0
0	0
16	461
0	1088
0	1362
3	1743
19	636
299	1828
83	1388
0	1013
4	314
99	800
0	0
0	125
0	68
0	68
0	68
11	68
0	68
0	125
0	0
0	0
0	0
0	6
0	0
0	0
0	0
0	0
0	0
141	249
16	240
35	275
0	35
0	144
0	0
0	0
0	0
57	36
0	23
0	0
0	13
0	0
9	574
0	410
0	227
0	235
12	90
9	112
0	4
0	2
0	83
0	2
0	84
0	83
0	84
0	0
0	76
0	596
1	174
0	165
0	10
0	42
0	359
0	275
0	181
0	105
0	138
0	580
0	571
2	0
0	0
0	0
0	0
0	0
0	0
0	0
0	4
0	4
0	0
0	0
0	4
0	4
0	4
2	0
125	3118
0	1811
0	0
4	3086
0	0
0	0
0	0
0	8
0	8
12	67
0	47
0	39
0	18
0	6
0	10
0	15
2	0
0	0
0	13
1	2422
16	1100
5	52
0	196
7	46
0	2344
0	158
10	785
0	708
0	108
0	75
0	627
0	237
0	239
0	34
0	293
1	19
0	36
5	140
9	84
147	4134
870	1431
27	2044
46	1330
1	689
6	111
0	289
37	35
76	2597
36	51
74	1887
0	0
0	0
0	7
0	0
37	9
0	9
0	14
58	109
35	5
0	167
34	449
0	709
2	85
0	565
0	535
0	8
0	29
0	65
35	216
10	61
4	194
0	709
0	454
146	95
20	38
14	38
0	5
0	5
0	0
0	41
0	20
0	15
0	4
0	5
0	0
2	0
0	57
0	74
0	150
10	804
4	343
0	27
0	73
0	72
2	715
49	916
92	411
4	25
26	151
0	1538
0	125
0	67
0	0
4	0
0	81
1	83
0	21
0	1
0	0
0	13
0	0
0	127
59	107
0	10
1	101
18	0
0	47
0	9419
1000	5462
0	5221
0	18
0	18
0	756
0	756
0	26
0	0
258	4189
0	885
0	317
1	1037
0	130
0	1446
0	193
151	2819
24	1208
0	243
0	2530
39	280
22	449
7	118
3	885
230	774
0	74
0	238
0	641
2	437
10	562
0	22
85	30
0	634
0	638
33	0
317	4777
4	4627
19	2814
0	4777
1699	7226
27	5879
57	1600
479	4935
54	462
10	19
20	19
0	19
8	1
4	39
0	18
0	418
0	12
12	75
0	48
1	367
0	166
23	234
0	225
0	76
14	15
0	109
0	89
13	48
0	379
0	379
0	379
0	379
0	88
0	11
0	0
2	4585
8	4481
0	745
0	452
0	0
136	221
5	154
0	8
4	113
5	0
0	33
6	28
0	33
0	26
43	3
0	3
0	14
0	0
0	0
0	0
90	35
0	0
59	2
0	200
0	447
0	396
0	103
0	103
0	0
0	0
0	0
0	49
388	230045
4	25575
0	259249
349	198012
24	228136
57	71047
108	80407
14	49208
4	27170
25	196291
0	215809
0	0
101	284
113	31
8	2
1017	44
219	55
0	16
600	0
0	22
23	2
3	15
0	23
0	23
0	23
0	1038
0	271
0	0
0	1010
1	1006
0	988
0	1880
0	161
12	460
0	14
6	188
0	233
0	47
0	138
7	53
0	225
0	101
0	50
0	63
0	117
0	35
0	39
0	34
0	95
0	35
0	28
0	14
0	39
0	45
0	63
0	42
0	43
0	14
0	35
0	25
0	33
0	33
0	36
0	36
0	9
0	9
0	9
0	3
0	0
0	0
0	0
0	0
0	3
0	5
0	186
0	247
5	226
0	14
0	91
3	88
20	410
0	44
0	30
0	0
0	76
0	76
0	55
3	102
0	157
0	179
0	151
0	32
0	54
17	0
19	88
197	237
21	243
0	28
0	105
0	152
0	152
0	9
295	717
16	505
0	212
17	6151
94	2914
0	2998
43	6151
0	2730
95	1563
125	1373
0	832
10	1115
15	9
10	301
0	5
0	423
0	415
16	63
0	66
0	48
3	12
0	0
0	0
0	61
0	205
0	197
0	289
0	345
0	261
0	226
1	166
0	94
3	161
0	194
6	44
0	122
1	142
37	25
28	23
8	0
2	504
77	3374
6775	3393
8	24
0	516
31	517
7	34
0	284
14	21
521	1196
0	40
0	30
0	65
2	43
0	10
133	1653
62	859
2	723
21	518
0	609
27	4539
4	55
246	1835
4900	4562
71	72
5	4597
0	1708
0	1747
7	5522
967	6382
13	3852
0	3248
4	4717
9	271
149	355
1	140
0	176
303	55
35	82
11	165
0	96
6	2330
249	0
1891	1769
0	32
8	0
0	37
0	48
0	0
8	60
10	172
11	131
0	597
4	597
0	57
0	20
0	12
0	12
0	7
6	12
0	26
0	12
0	0
0	3
0	13
0	30
0	14
0	0
0	2
8	215
0	241
5	313
0	241
10	76
0	45
8	19
0	0
0	0
0	0
0	489
124	505
0	326
0	504
86	444
17	205
0	198
0	23
0	116
0	89
33	62
80	335
0	300
0	57
0	77
0	65
0	0
0	0
0	2234
27	2237
34	1113
7	306
45	301
10	277
27	471
10	277
9	388
0	424
3	445
0	179
0	482
0	482
79	1178
13	1180
15	17
0	4
4	107
186	62
2	0
9	416
0	159
0	97
0	28
24	62
0	43
0	37
0	43
0	0
0	11
0	43
0	0
86	2469
0	627
5	28
0	71
1	5
239	370
37	2098
0	27
0	2
0	19
0	0
0	0
0	2
0	0
0	10
0	7
0	0
0	10
0	17
0	17
0	7
0	0
15	520
0	0
0	0
0	10
0	9148
0	509
0	9094
0	22
2	192
120	124
61	114
13	385
0	4
0	40
0	472
0	961
0	363
0	263
0	999
0	453
2	870
0	882
6	222
1119	707
52	323
4	374
270	21
153	49
541	34
3	34
0	728
35	4335
89	4417
400	266
0	54
0	247
0	240
0	28
2	56
1	56
11	29
0	12
548	268
0	268
0	0
0	406
0	3
0	3
0	0
0	0
0	0
0	17
0	17
0	0
0	0
6	172
16	1434
11	1264
0	106
219	8814
1	8777
0	3255
0	451
0	4420
13	3475
4	6613
0	1190
0	878
133	119
4	66
497	0
1004	0
0	3331
0	3705
0	8281
0	10871
0	37
0	37
0	32
0	20
0	20
0	0
4	10
0	10
0	0
0	5
0	0
0	0
0	0
0	0
0	0
0	0
0	0
0	5
0	32
0	0
0	0
0	0
0	0
0	0
0	0
0	485
0	0
0	0
141	2311
14	458
5	8
0	0
0	153
322	1872
0	0
0	141
5	951
6	1881
0	120
0	252
0	188
7	64
0	28
26	190
15	0
9	133
0	23
42	1103
15	791
29	181
3	781
0	167
0	50
0	501
2	421
0	365
0	484
10	283
18	901
1	503
0	104
1	0
0	207
0	182
0	478
0	64
0	70
0	0
0	0
0	0
0	0
0	0
0	0
0	0
0	0
0	0
0	0
0	0
0	0
0	0
0	0
0	17
0	33
10	0
0	108
0	8
84	242
2	67
0	56
3	108
0	6
0	6
3	0
0	0
0	0
0	13
0	13
8	327
14	214
0	13
12	635
0	635
2	420
0	31
0	85
12	137
0	635
590	614
4	587
0	50
0	75
14	9
0	29
3	45
0	38
0	30
0	14
0	18
17	2
0	497
0	375
0	518
0	467
12	362
0	434
1	388
7	248
5	40
0	214
2	152
0	223
0	1
2	159
0	74
0	68
0	29
0	72
0	58
0	122
3	478
0	460
1	266
0	396
0	764
0	853
0	900
0	80
0	70
0	280
0	196
0	437
0	205
19	17
13	73
0	740
0	19
0	14
0	0
0	7
0	18
0	7
0	0
0	0
0	0
0	14
0	0
0	0
0	19
6	9190
0	1953
13	847
0	1946
0	551
3	296
129	93
27	8524
0	7387
5	42
0	36
8	82
0	32
0	0
0	25
0	15
0	0
2	159
0	0
0	638
0	119
0	51
0	27
0	51
0	30
0	0
0	30
1	21
0	16
0	704
0	684
0	5
82	1830
3	22
0	5
0	61
0	23
0	22
0	7
0	61
0	10
0	64
0	0
0	34
0	5
0	12
5	33
0	100
9	12
3	0
11	0
0	13
26	0
38	2445
0	2445
0	476
7	0
0	2115
487	319
0	0
13	53
2	0
0	12
0	0
0	0
0	3
0	0
0	32
0	3
0	0
0	0
0	0
0	0
0	0
0	0
0	0
0	0
0	0
0	0
0	0
0	0
3	1094
0	1028
0	20
0	583
0	966
0	965
13	416
0	339
0	113
21	71
1	0
0	276
0	102
0	291
132	0
4	1267
5	1267
4	537
5	677
0	216
7	173
0	21
145	191
0	422
0	271
0	1209
0	1213
5	157
14	1375
0	306
0	996
0	853
0	1228
0	918
0	159
0	1210
0	7
19	29
168	478
0	464
0	431
8	119
0	225
0	171
7	11
0	175
2	87
0	8
0	12
0	0
0	110
2	405
0	82
38	145
0	395
0	78
0	408
45	337
0	209
0	124
0	0
0	0
0	1
0	71
0	0
0	0
5	450
4	42
7	64
0	27
0	30
0	220
0	54
0	53
0	18
0	54
0	0
4	26
0	453
9	64
0	27
0	0
0	64
0	31
0	2
0	0
1	70
0	72
0	70
5	72
0	27
0	0
0	0
0	21
0	21
0	20
0	11
0	11
0	11
0	0
0	0
0	0
0	0
0	0
0	0
0	72
0	70
0	0
0	0
0	0
0	0
0	0
0	0
0	0
0	0
0	0
7	170
91	170
0	0
0	0
0	0
0	0
0	0
0	0
0	0
0	0
0	0
4	190
0	32
0	6
152	421
0	29
3	24
0	72
20	138
0	76
6	0
0	0
0	0
17	46
0	60
0	59
0	60
0	58
0	59
0	33
0	0
0	11
5	0
0	7
0	15
0	15
0	0
0	6
0	8
0	8
0	8
0	2
0	2
0	177
0	318
1	364
0	312
0	90
0	99
0	73
0	282
0	319
0	343
0	92
0	79
0	1
0	12
0	82
1	62
0	71
0	27
9	634
0	557
0	19
0	51
0	46
0	0
0	0
0	0
0	0
0	8
0	81
0	2
0	1
0	0
0	0
0	10
0	4
9	91
0	9
4	151
0	151
0	9
4	142
0	151
0	228
144	376
0	230
0	2
0	155
0	153
0	133
0	0
0	0
0	0
0	0
19	1017
0	55
0	48
17	41
0	922
0	0
0	0
0	0
0	0
0	474
0	474
0	474
0	474
0	474
0	474
0	474
0	474
1	155
0	155
0	202
0	202
21	215
4	41
0	12
0	11
0	191
0	202
0	155
0	245
2452	1579
44	188
0	166
2	0
2	493
257	449
1	341
0	377
5	350
9	56
28	78
0	0
0	0
53	0
0	55
56	1172
9	28
0	324
1	85
10	112
0	641
2	7
0	1085
0	1175
0	44
9	121
0	1200
320	665
0	676
1	124
0	288
1	105
6	113
0	71
0	23
0	1022
0	976
0	927
0	1102
11	961
7	910
0	856
0	70
0	19
2	2
0	908
0	954
334	0
8	5175
0	4659
15	4962
0	4792
0	4674
0	4170
1	2871
0	2315
0	169
0	0
0	0
0	0
0	0
0	51
0	0
15	524
0	108
7	282
1	59
0	470
0	76
0	124
0	60
0	333
0	532
0	5104
0	1359
3	1012
8	834
19	146
0	35
0	0
0	30
5	648
24	657
1781	1838
28	1025
0	438
0	74
0	267
0	1
0	16
0	0
6	16
0	18
3	10
0	18
0	8
0	0
0	0
10	65
1	237
9	235
0	63
0	4
0	50
0	242
0	140
0	3
0	3
0	0
0	0
0	0
0	0
0	0
0	0
2	0
0	0
0	0
0	0
1	3741
9	1183
524	4323
357	4671
0	2190
2	23
59	3
1	54
0	2082
6028	2082
4	0
0	0
0	0
43	322
76	342
119	3714
67	3229
1	3437
10	945
42	100
117	212
79	68
0	6
0	0
0	0
0	0
0	0
0	0
0	0
0	0
0	0
0	0
0	0
0	246
1	180
3	255
0	242
0	229
0	196
0	9
0	4
0	52
1029	66
0	0
0	0
0	0
0	0
0	0
0	0
0	0
0	0
0	59
4	92
10	138
0	72
0	63
10	116
0	144
0	49
0	49
0	38
24	61
0	0
0	478
0	113
0	99
47	375
0	224
1	213
0	98
0	117
0	94
0	353
27	5461
0	5061
0	4942
0	4942
8	4958
0	10
0	10
0	17
3	94
0	56
0	86
0	8
0	0
0	0
0	0
0	0
0	0
0	0
0	37
0	318
0	76
0	851
0	4157
0	3958
0	4268
49	181
0	465
0	2210
4	236
0	282
0	332
0	288
25	172
0	1755
14	139
0	580
0	781
0	704
17	777
0	757
0	764
0	949
0	454
0	572
0	450
0	528
8	257
0	386
1	280
0	4214
0	3296
0	26
0	26
0	26
10	1
0	1
0	12
35	713
0	68
1	12
8	100
0	31
516	747
0	713
690	242
0	89
2	131
0	237
1	54
12	66
18	50
0	0
0	7
0	7
0	4133
0	4883
403	15
0	4316
8	1375
3	603
4	533
119	1695
2	1268
18	9082
3	1053
3	1483
0	31
1148	4749
23	9091
6	9925
39	506
10	70
0	3740
146	1976
2	7371
0	15
0	12
6	5
0	0
0	0
0	0
0	0
0	0
0	0
13	241
0	27
0	0
0	1
0	0
0	0
6	0
0	0
0	0
0	0
1	7
0	0
0	0
8	0
0	31
0	0
0	0
0	0
0	0
0	0
4	9926
0	800
32	758
14	688
0	432
131	6820
0	182
0	977
43	300
0	9925
0	0
0	0
0	445
3	403
0	126
9	124
30	6
0	19
3	23
0	14
0	31
0	4
0	0
25	453
0	0
616	19276
0	7219
3	101
22	38
94	53
0	12198
0	19291
12	0
261	100
0	0
0	66
2	20
1	31
0	1
0	0
0	0
0	0
0	0
0	0
0	0
0	51
44	3884
0	4147
0	2722
19	176
13	289
30	150
2	998
60	103
0	40
99	3206
17	1
84	2518
6	70
8	147
7	1
15	1618
0	4145
0	3300
6	94
23	597
7	64
0	0
0	596
7	283
0	35
0	148
1	401
0	8
0	26
0	23
4	21
89	11
0	9
0	3
0	0
0	0
0	0
36	2
0	575
0	32
0	968
0	968
0	858
0	37
8	732
0	234
14	0
1	54
0	0
3	6
736	1999
32	1839
4	1468
4	229
4	234
0	0
0	1168
0	0
0	0
36	200
0	719
0	695
0	711
0	647
0	689
0	755
0	708
66	374
0	710
0	533
0	751
0	627
0	526
0	619
0	217
0	532
0	311
0	182
0	275
0	411
0	400
0	285
0	238
0	325
0	198
0	354
93	324
0	244
0	292
0	246
0	284
0	274
30	66
0	125
0	169
37	211
0	38
0	195
0	49
0	176
0	146
0	41
0	132
0	67
0	39
0	63
0	56
0	37
19	2
39	0
0	19
67	202
0	183
979	1238
6	669
84	1198
1	1099
0	326
19	0
0	39
0	106
84	219
18	9
0	21
103	0
6196	1732
9	1732
12	3
0	139
0	0
0	0
14	230
7	0
0	0
0	7
0	0
0	7
0	0
0	7
0	0
3	226
0	237
0	221
0	0
3	43
0	0
6	171
0	62
4	30
0	47
0	103
700	4307
467	3915
37	4088
1	3768
17	1050
62	1426
4	2069
2	862
19	1503
0	976
61	1047
32	648
0	1362
0	887
0	1783
0	1784
0	854
0	825
10	31
64	32
0	17
41	26
26	106
0	559
276	2125
0	10
0	1464
0	142
0	1
0	9
0	107
0	0
0	63
0	4
0	46
0	13
0	4
0	4
0	9
2	15
0	63
2	32
0	252
0	1113
0	0
0	0
0	0
0	0
0	0
0	0
0	0
0	0
0	0
7	215
0	0
0	0
0	11
0	0
0	0
0	53
0	0
0	0
0	11
0	0
0	0
43	2621
58	1620
5	1874
0	1
0	8
0	0
0	7
0	0
0	0
0	6209
0	10992
0	1354
5	232
0	10473
0	0
0	0
0	0
0	0
0	0
0	0
0	0
0	0
0	0
0	0
0	0
0	0
0	0
0	0
0	0
0	0
0	0
0	203
0	397
3	14
0	0
0	4
0	3
0	35
1	23
3	161
3	394
0	210
0	1439
0	571
0	682
17	2738
14	391
0	859
261	1312
0	3034
0	4251
10	3328
115	1639
2	8293
78	17151
879	1546
0	0
0	0
0	0
0	0
0	0
0	0
0	0
0	0
0	0
0	0
0	0
0	0
0	0
0	0
0	0
0	0
46	2393
0	0
16	406
0	0
2	1985
1	1675
0	1915
0	451
17	65
0	57
23	108
0	39
21	109
44	39
5	0
0	1876
4	1775
4	176
66	188
1	83
0	53
0	120
0	54
55	67
6	91
94	87
22	386
0	120
459	615
0	2
0	0
0	64
2	492
13	655
0	122
18	491
0	94
6	9
0	36
690	220
0	16781
0	531
0	2340
0	16836
0	9028
0	16517
0	13262
0	13745
0	4853
9	1292
122	2067
0	5033
0	3536
0	110
0	95
0	29
0	29
0	312
0	184
0	216
0	87
0	151
0	368
0	630
7	872
0	829
0	105
7	270
0	399
0	191
0	219
2	0
1630	42
0	0
13	4
0	29
2	18
0	0
0	0
3996	1046
36	195
14	1090
6	66
111	47
62	262
203	131
8	0
10	0
0	0
0	0
0	0
0	0
0	0
0	0
225	0
0	0
0	0
0	0
0	0
0	0
0	0
18	182
0	24
0	0
0	0
0	0
0	0
0	0
0	0
0	0
0	0
0	0
0	0
0	0
0	0
0	0
0	3681
0	1769
0	559
0	1435
0	2484
1	830
15	839
0	16
0	1060
0	740
0	113
0	56
0	9
0	197
0	350
0	447
11	27
21	2791
446	1876
219	2760
3	536
0	3093
0	640
12	479
22	2759
34	466
0	1
0	1
0	0
0	0
0	0
0	0
0	0
0	0
0	0
0	83
0	12
0	1
0	41
0	82
0	82
0	0
0	7057
0	7048
0	5970
0	7024
0	7023
0	7024
0	5920
0	6498
3	6771
6	6616
0	6774
0	1223
0	7520
2	6540
0	6281
0	7065
0	7023
0	6302
0	7041
7	7057
523	7538
12	5104
0	1536
43	1893
10	7051
26	800
0	7144
0	6549
0	978
0	4986
0	5402
0	4654
14	46
57	2902
0	1101
11	851
18	1165
6	1093
7	40
16	0
0	144
0	268
28	286
0	184
0	104
0	0
0	0
8	507
10	338
74	1769
0	1965
0	824
0	530
12	1334
0	1549
0	1482
0	1159
70	32
3	21
33	572
3	3153
0	3219
182	1340
31	291
5	1310
41	188
23	3203
0	78
305	50
11	2055
5	2184
12	55
4	455
0	25
2	0
4	0
0	29
0	138
187	292
0	23
0	116
0	162
17	278
0	77
7	73
6	0
0	11
2	62
7	32
0	1622
0	1151
0	3218
248	1448
1	3219
69	3844
31	1022
30	2360
8	294
78	89
938	1201
7	271
6	3
0	554
0	1168
0	267
0	29
0	851
0	941
0	725
11	244
0	263
20	55
33	41
0	90
0	21
0	129
0	126
0	15327
0	8241
14	11321
19	4997
11	9301
18	8416
91	1053
7	1739
0	10
0	0
0	1
0	0
0	10
0	0
5	0
0	0
0	1
0	0
7	0
12	0
0	8
0	3
0	0
0	0
0	0
0	0
0	0
0	0
226	1424
1	59
0	1424
46	646
297	770
39	364
0	363
2	17
4	5
0	63
7	115
73	132
47	6880
36	20
0	4860
0	306
0	472
0	0
0	34
0	140
0	9
0	9
0	64
1	94
0	6794
224	2873
0	173
0	896
0	860
14	334
1	1364
0	149
9	16
0	234
6	16
0	98
5	54
3	22
0	189
9	57
0	214
8	63
0	63
1	64
0	0
0	24
0	1
0	0
154	1803
1	940
8	797
7	1190
0	1372
0	258
3	527
5	82
2	446
2	334
0	341
0	409
0	304
12	254
0	104
0	66
0	59
0	281
5	37
63	344
16	87
104	114
0	90
0	87
12	42
0	15
0	792
0	172
0	235
46	116
0	171
0	198
0	153
0	39
0	19
0	15
10	506
0	559
0	337
0	393
0	171
0	267
12	522
11	1053
14	970
0	991
1	1027
0	783
5	196
70	249
0	202
4	104
0	224
6	147
0	352
878	216
10	216
25	10245
0	10288
2	438
0	9188
0	9750
0	6423
0	7061
100	5401
71	762
0	5157
0	4798
0	790
140	1315
5	3980
5	411
21	144
10	234
0	105
0	3841
131	21
11	291
14	201
0	9601
0	4164
1544	672
0	263
36	229
0	82
30	96
18	3
0	86
20	101
0	161
0	112
4	140
0	98
21	78
0	21
5	28
2	10
0	530
177	3362
14	70
0	1587
7	1495
0	1780
6	129
337	516
0	1850
193	2827
2	3030
48	880
0	2290
2	3101
0	125
41	2950
1	1194
12	468
20	561
69	31
0	3023
321	1611
8	214
6	1366
0	735
0	943
9	327
0	575
2	779
0	7722
0	9336
0	9885
0	1652
0	2682
0	2429
0	2197
0	383
0	466
0	2553
0	7727
0	242
142	889
12	71
3	294
6	755
0	216
0	39
0	124
64	803
10	130
7	285
10	0
11	37
3	171
0	2021
0	2090
11	654
0	582
31	302
0	1872
0	1687
0	0
0	0
0	0
0	0
0	0
0	0
0	24
0	4
0	548
0	2
13	35
0	149
0	149
0	146
0	44
0	755
0	301
0	2727
3	1741
0	2400
14	2094
121	2591
5	0
70	2109
1	546
0	0
0	0
0	0
0	0
8	0
0	0
0	107
0	81
0	62
0	50
0	61
0	99
0	100
0	75
0	95
5	1860
0	1405
0	1298
5	402
11	243
1	440
28	262
0	31
0	56
11	1
47	0
0	1860
14	87
0	696
2	722
0	570
0	641
0	619
0	556
40	149
0	433
0	541
0	17
4	29
0	78
0	74
0	13
0	8
0	1174
0	844
0	742
0	1130
0	20
0	66
0	0
0	1
0	1
0	0
0	0
0	0
0	0
0	0
0	0
0	0
0	0
0	0
0	0
0	0
0	0
0	0
0	0
0	0
0	0
4736	55
0	55
0	0
0	0
0	0
0	0
0	0
0	0
0	0
0	0
0	0
0	0
0	22
0	22
0	22
0	0
0	0
0	0
0	0
0	0
145	557
105	579
0	497
3	82
0	29
0	0
0	0
0	0
0	0
0	0
0	0
0	0
0	0
0	0
0	0
0	0
16	93
0	1
0	17
0	22
19	12
0	0
0	0
0	0
0	0
0	0
0	0
0	0
0	0
0	0
0	19
14	39
0	48
0	0
2	10
0	10
0	10
0	10
0	8
0	8
0	0
0	0
0	0
0	0
0	0
0	0
0	0
0	0
0	0
162	220
0	60
0	190
4	29
5	16
20	28
0	43
0	43
0	43
0	43
0	43
0	43
0	43
0	43
0	43
0	43
0	43
0	0
0	0
0	0
0	2986
61	2743
0	2648
5	1904
0	1938
0	405
0	0
0	0
0	0
0	0
0	0
0	0
0	0
0	0
0	0
0	0
0	0
0	0
0	0
0	0
0	0
0	0
0	0
0	0
0	0
0	0
0	0
0	0
0	0
0	0
0	0
0	0
0	0
0	0
0	0
0	0
572	143
8	11
1	0
11	59
0	33
0	6
0	38
23	44
0	21
0	105
0	105
0	42
0	56
0	56
0	42
0	42
0	37
0	1
0	15
0	1
0	1
0	0
0	14
0	10
0	0
0	0
0	0
0	0
0	0
0	0
0	130
0	105
0	7227
0	8836
0	9384
0	2654
0	2480
0	466
0	2531
6	650
161	1615
0	61
0	575
5	77
0	644
0	482
0	718
3	133
25	422
11	46
11	43
0	21
6	43
0	0
0	32
1	21
5	156
11	12
0	0
0	0
0	0
42	104
2	96
0	56
40	601
9	83
0	143
21	445
0	164
5	535
0	63
0	13
0	25
0	26
0	26
0	5
0	7
0	0
0	15
0	2
0	12
0	25
0	0
0	0
0	0
0	0
0	0
0	54
6	50
48	46
0	37
5	17
0	21
0	8
1	50
0	28
0	0
0	0
0	54
4164	1074
10	74
0	70
0	1
51	831
7	782
20	345
0	180
1	80
37	0
10	165
11	43
0	0
0	0
0	0
0	0
0	0
0	0
0	0
0	0
0	0
0	0
12	4581
518	5344
12	6306
0	7284
0	5272
5	3970
103	1657
474	1844
0	474
35	4368
60	1603
0	0
0	0
0	0
0	0
0	0
0	0
0	0
0	0
0	0
0	253
0	0
0	0
0	0
0	0
0	0
0	253
0	0
0	18
0	4
0	4
0	18
0	4
0	0
0	0
0	0
86	0
101	601
5	24
1	211
0	299
0	619
238	457
0	0
47	12
0	51
5	142
0	100
30	253
134	270
0	3
13	3
1698	127
0	1324
0	955
0	1112
18	908
1	134
0	660
14	157
27	211
0	87
0	560
0	707
0	64
0	9
0	10
9	200
1	133
0	379
0	81
0	230
0	0
0	7
0	215
0	243
6	215
0	218
0	10
0	9
0	9
0	9
0	81
0	2
0	10
0	20
0	0
0	207
0	0
0	0
9	222
0	10
0	7
0	9
0	220
0	11
0	220
0	6
0	13
3	12
0	13
0	220
0	12
4	59
0	222
0	0
0	0
0	0
0	0
0	0
0	0
0	0
9	0
0	0
10	154
4	213
1	172
3	141
2	155
1	147
6	180
1	221
0	221
0	0
0	0
0	0
1	1258
0	0
10	53
0	1236
3	1327
0	1338
8	1525
0	1356
15	1203
2	22
0	16
4	142
9	575
0	95
44	143
84	186
0	90
90	66
0	170
0	175
0	215
3	74
14	167
0	1
0	23
0	1436
781	703
0	173
18	246
6	239
1	124
0	0
0	0
195	218
0	243
7	300
11	289
165	43
1	73
0	56
0	19
37	1217
0	205
0	133
0	17
5	98
62	1110
168	0
59	398
0	129
0	18
0	398
0	116
16	116
0	2
14	29
0	490
0	274
0	22
5	266
0	216
117	768
0	270
0	200
0	81
0	118
0	403
36	655
6	303
2	292
0	566
0	60
0	59
23	353
0	33
0	143
0	89
6	381
0	11
0	213
15	157
18	156
3	518
679	0
0	0
316	7807
606	3493
3	607
102	7202
0	327
0	219
22	202
0	162
0	57
11	130
0	199
11	1005
0	1037
0	958
0	841
0	92
0	92
0	83
11	992
14	957
2	962
0	841
0	920
39	529
163	49
0	54
0	36
0	143
9	144
0	124
0	111
0	43
5	66
75	1287
0	37
0	7
16	110
3	68
7	18
0	112
0	128
0	6
0	119
0	9
0	2
0	9
0	2
45	310
26	46
0	58
3	272
0	249
0	277
0	235
0	249
0	0
0	0
0	0
0	0
0	0
0	0
0	0
0	0
0	0
0	0
0	0
0	0
0	20
0	20
0	247
9	26
0	1637
0	1850
0	20
24	4430
0	1027
0	718
31	959
0	1677
7	4165
5	1372
8	1027
0	741
24	3802
0	603
0	2991
138	376
10	3219
126	445
71	194
66	104
101	572
227	139
0	3179
0	4037
0	0
0	3
1	3
1	0
0	32
0	22
0	32
0	21
0	30
0	22
0	28
7	0
0	23
0	34
0	157
2	426
0	11
15	239
162	465
14	28
32	58
0	1
0	28
6	94
28	934
0	796
8	3
0	13
98	634
4	0
0	852
101	1758
0	1749
0	0
0	978
0	1161
0	0
12	65
8	80
0	44
20	29
16	69
0	1758
0	1153
0	1052
0	15
0	16
94	34
2	75
0	5
0	8
0	16
6	55
0	0
0	0
0	0
0	0
0	0
0	0
0	0
0	0
0	0
0	0
0	0
0	0
0	0
0	0
0	0
0	0
0	0
0	0
0	0
0	0
0	0
0	0
6	0
0	0
0	5
0	0
0	5
0	0
0	0
3	34
0	34
0	6
109	2586
0	1888
11	1078
0	1006
0	1059
2	693
1	353
0	437
3	281
7	1099
141	239
0	144
0	24
32	47
0	47
0	12
0	0
118	39
0	39
2867	0
13	30
0	25
0	0
7	0
0	0
0	5
2	6
0	6
0	6
0	4
0	0
0	0
0	5
5031	1873
0	212
4	36
0	150
3048	845
0	11
0	534
2	33
4	7
0	0
9	24
69	527
0	13
0	13
0	105
0	12
0	105
0	12
0	103
5	23
1	168
834	2448
0	3
0	115
0	0
207	1264
0	907
749	1108
1	1124
333	497
80	468
0	186
4	199
4	115
6	86
19	20
0	0
0	0
0	0
0	0
10	5
58	1513
79	1886
38	157
63	1223
0	77
7	465
94	234
418	338
0	1754
0	94
2	814
27	814
0	128
2	140
8	591
0	426
4	4
0	489
60	784
0	179
0	43
0	76
1	53
0	370
4	187
0	17
766	322
0	18
2258	868
7	131
0	0
0	236
0	0
0	2
0	2
0	0
2	0
0	90
0	1246
0	1004
0	337
1	516
11	745
0	99
0	401
0	449
3	179
2	170
22	705
1	279
10	354
0	27
0	148
0	9
7	53
0	22
0	985
0	1183
11	17
0	17
448	221
0	105
0	140
1	91
1	82
11	25
0	0
0	0
0	0
0	65
0	96
16	101
0	35
0	24
23	1826
0	1950
0	1095
99	93
30	1834
12	1650
0	1977
11	1661
7	225
41	1530
16	227
1	1364
0	215
2	416
9	82
0	1
0	68
15	188
11	63
135	4
0	4
2	0
576	635
8	635
219	28
23	23
0	95
0	95
0	2
0	91
0	12
0	95
0	1564
0	814
14	370
0	17
0	47
0	1564
0	0
0	0
0	0
0	0
0	0
0	0
0	0
0	0
0	0
0	0
0	0
0	0
0	0
0	0
0	0
0	0
0	0
0	0
0	0
0	0
0	0
0	0
0	0
0	0
0	0
0	0
0	0
0	0
0	0
0	0
0	0
0	0
1	55
570	1748
0	4
0	0
0	0
0	0
0	0
0	0
0	3
0	0
0	0
0	47
0	3
0	13
0	0
0	21
0	0
0	3
0	3
0	4
0	3
0	0
0	0
0	0
850	1410
16	99
10	96
0	278
0	711
9	10
5	928
60	528
433	1286
1	911
0	55
0	457
0	0
0	0
0	806
0	570
8	162
0	905
7	8
0	280
0	0
0	806
0	783
0	0
0	0
0	0
0	0
0	0
0	0
0	0
0	6
0	0
0	0
0	0
0	0
0	10
0	99
0	0
0	0
0	0
0	570
0	0
8	0
0	91
0	124
0	58
0	507
0	0
0	557
3	102
0	64
0	345
0	461
0	411
0	458
30	479
5	77
0	75
0	1
0	414
1	554
0	8
363	409
0	184
17	147
0	106
1	109
1	137
0	131
0	123
0	81
0	68
0	33
0	37
2	0
0	22
0	0
0	15
0	15
0	0
0	10
0	1
0	0
0	0
0	22
0	872
14	1883
22	1632
7	239
131	1880
11	1748
0	44
9	94
8	345
65	354
13	159
44	63
0	13
6	50
5	3
0	0
0	0
1	15
0	0
2	0
0	0
0	0
0	126
0	2
0	0
0	0
0	2
0	0
0	0
0	0
0	0
47	126
0	0
0	0
0	0
0	0
0	0
0	0
0	0
0	0
0	0
0	0
3	0
10	0
291	487
0	487
0	238
124	932
18	333
5	333
0	45
0	83
0	1
0	67
0	26
0	38
158	864
4	646
0	420
167	85
0	271
1	340
8	23
1004	917
26	1006
5	0
5656	1206
47	863
10	131
0	987
0	2
55	0
48	594
0	67
0	546
0	36
0	17
0	368
0	17
0	399
50	11
0	519
0	513
0	30
37	7
3	72
94	46
0	45
0	47
276	157
6	15
0	0
0	4
0	17
8	0
0	86
7	512
0	23
0	4530
0	3670
0	3924
103	48
12	65
420	736
0	2
0	17
0	0
0	0
0	0
0	17
0	0
0	0
0	0
0	32
0	32
0	32
0	7
0	32
0	0
0	0
6	164
0	164
0	0
0	136
0	15
0	20
13	107
60	53
18	126
46	72
0	8
0	11
9	140
0	11
0	3
0	3884
0	4436
0	9024
0	11611
0	88
745	88
0	0
0	0
0	0
0	1
0	25
0	0
0	1
0	3
19	25
0	6
0	0
0	6
0	0
0	0
0	0
0	1974
0	1721
6	3350
0	3216
22	2999
0	2866
8	2162
0	1868
7	1433
0	3253
116	3959
0	1839
16	1480
47	3694
734	1255
5	287
0	517
0	2053
18	520
12	2203
10	13
21	30
143	2529
4	2529
38	1831
19	1711
0	57
0	41
56	41
0	24
160	341
52	2605
0	1217
16	244
0	396
17	308
3	260
12	178
12	344
0	2315
0	0
0	0
0	0
1	0
0	0
0	0
0	0
0	0
4	40
0	40
0	14
0	3
0	3
0	4
0	0
0	1738
0	105
0	0
2	75
17	0
0	47
43	359
18	132
2	106
3	87
3	15
0	1738
0	226
0	1001
0	6
0	2
0	7
0	8
0	18
0	0
0	0
0	1
0	0
0	0
0	1
0	0
0	17
0	1
0	19
0	30
0	0
0	4
0	0
0	0
0	3
0	0
0	0
0	2636
0	836
2	372
1	111
14	26
2	447
0	219
0	0
0	0
0	0
0	0
0	0
1	25
0	0
0	0
0	0
0	0
0	539
0	0
0	0
0	0
0	0
0	46
0	127
0	46
0	76
0	10
0	55
0	53
0	5
0	0
0	0
0	0
0	0
0	1018
0	3
0	31
0	0
0	1028
0	151
0	3
0	176
0	2
0	0
0	7
0	14
0	139
0	0
0	0
0	0
0	0
0	0
0	0
0	0
0	0
0	0
0	0
0	0
0	0
74	139
6	130
215	42
0	129
0	4314
2	4294
113	2929
0	1459
11	1193
3	1205
16	1222
1	1116
1	1066
20	119
39	21
47	8
0	14894
10	14865
592	351
35	176
78	239
0	53
0	112
5	53
0	0
8	40
30	109
0	0
0	109
0	0
10	0
0	2
0	2
41	2
0	11
0	182
12	694
0	4
0	0
0	0
0	4
0	427
75	442
0	2
0	15
0	6048
0	29
0	5942
0	1855
0	2847
0	5866
0	5737
0	3664
0	2285
2	5949
9	5840
0	5834
1	5905
27	4280
51	3530
21	5208
0	1439
0	5062
0	3101
0	5001
0	1842
0	2910
0	3693
11	1
4	2653
0	654
4	566
0	229
0	476
3	5
0	433
25	77
207	388
2	70
217	964
0	781
0	126
0	90
0	33
0	0
1	0
181	292
0	226
0	3
0	2
0	0
0	0
0	11
0	0
0	11
0	11
0	11
0	11
0	0
0	0
0	0
0	11
26	692
2	1096
0	1090
0	709
65	1248
0	173
3	1087
38	839
0	718
71	931
0	25
29	929
0	756
3	559
0	1088
3	61
0	16
0	15
0	15
142	16
0	0
0	6
16	239
0	0
0	9
0	21449
0	19620
549	19364
0	10797
0	21669
0	16836
0	15431
214	18418
0	21449
0	11229
0	12211
0	3983
0	4163
0	4288
0	220
0	2151
110	926
10	673
55	201
31	722
14	96
0	224
0	164
0	368
0	495
0	536
0	477
8	213
0	109
0	302
0	423
0	399
0	410
15	453
0	208
0	238
7	270
0	101
1	131
99	202
0	82
0	74
0	53
0	12
0	11
138	178
10	178
37	26
0	3
0	3
0	3
0	0
0	0
0	0
0	0
0	0
0	0
0	0
0	0
0	0
0	2000
0	1948
81	122
0	833
0	713
0	783
16	771
60	986
0	785
0	483
0	785
0	4
1	123
0	151
0	0
0	84
0	307
6	283
3	12
0	11
0	42
0	115
0	24
0	95
1511	304
0	8
0	102
2	19
0	30
0	5
4	5
6	30
6	35
0	0
0	0
0	0
0	230
0	230
0	0
0	41
9	1213
4	1332
0	174
0	39
4	87
0	1172
0	1119
22	15
13	60
18	197
0	158
0	44
0	220
0	153
4	136
0	108
0	44
0	37
9	141
0	95
3	80
0	1
0	1
0	1
0	10
0	10
0	3
0	0
0	0
0	0
0	0
0	0
0	0
0	0
1071	57
0	57
0	0
0	1
0	1
0	1
0	0
0	72
0	0
0	0
0	1
0	229
0	234
0	1252
0	209
0	195
0	0
0	65
0	65
529	314
22	87
4	54
3	229
8	5
1	151
46	14
65	9
0	43
0	0
0	0
0	24
0	20
0	14
0	0
9	38
0	1
20	1
0	12
0	6
90	350
159	251
6	251
10	30
2	102
124	1479
454	1913
0	159
1	111
0	155
0	179
9	222
12	1588
11	208
0	105
19	2541
89	2625
0	111
0	168
21	83
0	122
0	81
0	65
0	170
0	583
5	368
10	121
5	155
0	134
5	200
0	113
0	529
0	102
16	347
2	203
0	802
19	531
10	72
0	77
6	15
3	26
8	4
41	106
0	0
0	7
0	7
0	1
0	1
0	1
0	0
0	0
0	57
0	1
3	7
1	231
75	591
142	4697
12	591
16	11146
65	11181
0	11142
5	1358
0	53
3	975
77	133
0	8
44	114
1	8
5	112
0	110
23	87
0	499
1250	998
18	447
15	235
80	1039
0	428
0	25
0	22
0	25
0	418
0	29
10	6
1285	6627
78	137
0	10
0	6619
0	386
1	85
0	64
0	135
0	0
36	0
27	69
22	1674
24	1657
0	766
0	67
2	323
0	1047
5	185
0	162
0	157
0	128
3	0
5	15
0	0
0	1425
0	0
0	0
0	0
0	0
0	0
7	399
3	477
0	132
6	133
17	76
646	8226
0	122
17	13
1	1314
21	3193
0	1
0	227
10	22
0	198
0	15
0	3169
25	3150
0	212
0	246
4	166
3	169
0	0
0	0
0	0
2	0
0	0
0	0
0	0
0	0
0	0
0	0
0	0
0	0
0	0
0	0
0	0
0	0
0	0
0	0
0	0
32	36
6	36
227	69
572	803
0	32
21	35
17	47
32	740
1	992
0	16
0	16
0	0
0	0
351	450
0	17
21	157
0	6
0	0
0	6
0	0
0	0
0	1
0	0
0	0
0	0
0	0
20	0
0	0
0	0
0	0
0	92
2	249
34	183
13	169
25	88
0	108
2	3
0	2572
0	200
0	1417
0	228
0	2148
0	276
0	33
13	153
28	47
302	1143
2148	287
8	8
13	44
6	10
0	30
0	42
4	20
72	2
0	0
0	0
0	0
0	5
0	4
0	4
0	0
0	0
0	4
0	0
0	0
2	68
60	241
4	13
9	0
0	0
0	0
0	0
0	0
0	0
0	0
0	20
0	0
0	127
0	0
0	0
0	0
0	0
0	0
0	0
0	0
0	0
0	2
0	0
0	2
1	874
61	0
0	9
0	8
0	4
0	71
5	14
0	874
38	1196
0	0
69	79
0	79
2	515
49	541
7	353
0	21
11	35
17	566
0	81
0	47
0	34
0	160
0	81
0	160
0	75
0	97
0	94
0	24
0	16
148	11069
210	1084
18	2286
4	828
0	1561
26	707
0	0
0	106
16	10661
0	9712
0	0
0	0
0	0
0	0
0	0
0	0
0	0
0	0
0	0
0	0
0	0
0	635
0	630
0	589
4	7
37	89
0	11
0	594
2	26
0	38
0	19
0	12
0	31
42	213
0	63
0	24
0	65
0	6
0	7
14	12
0	41
0	29
4	106
0	118
7	16
12	9
0	118
4	4898
114	4898
0	0
10	3843
0	5
62	265
190	1062
13	978
30	388
3	0
0	0
0	0
0	0
47	2357
11	46
0	2356
0	116
127	1909
0	2356
0	30
0	6
0	0
0	0
0	0
0	0
0	53
1	2
0	23
0	22
0	0
0	1
0	0
0	22
0	21
0	0
0	0
0	0
0	0
0	22
0	0
0	0
0	0
0	30
4	211
157	0
0	0
0	0
1816	1666
0	706
0	265
0	584
0	252
0	83
0	227
0	216
48	453
0	1854
0	1854
0	0
0	1
0	1
0	0
0	1
0	6
0	6
1	545
16	168
0	120
0	419
1	151
0	119
29	311
0	98
0	409
0	273
0	317
0	71
14	299
0	36
0	22
0	22
0	34
0	12
0	284
19	6
7	8
5	5
0	128
21	136
0	39
6	4
0	27
7	30
0	0
0	217
0	217
0	217
0	212
0	6
0	6
0	6
0	6
0	0
0	34
0	0
0	0
0	0
0	0
0	0
0	21
0	22
0	0
0	0
0	0
0	0
0	0
0	6
0	0
0	0
0	0
7	0
0	0
0	0
0	0
0	0
0	0
0	43
0	43
0	41
0	0
0	43
0	0
0	5498
0	702
0	1892
0	5229
0	1283
0	2086
0	2301
0	696
0	2812
0	3242
0	3902
0	1213
0	114
0	83
0	5498
0	16
0	0
0	0
0	0
0	0
0	16
0	16
0	16
0	16
0	16
0	16
0	0
0	0
0	16
0	0
0	0
0	16
0	0
0	0
0	0
0	16
0	16
0	0
0	0
0	0
0	0
0	268
0	0
2	0
0	16
0	0
16	19
0	10
0	0
0	10
0	19
2312	0
0	24
12	425
28	29
0	372
0	372
4	367
8	251
0	248
0	155
0	136
0	14
0	57
1	62
0	40
0	31
0	11
0	0
0	0
0	0
822	217
4	39
1	184
75	229
14	61
4	8
18	50
0	104
2	20
1	36
0	356
0	252
0	20
13	269
0	33
7	17
0	281
0	13
0	348
46	341
0	586
9	260
3	484
0	98
0	298
0	5
0	8
0	8
0	43
0	96
0	22
0	68
0	0
0	15
0	0
30	15
12	16
38	8
47	1
0	76
0	4075
646	2008
0	1446
0	1478
0	1425
0	1275
0	4029
0	78
0	78
5902	14057
0	6601
160	5873
2	5754
0	6135
6	3106
4	4700
0	4774
0	4619
0	3542
10	4494
30	3417
30	7
9	10427
163	11477
2	1602
4	349
1	1098
40	2819
20	1752
0	135
22	1770
17	7
13	78
66	66
57	323
11	475
0	95
0	11117
0	1763
0	57
0	521
9	686
6	681
6	57
0	57
0	50
0	194
202	90
0	83
0	41
1	19
0	12
0	22
0	22
3	0
0	0
0	42
0	128
0	106
0	61
0	75
0	630
0	115
33	199
0	0
0	85
0	101
0	43
18	115
36	3164
0	4559
0	3504
0	244
0	543
0	3514
0	3556
102	1142
1224	831
14	265
8	463
19	862
207	423
83	299
148	434
0	117
11	1084
1	903
3	876
0	806
176	604
3	783
10	929
0	241
0	170
0	168
0	0
0	0
0	0
0	0
0	0
0	0
1123	2626
0	1208
0	579
0	76
0	178
0	121
480	1211
0	227
0	291
0	122
0	51
1	243
0	127
0	83
0	99
0	35
18	22
5	81
0	26
3	33
0	42
6	15
0	10
0	0
0	113
0	0
0	0
0	0
0	0
0	0
0	0
0	0
0	0
9849	1433
0	1061
13	709
9	92
0	14
5	5
0	5
54	100
0	0
6	84
0	11
436	1607
88	489
45	695
9	1334
2	1316
0	14
0	515
38	210
7	247
64	240
9	0
0	0
0	0
0	0
0	0
0	0
0	0
0	0
0	0
0	0
0	0
0	0
49	24
18	787
0	699
0	87
29	158
7	73
0	58
0	16
0	6
0	6
0	3
0	3
12	558
0	358
3	352
1	31
0	6
0	6
0	19
0	7
0	5
0	62
0	5
0	0
3	0
18	14
0	537
540	2007
30	1965
5	1532
0	2008
18	404
2	10
0	22
2	11
0	395
0	10447
0	6258
0	1328
154	479
2	232
24	17
0	121
3	126
0	0
0	0
892	336
9	39
2	8
0	1
0	336
0	223
0	207
0	12
0	38
0	150
0	79
0	19
0	17
0	8
0	0
0	0
0	0
0	0
0	0
0	3
0	1758
4	34
10	85
0	94
0	71
0	11
0	51
6	35
2	36
0	48
15	16
0	1727
0	629
0	1380
0	1251
0	150
0	111
0	205
0	31
0	770
0	615
0	804
0	61
451	6032
10	4467
0	2739
50	3650
1	3612
0	1676
0	1268
7	2006
54	2042
0	1228
25	24
0	1009
0	1505
8	1413
16	674
54	536
6	634
26	395
0	645
19	651
0	214
0	28
0	34
0	2
0	2
0	617
13	236
4	93
0	36
0	75
29	72
8	406
1	51
0	352
10	4
64	116
0	1743
0	1695
0	7
12	23
0	1572
0	35
0	1096
11	136
0	0
6	118
1	437
0	55
2	1371
6	87
0	27
2	108
41	5
0	1710
0	3
0	0
0	3
0	0
0	3
0	3
0	0
0	8
0	8
0	0
0	8
0	0
7	209
12	187
1	148
2	159
10	204
0	156
0	132
1104	2484
2	2133
220	775
232	26
11	139
12	24
0	7
10	49
0	76
0	76
0	68
2	76
2	85
0	59
0	59
0	0
0	316
79	571
2144	2261
60	2296
129	3624
0	3648
0	3513
0	3622
0	3386
0	3193
0	450
50	62
1	3590
0	3016
0	112
2295	649
0	649
0	0
0	0
0	0
0	0
0	0
0	0
0	370
12	356
0	118
0	0
0	0
0	0
0	11829
0	2984
0	2247
34	3422
178	2834
0	2937
5	909
0	466
0	460
24	197
0	197
0	1907
0	2995
0	1169
0	460
0	1064
0	935
0	155
0	952
0	751
0	654
20	42
0	41
31	562
0	0
0	11
0	29
0	3
0	31
0	0
0	304
2	333
0	286
0	19
0	21
0	35
0	25
0	5
0	21
0	19
0	27
0	734
0	0
0	2
0	2
0	3
0	2
0	2
0	1
0	2
0	3
0	32
0	184
0	59
8	143
0	7
0	14
0	147
0	55
10	0
0	17
2	137
934	0
14	7556
9	617
0	7919
1	3052
32	5697
0	3055
0	1103
7	2080
38	148
0	195
131	2282
0	1598
92	27
0	1059
0	244
99	844
0	7098
14	2226
2174	16652
26	16652
254	182
42	16610
49	16605
0	265
30	248
0	15
0	51
0	34
0	263
0	7
0	7
0	0
0	38
0	39
0	31
0	4
0	5107
0	5
0	3214
0	2689
20	2665
2	2642
0	2202
79	61
54	1525
8	1023
0	44
40	754
0	553
0	31
0	42
0	1241
610	1826
31	1768
19	322
0	337
0	381
0	59
0	328
0	145
900	188
7	188
0	0
0	0
0	0
0	0
0	0
0	0
0	0
3	0
0	0
0	0
0	0
0	0
0	829
0	146
0	105
6	713
0	131
7	317
0	81
26	75
0	88
0	15
2	660
0	698
0	154
0	59
0	105
0	52
0	162
16	189
283	619
0	265
10	248
85	576
24	526
0	574
0	561
0	502
0	5
0	8
19	1002
0	0
0	0
0	0
1	435
18	375
0	44
1	30
0	428
10	432
0	435
9	0
0	0
0	0
0	0
0	0
4413	12
410	28404
0	26331
268	9891
111	1037
0	301
7	3134
5	15
22	1275
2	1271
0	3
10	531
0	531
14	11
0	11
56	411
2	1145
3	1145
0	30
19	10
29	358
0	335
0	50
0	349
10	27
4	47
0	7
3	58
0	0
0	0
0	0
45	0
0	1
3	1
196	317
0	130
0	168
16	39
0	46
0	0
4	7
2	0
0	146
0	3
76	275
0	287
0	278
0	16
0	2346
0	2346
63	1374
0	1264
1003	2676
0	1051
0	704
0	57
2	0
0	3192
77	2006
0	3186
0	30
4	312
0	1361
0	1643
0	1661
0	336
42	148
0	0
30	0
2	151
0	106
0	115
11	128
5	54
13	23
0	12
0	1
0	106
0	229
0	164
0	90
0	238
0	71
0	161
0	6
0	46
0	95
0	34
0	27
0	13
0	11
0	13
40	2519
0	2374
79	2519
0	1259
0	54
61	89
0	139
0	208
0	0
2	177
17	136
0	14
75	10
10	8311
0	16490
16	15
11	51
0	4
0	14
2402	11481
96	1143
6	1293
13	2391
0	6470
35	361
25	218
882	4698
0	2
0	1737
0	0
0	1750
9	1764
0	5
0	4
0	0
0	0
0	0
0	1
15	1
0	2
4	1
0	0
0	0
0	0
0	0
0	1762
0	0
0	0
0	1782
0	2
0	1158
17	1158
45	446
0	0
7	1181
48	1849
266	1877
0	128
0	506
0	90
0	5
6	102
0	31
0	58
26	88
0	0
4	33
5	13
0	26
11	19
0	29
10	98
7	7
0	15
144	36
3	36
0	2
10	0
9	0
9	4126
65	4087
17	4095
0	4037
5	3873
10	3874
36	3809
0	277
6	157
0	57
0	27
50	6
0	4138
550	33
10	33
0	0
0	88
23	111
4	3
0	15
0	0
0	47
3	73
15	0
0	109
0	0
0	0
0	0
0	0
0	0
0	0
0	21
0	0
14	0
0	21
0	0
0	0
0	0
0	0
18	95
15	537
170	6565
0	6118
42	64
165	134
57	18
23	210
23	440
0	119
0	0
12	43
0	119
0	0
0	0
0	0
84	0
0	6
0	6
0	0
0	0
0	0
0	19
0	8
3	564
9	3
2	1
0	57
0	522
4	38
0	0
0	523
0	563
96	6878
6	424
0	7575
0	1231
161	6040
246	6219
15	735
4	3436
3	80
56	1078
9	165
8	75
0	777
0	85
0	738
60	6007
0	722
9	265
0	511
0	3849
257	5441
104	548
152	1679
1	183
108	104
0	104
11	0
0	0
0	0
0	0
0	0
0	0
0	0
0	0
0	10
0	10
0	0
0	7
0	10
0	10
0	0
0	0
0	0
0	0
0	0
0	0
0	0
0	0
0	0
0	0
0	0
0	0
0	0
48	1
18	1
0	1544
0	679
17	660
443	2658
0	567
0	953
0	0
3	15
195	1293
0	43
0	918
0	1056
5	27
0	126
0	48
0	79
0	53
0	1056
0	13
0	554
219	72
0	25
12	620
0	740
0	464
8	60
0	647
0	571
13	6
0	633
9	21
0	31
0	30
0	40
0	28
0	30
0	19
0	530
0	0
0	0
0	0
0	0
0	0
0	0
0	0
0	0
0	0
0	0
0	0
0	0
0	0
0	0
2091	781
1166	616
0	243
0	761
0	761
4	0
0	0
11	4
0	498
483	12126
7	4564
5	6703
580	6699
0	5841
100	6807
17	811
0	6914
0	0
0	83
33	428
0	760
12	736
13	697
0	30
4	59
0	4942
804	4271
14	2326
0	1005
2	18
18	10
107	4022
0	81
0	106
6	92
0	104
0	102
1	104
0	83
33	1090
0	1319
0	1308
0	61
0	23
1	196
0	75
0	14
0	17
0	1579
0	1590
43	1557
3	488
10	487
0	64
10	182
0	131
0	130
0	75
0	0
0	284
1	324
0	132
0	81
0	57
0	35
0	479
15	107
0	8
0	4
0	0
0	0
0	0
0	3318
0	70
0	144
0	18
0	82
0	579
42	2408
3	0
8	476
6	295
0	301
1	300
13	0
14	499
2	103
18	568
0	131
0	9
0	283
0	278
9	520
5	1864
0	26
0	15
44	246
3	86
1	209
0	621
0	184
14	491
0	334
4	395
0	87
18	497
0	356
0	61
0	233
0	404
0	433
0	0
0	0
0	0
0	0
0	0
0	0
6196	6144
257	6088
0	0
0	0
0	0
0	0
0	0
0	0
0	18
0	22
0	0
0	4
0	11
2	13
0	28
0	13
0	33
0	13
0	14
0	13
0	13
1	31
0	13
0	23
0	7
0	7
0	3
0	7
0	0
0	0
0	1
0	7
0	1
8	1
0	1
0	0
0	0
0	0
0	0
0	0
0	0
0	0
0	0
0	0
0	0
0	0
0	0
0	0
0	248
397	16219
222	327
7	706
1080	15921
11	624
505	549
101	544
19	12997
325	43
0	20
0	0
0	21
0	21
0	0
0	9
0	0
0	0
0	0
0	0
0	0
0	0
0	0
0	0
24	239
35	176
2	112
0	0
0	56
0	63
3	133
11	85
0	7
0	0
0	0
0	0
0	0
0	0
0	0
0	1164
0	933
0	1079
4	907
13	649
0	875
0	875
12	895
0	810
0	850
0	750
0	699
7	207
0	482
0	226
0	474
15	1
0	102
4	81
0	30
0	18
0	0
0	0
0	0
0	18
0	0
0	0
0	0
0	18
0	19
0	19
0	18
0	19
0	18
0	19
0	18
0	18
0	18
0	19
1	0
0	18
0	17
6	194
0	168
0	27
20	117
5	133
2	30
4	0
0	24
0	18
8	1608
2	2055
0	3741
0	3590
0	160
68	1629
11	1235
0	461
0	164
4	220
8	108
46	34
71	0
33	362
5	50
0	170
0	34
0	34
2	116
0	33
0	591
0	0
5	73
0	44
0	28
0	9
0	0
0	0
0	0
0	0
0	0
0	163
0	0
0	0
0	0
0	0
0	0
0	0
0	0
0	0
0	1
0	1
4	437
62	2331
102	28376
59	733
343	1352
163	28973
0	13474
4	24088
0	8527
0	23761
0	7786
70	487
0	469
0	479
0	487
6	487
3	66
0	71
0	8
0	8
0	2
0	2
0	636
3002	2434
9	37
8	1984
3	0
0	0
0	0
0	148
725	126
5	41
0	112
0	11
9	184
560	3403
0	3324
3	111
36	187
0	1
150	2432
0	321
0	267
0	394
17	507
0	535
4	547
20	0
0	246
0	249
46	0
516	367
16	139
0	107
0	106
0	74
0	28
0	94
0	37
0	229
0	61
0	70
0	98
0	93
0	137
0	23
0	0
0	28
0	0
0	0
0	0
0	0
0	28
0	0
0	0
0	0
1355	4817
61	372
62	4864
3	4750
72	359
0	2316
154	4018
113	1512
106	194
9	38
64	135
0	2976
163	2033
70	221
62	655
0	1491
39	754
3	882
5	732
36	266
5	558
0	150
2	464
7	0
0	25
20	182
2	31
0	1
0	148
130	762
0	43
0	18
42	141
0	29
0	0
0	18
0	0
4	38
0	115
27	52
0	86
0	372
0	366
0	283
0	880
429	206
33	880
0	147
1	17
13	26
17	1106
5	1029
0	988
0	11
0	109
2	1025
40	6509
0	6583
11	5999
0	6495
0	344
0	132
0	614
32	0
1	13
38	1023
0	145
11	31
11	100
0	0
0	0
0	19
0	26
0	13
0	0
0	9
1	9
0	37
0	0
0	0
0	0
0	0
0	0
0	0
0	0
0	0
0	0
0	0
0	0
0	0
0	0
0	0
0	0
0	0
0	0
0	0
0	0
0	0
0	0
0	0
0	0
0	0
0	0
0	0
0	0
0	0
0	0
0	0
0	0
0	1
0	0
1	0
0	0
0	0
0	0
20995	5406
6	3288
0	2114
0	1384
0	1171
23	15
1	622
14	1168
0	2023
0	2054
0	2043
1	68
0	0
0	17
0	1
0	3
0	12
0	2054
0	2043
13	851
0	2
0	2
0	0
0	2
0	11
9	9
0	10
11	5
0	0
0	3
0	0
0	1
0	3
3	0
0	347
3	163
227	346
4	77
71	142
0	145
1	105
0	21
0	64
0	56
0	145
0	0
4	3438
0	79
19	2178
0	2273
0	2382
67	107
3	192
109	115
0	94
7	1106
0	1092
0	66
41	97
18	70
0	6
1	162
0	146
0	135
0	22
0	3
0	11
0	3318
0	0
0	0
0	0
0	0
0	0
0	0
0	0
0	0
0	0
0	0
0	51
0	57
0	0
0	21
6	8
0	0
0	32
0	49
0	3
10	123
4	44
5	365
0	343
0	339
1965	2445
0	1509
93	1365
54	179
12	379
0	91
0	3
0	3
0	3
0	3
0	3
0	3
0	1488
13	332
20	303
0	3
0	0
0	0
0	0
0	0
0	0
0	0
0	0
31	121
0	24
0	945
0	200
0	938
0	24
0	1030
0	17
0	891
0	122
0	888
0	0
0	0
0	18
0	0
0	0
2	213
19	2926
145	312
6	270
35	947
0	79
0	2156
24	1050
54	892
93	1062
0	1282
0	1210
0	1224
11	1133
0	1150
0	1017
0	488
0	326
0	86
0	58
0	33
0	53
0	0
5	62
0	56
5	56
0	18
0	25
9	0
55	307
0	72
2	208
0	0
0	113
1	54
0	15
31	187
0	205
873	0
0	0
0	0
0	362
0	0
0	0
0	0
0	0
0	51
0	378
0	0
0	0
0	0
0	16
381	107
96	343
6	287
0	3
14	3
0	0
0	0
0	0
0	0
0	0
1	0
0	0
0	0
0	3
521	3748
10	139
0	0
0	0
0	0
0	10
0	13
0	0
0	0
2	13
16	190
38	452
270	585
8	160
8	772
59	1207
0	1215
0	841
3	401
7	220
0	432
28	55
7	339
0	221
0	245
9	166
57	112
0	459
6	62
0	121
33	255
0	62
18	145
0	26
0	26
0	86
53	0
0	0
0	0
0	0
0	0
0	11
0	11
6	5
0	3
9	218
0	3
0	0
0	0
0	11
0	128
5	105
97	573
0	573
0	3029
0	2638
0	2570
0	2612
3	1268
40	3610
0	2972
0	3988
0	23
0	7
0	12
0	7
2	562
0	5
0	12
0	23
0	0
0	475
0	9
0	0
0	23
0	0
0	0
0	7
0	18
4	564
0	562
0	562
0	562
0	648
285	7306
17	6800
172	187
0	947
25	792
13	6950
38	242
22	666
58	4504
52	2776
1	2723
28	476
36	1030
23	712
0	0
0	0
0	0
0	0
1	2
0	6
0	909
1061	318
2	102
0	59
0	1000
0	133
0	133
0	0
0	0
0	0
0	0
0	31624
0	34499
328	30010
353	33702
42	1677
51	3833
12	365
0	0
4	1047
0	1191
0	1988
0	6598
0	2011
3	571
3	278
143	505
3	527
0	229
0	506
7	2
11	98
5	0
0	262
52	2080
0	510
0	166
0	547
0	680
4	414
0	1458
0	238
22	262
0	237
0	670
0	1034
0	419
275	157
0	811
0	214
0	721
0	178
0	593
0	1439
0	23
0	116
0	424
47	7
0	7
0	7
57	50
0	0
0	0
0	4
0	0
0	0
0	0
0	4
0	0
61	215
31	162
15	33
0	54
0	47
0	0
0	0
0	0
0	6
0	21
0	48
1433	1179
0	0
0	0
0	195
0	195
18	188
14	247
0	58
0	113
11	195
9	196
6	182
0	100
0	38
6	225
0	106
0	195
0	106
0	195
0	2
0	181
0	8
0	180
0	0
42	98
0	159
0	0
0	0
0	0
0	0
0	0
0	0
0	0
0	0
0	0
0	0
0	0
0	0
0	0
0	3
130	566
2	197
0	192
0	68
0	34
0	12
124	30
0	26
0	42
0	39
0	79
0	38
0	147
0	266
0	32
0	2084
0	2196
0	2185
0	54
0	32
0	101
0	389
0	2197
0	68
0	69
0	112
0	268
0	76
0	134
0	215
0	58
0	186
2	15
0	131
0	116
1	164
0	136
0	91
10	2228
0	222
7	2239
3	327
0	307
0	142
0	2253
0	149
0	1238
0	136
0	71
0	136
0	49
0	118
0	1096
0	32
0	104
0	94
0	169
0	2
0	53
0	52
0	116
0	0
0	18
0	1403
0	39
0	32
0	23
0	61
53	0
0	2200
0	103
0	124
12	104
0	126
0	52
0	215
0	162
0	101
0	33
0	242
0	147
0	85
0	82
0	161
45	2
0	80
0	2138
0	871
0	373
12	374
30	23
1062	318
67	318
400	0
0	0
528	13
14	13
35	166
10	1930
0	1967
2	816
0	26
62	101
0	82
0	81
0	0
0	0
0	0
1	0
0	0
5	324
0	1671
0	11040
0	11546
0	4460
0	3802
0	2536
0	14610
0	14555
0	2087
0	2018
0	5
0	1869
0	1683
0	5686
11	5720
4	174
0	181
29	1697
31	701
0	618
0	210
11	106
6	26
1	33
0	31
2	222
3	106
17	33
0	30
7	33
18	98
0	51
3	121
0	352
8	3640
0	2843
52	1282
13	59
9	905
0	1215
19	51
155	98
0	79
0	23
0	3708
891	261
0	203
0	195
2	92
0	33
11	0
0	915
0	0
1	915
0	28
0	28
220	121
0	92
0	0
0	28
10	94
10	0
1130	1284
25	463
3	315
14	604
0	297
1	509
0	210
0	498
0	480
0	252
0	66
1	558
14	17
167	23
344	0
1	94
0	0
0	0
0	0
0	0
0	0
0	0
0	1942
0	1942
9	50
26	49
44	436
5	194
0	1942
0	430
7	515
0	574
0	273
6	202
0	291
0	67
0	1
0	48
0	0
27	1899
28	4324
11	4474
0	159
19	939
0	4411
7	22
94	178
1	282
72	157
0	104
62	82
11	124
189	31
19	341
2	472
0	491
5	90
0	156
0	1
0	237
0	221
0	219
9	58
0	77
0	0
0	19
0	0
0	10
0	10
0	10
0	10
0	10
0	0
0	0
0	0
0	0
0	0
0	10
0	0
0	60
4	63
21	65
0	103
0	0
28	162
7	2
0	0
0	2
10	153
111	2142
1	51
0	161
80	700
22	193
0	193
12	74
4	7
82	2093
454	13
0	250
0	598
741	1606
0	414
0	63
150	909
7	50
173	210
18	386
0	50
6	2
199	129
0	0
0	0
0	0
0	0
0	0
0	0
4	44
0	31
0	31
9	394
4	361
2	468
0	325
0	285
0	285
9	322
6	401
0	164
0	94
0	62
1	92
0	82
9	84
0	88
0	38
0	52
9	66
0	5
0	41
0	271
41	0
0	0
0	0
0	0
0	0
57	1261
0	24
35	168
14	1354
95	1360
2	596
0	32
2	43
0	66
0	23
0	753
10	784
62	486
23	725
20	716
38	733
10	277
7	66
0	0
9	255
9	248
0	17
0	47
0	116
0	243
6	11
0	35
0	241
18	39
0	120
0	89
11	8
6	65
0	0
0	0
0	0
137	652
5	464
0	59
1	409
0	566
2	56
0	72
0	91
10	1
17	465
0	137
0	72
0	72
0	35
0	76
0	549
0	524
0	16
0	15
15	185
0	24
0	13
0	55
131	5018
27	5109
5	310
8	140
0	81
2	50
13	498
7	535
91	107
0	0
0	29
0	5246
26	127
0	124
0	124
0	124
1	18
0	0
0	0
0	0
0	24
0	27
0	10
0	9
0	9
6	0
0	0
0	10
0	10
0	10
0	10
0	10
0	10
0	10
0	2
0	2
0	2
0	2
0	2
0	2
0	0
0	0
0	0
0	0
0	0
10	0
4	0
0	0
9	41
0	0
0	0
0	0
0	0
0	0
0	0
0	0
0	0
0	0
0	0
0	0
0	0
0	0
2	35
0	0
0	0
7	300
0	18
4	72
0	0
0	260
10	99
0	0
0	0
0	0
0	59
0	36
0	0
1	75
0	0
2	116
0	39
0	0
0	0
0	0
0	0
0	0
0	10
0	20
0	74
9	74
19	74
11	5
0	85
0	33
0	25
0	15
1	137
0	64
0	12
0	9
0	114
0	93
0	93
0	86
25	308
0	321
0	34
0	181
0	113
0	63
0	7
0	7
0	7
0	7
0	7
0	0
0	0
0	0
2	45
415	9346
0	0
0	4765
31	120
56	196
0	8837
0	9206
0	4386
0	1012
0	1020
0	720
0	712
8	130
0	10
0	1020
0	777
96	1301
56	1133
0	214
0	184
0	239
73	839
11	116
27	114
399	302
72	344
30	172
0	13
0	198
0	79
20	37
2	43
0	120
14	89
52	124
3	123
0	355
0	412
50	435
0	321
0	442
25	368
0	57
0	87
2	1
0	302
0	177
5	140
0	13
0	11
0	29
0	0
0	0
0	0
0	0
0	0
161	163
3	64
0	11
62	241
1	9
5	483
0	971
0	1012
0	713
10	500
53	845
0	8
0	8
0	839
28	2716
74	2772
0	223
31	1940
23	97
0	1244
60	87
0	74
0	33
16	203
0	97
0	111
12	111
7	91
27	92
0	92
7	28
0	43
0	61
0	85
0	0
0	0
2	0
0	11
4	68
0	0
0	27
13	114
0	59
1	0
17	59
0	18
0	5
0	734
0	734
0	6
0	770
0	444
0	668
0	734
37	1214
11	26
706	2021
3	902
70	95
40	207
9	1019
0	75
3	226
0	0
0	0
0	0
0	0
0	0
0	0
0	0
0	0
88	8003
0	850
0	8501
16	7747
8	7961
45	1967
0	6671
0	5261
0	6881
0	6390
0	5336
0	5330
158	9
69	13
30	9
85	1883
6	708
5	521
1	0
45	8504
4	7590
0	0
0	52
0	0
0	0
0	52
0	0
0	0
0	0
0	0
0	41
1	424
0	100
0	288
0	370
6	81
0	4
0	348
0	363
0	276
0	345
11	51
0	0
0	71
0	173
13	14
0	108
0	133
0	16
0	12
0	0
0	36
0	24
0	40
0	16
0	10
0	27
0	0
0	0
0	0
0	0
0	0
0	0
0	0
0	0
0	154
0	139
0	29
0	18
0	339
0	172
0	200
0	11
4	11
15	3782
0	961
0	1110
187	1111
133	3720
0	572
0	486
0	233
0	68
0	222
0	0
0	0
0	245
7	524
0	172
0	128
0	607
0	6
0	0
0	0
0	0
0	0
0	15
0	15
0	15
0	0
0	0
0	0
0	0
0	0
0	1965
1114	503
44	521
0	97
11	408
0	18
0	188
0	68
0	90
0	90
5	0
0	32
0	132
0	4
0	4
0	4
0	0
0	0
0	0
0	0
0	0
0	0
0	0
0	0
5	5
0	5
0	5
4	134
0	4
0	0
0	0
0	0
0	0
0	0
0	0
723	4204
58	4199
16	304
0	162
0	0
27	391
3	391
0	90
14	54
0	54
0	0
0	0
0	0
0	1
0	1
0	0
0	0
1	0
0	0
0	0
656	179
12	179
0	2
0	22
0	4
0	4
0	4
0	22
3	32
16	1
0	6
0	0
0	5
0	0
0	0
0	6
0	1951
0	1937
11	54
25	264
22	606
0	1867
0	88
1	66
0	399
83	1516
0	207
5	1476
0	0
0	0
0	0
0	0
0	0
0	0
0	0
0	0
0	0
0	0
0	0
0	0
0	0
0	0
0	0
0	0
0	0
0	0
0	0
0	0
0	0
0	0
0	0
4793	6429
29	3908
64	880
40	2858
34	3764
190	2313
21	637
2	40
4	172
0	33
0	12
0	172
3	122
0	1605
1	2098
148	1248
0	1135
0	1743
0	371
0	986
8	853
0	171
5	485
0	304
0	176
0	386
0	179
12	350
10	441
10	102
0	2078
0	1821
0	467
0	482
32	451
68	323
1	314
0	289
31	0
1	1
0	0
0	0
42	3055
0	43
0	1199
0	1204
0	2607
0	1194
0	34
0	1244
1	121
0	5
0	5
0	0
0	84
0	160
0	44
0	2
14	22
8	2
0	3
0	3
2	3
0	3
0	95
0	126
16	113
2	111
0	8213
0	10803
5	2068
0	3431
0	3385
0	3364
19	3176
0	3174
0	1562
0	3388
0	3304
0	486
0	108
0	88
0	33
0	72
0	58
0	1679
0	12
0	143
40	143
0	840
0	94
1	129
57	413
4	909
0	1399
3	1506
0	163
1	0
0	1121
0	159
4	1026
0	1021
0	1021
1	972
6	13
0	14
0	4
0	0
0	0
0	4
0	0
0	0
0	0
0	0
0	0
0	0
0	0
0	0
0	0
0	0
0	0
0	0
0	0
0	0
0	0
0	0
0	0
0	0
0	0
0	0
0	0
0	0
0	0
0	0
0	0
0	4
0	11
0	11
1	165
0	7
0	47
0	0
0	0
0	0
0	0
466	1302
1	843
74	607
0	438
2	495
9	328
8	242
389	309
0	178
0	143
4	125
0	85
12	56
77	415
0	286
1	259
0	237
0	257
0	70
0	95
0	213
0	18
9	133
5	0
0	90
13	0
0	60
2	81
0	19
4	28
0	0
13	121
22	77
0	96
0	23
0	1
0	7
0	13
28	282
10	282
7	81
0	183
6	807
0	548
5	308
0	367
5	250
0	257
4	266
10	259
24	268
35	250
0	273
4	297
13	171
4	64
0	23
0	149
20	155
0	61
0	0
0	0
0	0
0	0
0	0
0	0
0	0
0	0
0	0
0	0
0	0
0	0
0	0
0	0
0	0
0	0
0	0
0	9
0	9
0	0
0	9
0	9
33	263
0	13
0	217
286	276
7	180
104	44
3	25
0	24
0	255
10	20
56	54
0	33
248	9971
17	5795
64	9265
0	1522
0	362
0	406
0	1704
43	883
0	213
0	1836
0	1621
211	2286
329	8158
895	2008
0	8708
5	20
0	25
0	5
0	25
0	0
0	5
0	0
6	18
0	13
3	0
0	13
0	0
0	5
95	19
0	8
0	0
1	4
0	0
0	0
0	0
0	8
612	477
133	225
1	188
27	200
0	22
0	62
3	24
0	0
127	23316
18	21235
113	18697
565	1839
163	1509
414	1596
235	9455
154	3904
96	874
226	1757
0	23740
0	0
0	0
0	0
0	16
0	10
0	10
0	0
0	0
0	16
0	16
0	0
454	712
17	615
0	597
11	14
0	72
0	61
0	195
0	0
0	0
0	0
0	0
0	0
0	0
0	0
0	0
0	0
0	0
0	0
0	0
0	0
0	0
0	0
0	0
0	0
0	0
0	0
0	0
0	0
0	0
0	0
0	0
0	0
0	3
0	0
0	3
0	0
0	0
0	3
3105	5759
26	47
0	0
0	0
0	0
0	0
0	0
0	0
0	0
0	0
0	0
0	0
0	0
0	0
0	0
0	0
0	0
0	60
0	450
10	533
0	532
0	12
0	0
0	523
0	451
0	93
543	826
1	106
0	21
74	619
13	553
0	0
222	2252
0	484
53	1124
0	925
354	907
4	608
0	734
265	252
7	158
5	836
25	408
11	266
0	294
0	0
3	13
68	108
92	216
0	31
0	0
0	0
213	3402
0	3420
1	1731
18	3129
0	1055
3	1173
6	621
0	1084
0	449
53	442
20	328
91	10
0	0
0	533
0	241
2	17
0	0
0	2
0	0
0	2
0	0
0	0
0	572
3	525
35	693
8	1112
0	308
0	15
4	171
9	6127
0	0
0	0
0	0
62	1216
35	1349
6	434
9	96
13	212
21	69
2	41
36	18
3	0
0	263
19	295
7	29
5	208
41	0
13	37
110	46
0	0
0	0
0	0
0	0
0	0
0	0
0	0
0	0
0	0
2	58
0	0
0	0
2	7
0	7
0	0
0	0
0	0
0	0
0	0
0	0
0	0
0	3406
1	692
9	3389
0	324
0	444
0	3245
0	3214
0	3195
0	0
26	4955
0	4933
13	2066
196	4517
16	5166
2	109
0	1
0	0
0	0
0	1
0	0
0	0
0	0
0	0
0	0
0	0
0	0
0	0
0	0
0	53
0	9
4	48
0	23
0	0
0	5
0	0
0	43
0	330
18	330
0	346
0	0
0	12
0	0
0	0
0	0
0	12
0	1710
0	1641
6	1548
0	1709
0	1761
18	1736
0	510
46	147
2	333
4	28
11	387
11	566
0	343
10	69
0	165
0	66
0	127
13	109
1	94
39	2
19	9
0	1100
0	1661
0	62
0	498
53	34
6	1
28	0
322	613
47	23
139	226
59	7
7	36
0	8
0	127
19	1
78	137
1	136
0	16
1	5
0	18
0	18
0	18
0	0
0	0
0	0
0	10
0	0
0	0
0	0
0	0
0	0
0	0
21	940
0	162
0	2173
0	114
463	2214
0	0
2	20
0	7
0	22
77	130
5	97
0	0
0	0
0	0
10	0
0	10
0	10
0	0
0	0
0	0
0	0
0	0
0	0
0	0
2	59
0	68
0	59
0	57
1	18
0	11
0	68
0	48
0	0
0	0
0	0
0	0
0	0
0	0
0	0
0	0
0	0
0	0
0	0
0	0
0	0
0	0
0	0
0	0
0	0
0	0
0	0
0	0
0	0
0	0
0	8
0	0
0	0
0	0
0	0
0	0
0	0
0	0
0	0
0	0
0	0
0	0
0	0
0	0
0	0
0	0
0	0
0	0
0	0
0	0
0	8
0	0
0	0
0	0
0	0
0	0
0	0
0	0
0	8
5	37
0	0
0	0
0	0
0	0
0	0
0	0
0	0
0	0
0	0
0	0
0	0
0	0
0	0
0	0
0	0
0	0
0	0
0	0
0	0
0	0
0	0
0	0
0	0
0	81
0	51
0	0
0	0
0	0
3	33
0	0
0	0
0	0
0	0
0	0
0	0
0	0
0	0
0	0
0	0
0	0
0	0
0	0
0	103
0	0
0	0
0	0
0	0
0	0
0	0
0	0
0	0
0	0
0	191
17	229
88	312
0	1
348	914
0	229
1	81
0	1807
0	649
51	1588
0	1806
0	0
0	0
0	0
0	0
0	0
0	0
0	0
0	50
903	193
0	193
7	46
0	1588
0	8
0	13
0	128
29	170
0	1211
0	99
0	23
23	35
0	18
82	14
0	1588
0	1298
0	0
0	0
0	0
1703	3103
0	726
16	2348
0	491
147	1904
2648	1251
8	1080
0	4
20	0
0	171
0	0
0	716
80	612
4	716
0	204
0	174
0	717
19	211
6	362
10	1357
11	1109
15	1111
70	588
3	521
123	773
8	122
0	292
2	354
1	230
5	511
21	15
4	103
0	153
9	433
0	277
3	402
14	201
4	200
36	184
0	0
0	0
0	0
0	0
0	0
0	0
0	0
0	0
0	0
0	0
0	0
0	0
0	0
2549	8478
2	812
65	807
0	0
216	77
44	1
8	830
97	7648
45	1933
139	375
13	1062
1021	211
299	3602
24	1380
11	681
0	1347
0	234
52	679
0	602
179	870
1	87
5	632
6	638
0	591
10	595
9	579
0	602
0	8
0	95
0	25
0	4
0	97
0	2
1	87
0	4
0	16
0	539
41	553
0	170
0	576
0	2
0	302
0	118
0	182
0	157
0	90
0	78
0	39
0	25
1	109
1	576
37	1015
0	0
24	297
0	19
0	6
0	296
0	0
0	0
0	0
0	0
0	0
0	17
0	1
186	486
0	272
0	74
0	26
1	0
859	215
0	215
0	164
0	164
0	94
0	65
0	1253
5	222
0	1161
111	996
15	1214
0	654
0	861
0	954
17	1183
0	751
32	189
30	19
0	207
0	160
12	79
1	303
0	92
0	276
0	160
0	238
0	95
0	0
0	208
0	0
2	1521
18	1386
337	546
50	759
0	1848
0	1136
0	96
10	285
0	172
0	0
5	0
11	0
0	0
0	0
0	0
15	4532
0	13144
0	12389
0	4522
0	4168
0	10796
0	781
0	708
0	364
0	876
0	531
10	2986
0	1043
30	220
7	167
0	12152
94	12816
0	12724
0	0
0	0
0	0
0	32
0	16
36	1302
382	2132
6	1336
6	1149
12	1221
231	545
0	0
0	0
0	0
0	0
0	0
0	0
0	2899
0	24
0	15
0	566
0	2
3156	1571
0	87
7	196
0	1216
0	5
15	89
26	1563
0	148
0	20
0	87
0	79
0	159
11	241
1	184
228	1377
25	1377
0	3
0	0
0	3
0	3
0	0
0	3
11	14
0	14
2	157
2	14
3	14
95	34
2	4
0	4
0	34
0	0
0	0
0	0
4	379
0	0
0	0
2	611
32	130
0	69
5	57
43	57
11	140
4	60
10	49
7	249
12	292
0	155
0	161
0	166
24	102
12	168
1	133
1	73
0	0
0	0
0	0
0	0
0	0
0	0
0	0
0	0
0	0
0	0
20	103
9	366
9	257
1	277
2	158
0	233
3	67
0	17
0	0
360	337
5	20
0	5
385	317
0	14
0	0
2	13
0	18
0	14
0	14
0	18
0	8
0	0
0	0
0	0
0	14
0	3
0	0
0	2
0	0
0	2
0	0
0	0
0	0
0	0
0	0
0	0
0	0
0	0
0	0
0	0
0	0
0	0
0	0
0	326
0	327
1537	97
7	6
0	0
0	0
0	0
0	0
0	0
0	0
0	0
0	0
0	0
0	0
0	0
0	0
0	0
0	0
0	0
0	0
0	0
0	0
0	95
141	894
37	347
0	476
0	487
4	2722
0	2608
0	636
0	1125
0	2876
113	72
0	29
896	10251
56	2645
21	6090
0	5991
62	1782
16	120
0	2273
3	5765
6	485
0	2979
227	6936
29	2341
148	1941
0	455
0	231
142	2011
0	430
1	1316
0	1081
0	827
0	182
0	1090
3	824
0	1883
6	396
0	309
196	660
2	955
12	1252
7	725
34	89
0	0
0	0
0	0
0	0
0	0
0	0
0	0
0	0
0	0
0	0
0	0
0	0
0	0
342	13658
6330	12814
18	10959
79	2789
0	1156
6	498
0	1758
0	1966
2	2083
38	1430
0	1231
8	360
0	393
0	215
15	201
0	51
89	622
7	81
60	0
15	37
0	72
20	96
0	115
12	293
4	164
0	115
11	175
7	82
0	103
3	360
1	1
0	4
4	262
0	0
2201	149
0	123
15	28
23	23
995	536
0	279
0	146
0	303
0	213
0	503
0	107
16	286
16	354
0	109
208	136
0	0
0	0
0	0
0	0
2	1
0	6
0	7
1244	1353
0	230
10	623
0	375
1	58
0	63
8	9
0	0
0	0
0	243
4	182
3	1
0	41
0	160
0	609
0	330
4	483
1	572
0	0
0	0
0	0
41	3517
0	1725
0	475
0	2221
0	563
2	2959
0	2453
18	2951
192	2161
0	93
0	1
0	0
0	51
0	147
0	0
0	51
0	76
0	95
0	140
0	188
0	3
0	32
11	26
0	99
0	92
0	101
0	0
0	0
0	0
0	0
3	0
0	135
0	149
6	128
1	7
0	24
39	41
0	18
0	23
0	1806
0	1138
0	952
0	436
0	138
7	256
81	52
0	5
245	154
15	0
0	48
0	256
12	182
0	102
6	40
0	1545
0	1
0	1
0	1
0	1
0	1
0	0
0	1
0	1
0	1
0	0
0	0
0	0
0	0
7	484
0	19
2	465
16	424
5	359
0	35
0	7
2	4
0	37
32	6
10	21
0	353
0	0
0	0
0	198
0	231
0	231
19	21
0	201
0	0
0	0
0	113
0	250
34	252
6	0
0	23
0	17
9	252
0	39
4	6
1	29
0	107
0	106
0	54
7	54
0	13
36	37
0	0
0	21
0	71
0	67
0	75
0	0
1	47
0	190
0	3
4	33
0	0
0	70
0	44
0	58
0	52
0	72
0	29
0	0
0	37
0	3
0	37
0	3
0	31
0	77
19	819
0	1942
0	1944
20	2055
0	193
0	86
107	208
0	211
86	265
10	179
59	69
0	248
0	0
0	0
0	0
0	8453
0	8399
0	22
0	114
0	288
0	39
0	463
0	627
0	160
0	262
0	0
0	0
0	0
0	0
7542	2193
234	1818
42	2195
0	33
22	49
0	48
0	44
0	41
156	0
2	2511
0	0
0	0
0	0
0	8
0	0
0	0
0	0
0	8
0	0
0	0
0	0
142	85
2	91
0	14
4	34
0	31
2	0
49	130
0	0
0	0
0	0
0	0
0	0
0	957
0	11
94	957
0	331
0	0
0	49
0	1
0	0
18	101
2	82
0	26
0	4
0	40
0	23
0	473
0	473
0	0
0	140
0	31
0	0
0	0
0	0
0	0
0	44
0	19
0	24
0	4
0	0
0	32
0	138
0	143
0	49
0	26
4	26
0	25
0	123
797	107
28	102
0	25
0	18
0	26
0	26
4	26
0	25
0	25
0	41
0	14
11	21
0	20
0	0
66	86
0	71
0	0
0	0
0	0
0	0
0	136
70	148
0	0
0	0
0	148
0	145
0	13
1327	170
1	170
4	677
29	504
0	320
0	7
20	189
19	127
1	10
0	41
795	10
0	0
0	0
0	0
29	26
0	0
2	0
0	14
0	5
0	0
0	5
0	0
0	5
2	0
0	0
0	0
0	0
0	2
0	2
0	2
0	0
0	0
5768	414
11	414
168	61
0	0
0	0
0	158
0	2
0	0
10	0
37	0
0	1413
0	1082
32	1309
0	0
0	0
0	0
0	0
0	0
7	0
0	150
0	877
0	724
0	697
0	98
263	411
0	616
0	564
10	76
18	774
0	271
0	203
0	162
0	273
26	185
8	18
0	591
0	0
0	2
0	0
0	0
0	0
0	0
0	2
28	5
0	2
0	5
148	3393
0	2042
163	3249
0	249
0	216
0	15
54	366
547	6601
23	102
27	276
476	535
64	2
21	246
20	6223
0	237
0	446
0	3244
19	185
3	336
0	3423
6	3160
4	165
0	213
1	484
1	5425
0	153
3	199
0	39
0	487
0	289
0	449
0	504
5	897
0	4690
0	4759
3	739
0	176
0	688
7	178
0	587
0	3143
0	50
1	277
0	4867
0	2408
22	151
33	553
0	63
0	1400
4	1388
127	794
0	634
0	117
5	119
0	0
37	2
8	164
0	0
0	0
0	0
0	0
0	1
0	1
0	111
0	132
0	138
6	92
0	4
0	16
0	2
0	0
0	24
0	75
0	132
0	143
0	0
0	0
0	0
0	0
0	0
0	0
0	0
0	0
0	0
0	0
0	0
0	0
0	3785
0	1880
0	583
0	2484
0	16
0	0
8	742
45	548
0	675
5	651
4	412
0	182
0	177
1	149
11	127
0	83
0	42
0	6
0	209
0	241
0	0
3	241
0	0
189	0
0	0
0	300
0	2
0	0
20	443
12	0
0	26
0	26
4	28
4	299
6	0
0	0
0	0
3	36
8	86
0	1
0	310
0	0
0	319
0	324
0	386
0	430
0	433
2	449
0	438
2	374
0	16
0	451
0	408
0	377
0	458
0	73
2	382
13	369
0	364
0	25
0	267
4	168
0	8
6	36
0	17
0	18
0	18
0	0
5	87
1	1304
20	23
0	782
0	715
0	203
0	670
3	662
9	645
0	234
4	370
0	0
0	0
0	1148
5	687
0	1130
3	238
50	486
0	407
0	387
0	228
0	0
0	0
0	0
0	0
0	0
0	0
0	0
4	29
0	0
0	0
0	0
0	0
8711	3635
0	3474
29	3611
180	2369
84	1639
24	41
0	775
0	112
0	128
0	31
0	1521
0	0
1	63
0	63
0	14
0	3
0	3
0	0
0	0
0	0
0	0
0	943
361	1380
20	962
0	40
0	121
0	747
991	302
5	20
0	0
0	0
0	0
0	0
0	0
0	0
0	0
0	0
233	153
11	153
11	1435
0	991
1	306
1	125
0	87
0	391
0	539
0	642
0	313
0	324
0	310
0	10
0	0
0	67
0	10
0	30
0	13
27	153
12	12
0	0
7	8
0	41
0	302
600	870
4	375
6	0
1	683
0	0
0	0
0	5461
0	4958
0	0
0	0
0	0
0	0
0	0
0	0
0	0
0	0
0	0
0	0
0	0
0	0
0	0
0	0
0	0
0	0
0	0
0	42
4	711
0	21
4	46
3	144
1	64
0	76
0	155
0	42
3	18
0	39
0	673
0	72
0	20
0	3
0	40
7	53
0	42
0	83
0	27
9	92
0	0
0	4
0	0
0	0
0	0
0	0
0	0
0	0
0	0
0	0
0	0
0	0
0	0
0	0
0	0
0	0
0	0
0	0
0	0
0	0
0	0
0	0
0	0
0	0
0	0
0	0
0	0
0	0
0	0
0	0
0	0
0	0
0	0
46	377
0	0
0	0
0	0
2	0
0	0
0	0
0	0
7	1240
48	3060
233	3115
74	698
25	577
54	219
1330	11
0	11
23	82
0	0
0	39
2	24
4	0
0	0
0	2
0	0
0	39
3	0
0	0
0	0
0	0
0	0
0	0
0	39
0	39
0	25
1605	323
0	162
0	65
9	40
0	110
6	32
0	41
6	0
2	700
0	0
0	0
45	170
0	142
1	92
0	93
0	0
0	0
0	0
0	0
0	0
0	0
14	133
0	3
0	68
0	140
2	87
2	107
0	145
6	10
0	7
0	7
0	7
0	7
0	0
0	0
0	0
0	0
0	0
0	0
3	0
0	0
0	6
0	4
0	6
0	4
5	0
0	0
0	0
0	0
0	0
0	16642
0	15362
0	11166
0	12588
0	13448
0	11654
0	10503
0	16642
0	13739
46	12734
0	0
0	0
0	0
0	0
0	0
0	0
27	290
0	10
0	1
0	5
2984	1263
3	772
11	33
66	227
120	12
0	20
24	14
0	16
0	5
0	5
0	1
0	0
0	0
0	0
10	0
7	215
0	0
17	0
17	1764
0	2181
15	1474
1	70
7	1913
24	199
3	1936
17	0
0	0
0	1048
81	693
8280	187
0	0
0	0
0	0
608	300
23	3
11	299
9	1
0	0
0	97
0	0
0	0
0	0
0	0
0	0
0	0
0	0
0	0
0	0
0	0
0	0
0	0
0	0
0	0
0	0
0	9
0	14
0	0
0	0
0	3
0	3
0	3
0	2
0	2
0	0
0	0
0	0
0	0
0	0
0	0
0	0
0	0
0	0
0	2826
0	3137
28	840
0	1149
0	440
0	2278
8	258
10	583
4	0
0	1028
138	1262
444	1681
51	1694
22	1488
0	42
0	535
0	988
40	892
38	605
7	49
0	580
0	555
0	61
0	136
0	293
192	253
5	1396
36	1258
0	1206
0	1579
9	211
109	40
47	108
84	703
128	491
54	1204
0	817
0	831
0	723
41	66
0	87
0	96
0	87
0	35
0	605
1	563
0	35
8	1597
0	1542
0	1439
0	55
9	933
0	142
11	40
0	27
0	104
0	10
0	0
0	0
0	0
0	0
0	0
0	3
0	7
0	7
0	0
0	5
0	0
0	1
0	0
0	5
0	7
0	0
0	0
0	0
0	5
0	0
0	0
0	0
0	0
0	0
7	152
0	54
0	0
0	0
0	0
0	0
0	0
0	0
560	41
2	41
39	65
21	299
67	8040
0	7850
0	7850
0	3154
0	3099
5	2302
0	732
0	739
0	719
0	434
0	348
0	176
13	132
0	56
0	26
13	1
39	197
0	844
0	686
0	264
0	614
0	581
0	653
0	297
0	161
0	47
0	241
0	1
0	49
3	25
10	3290
0	3392
0	3213
39	223
22	433
0	5
0	5
62	447
0	5
11	3087
14	142
6	7
0	79
8	451
22	223
10	0
1	2752
0	9
0	82
6	2820
0	27
0	2552
0	2657
4	56
0	2193
2	1872
36	88
73	46
0	2073
27	2595
0	0
0	25
4	0
3	2326
0	2194
69	1648
0	585
0	3288
0	0
0	0
0	0
0	0
0	0
0	0
0	0
0	0
0	0
0	0
0	0
0	0
0	0
0	0
0	0
0	0
0	0
0	42
19	556
2	18
0	522
0	77
1	65
0	236
12	22
3	0
0	365
9	32
0	50
0	324
0	1634
0	1164
617	1659
28	1659
1498	38466
657	6774
225	5522
3	35803
0	26
0	26
0	26
0	26
0	0
0	0
0	0
0	0
0	0
0	26
268	18281
4	8730
103	7400
0	8765
0	12267
0	11614
0	8604
19	10079
0	8894
298	17618
0	13627
25	10190
5	3405
0	10965
1	2987
13	2991
0	1
1	44
125	70
37	1241
7	1281
2	59
47	1703
0	432
0	1553
0	4
0	4
0	4
0	0
0	4
0	0
0	44
0	0
0	4
0	0
4	4
0	2350
8	107
12	2188
29	160
54	195
0	559
1	2350
76	1024
11	0
0	751
49	776
72	546
0	102
16	0
0	654
7	546
196	299
11	299
0	63
173	0
0	96
0	96
8	124
8	61
0	125
0	125
60	3598
262	3467
55	1513
0	895
12	3085
0	205
39	203
69	273
24	112
106	412
0	287
0	159
4	227
0	204
1168	1269
9	785
56	165
0	27
17	95
8	56
0	117
0	110
0	39
0	0
0	466
18	101
30	466
12	67
17	422
0	32
1463	1588
79	1260
74	203
0	1
0	1
0	1
0	0
0	0
13	444
0	399
7	384
28	60
0	399
0	101
0	26
5	0
0	972
0	1040
0	840
0	271
0	0
0	0
0	0
0	0
0	0
0	0
226	3015
1	878
0	686
0	154
116	39
0	138
0	204
0	0
0	211
0	211
0	209
0	205
0	123
0	9
0	170
0	175
0	173
0	175
0	173
0	199
0	137
0	55
0	138
0	13
0	45
0	81
0	67
0	9
0	39
0	0
0	49
0	7
0	0
0	9
8	18
0	16
0	0
0	11
0	11
0	0
0	3
0	0
0	0
0	0
0	0
0	0
0	0
0	0
5	0
0	0
0	0
0	206
0	172
0	213
0	6
20	488
0	21
6	6
0	0
0	0
0	0
0	2
0	5
2	1800
0	1267
4	324
0	238
54	1783
9	29
0	98
5	1560
67	574
80	121
13	19
28	186
0	58
15	84
102	17
0	40
0	75
0	75
0	75
0	7
0	8
0	6
0	7
0	6
0	7
0	6
0	44
0	44
0	44
0	44
0	44
0	0
0	0
0	0
0	0
473	1013
0	30
0	70
18	94
0	27
0	20
57	345
0	11
2	84
0	267
0	0
1	0
1	4
0	0
0	0
0	0
0	0
0	0
0	0
0	0
0	0
0	0
0	0
0	0
0	0
0	143
0	148
0	38
0	1755
0	33
0	27
0	28
0	27
0	23
0	0
0	23
0	18
0	16
0	37
0	45
0	14
0	20
0	33
0	16
0	101
0	169
0	1769
0	8
0	8
0	63
0	112
0	15
0	47
0	11
0	66
0	19
0	886
1	919
22	99
0	9
0	36
0	0
0	3
3	16
0	18
0	18
4	43
0	0
0	3
0	0
0	0
0	0
9	0
0	0
0	0
0	4
0	8
0	4
0	0
0	8
0	26
0	0
0	0
0	0
0	0
0	0
0	0
0	0
0	0
2	0
0	0
0	0
0	0
0	0
0	0
0	1
0	86
264	205
0	205
0	7
0	7
0	0
0	7
0	0
0	0
0	0
0	0
0	0
0	7
0	1230
7	1165
0	1037
28	297
0	420
0	835
0	482
0	782
0	212
0	315
0	652
4	275
24	592
0	802
0	26
12	39
0	21
20	219
0	150
5	317
26	342
2	7
0	0
0	0
0	0
0	0
0	0
0	0
0	0
12	187
0	0
0	0
8	351
0	0
0	0
0	175
5	370
0	72
0	87
12	27
15	78
35	473
0	481
0	526
11	479
0	0
0	0
0	0
0	0
0	0
0	0
15	4
0	0
0	4
0	0
608	248
1	0
0	134
0	134
0	90
0	166
0	123
0	2319
0	3446
0	197
2	0
0	358
0	151
0	352
0	3012
0	156
0	51
0	75
0	28
0	109
0	197
0	79
0	144
0	2
0	0
0	152
0	3
0	12
0	197
0	234
0	0
0	0
0	7
0	68
0	8
0	118
0	100
0	12
0	82
0	288
9	540
4	67
0	266
34	1094
0	3252
0	2351
0	0
2	30
0	0
0	0
0	0
0	0
6	1
0	0
251	885
14	14
131	336
0	861
3	28
0	90
11	363
0	3879
206	3965
7	3879
0	30
2	3647
15	3712
0	1327
0	717
2	670
24	139
29	79
3	186
0	0
0	0
0	0
0	0
0	3104
38	200
0	3238
45	81
0	5
0	137
0	266
16	360
0	297
0	3111
4	3026
1	3106
0	66
0	307
8	561
428	66
0	517
33	194
3	14
0	101
13	71
0	25
0	30
0	152
0	31
0	31
54	37
18	391
2902	434
0	42
138	59
0	51
0	51
0	51
0	51
0	31
0	51
0	51
0	4
0	31
0	0
0	0
0	0
33	118
0	12
0	17
0	27
0	22
0	22
0	0
5	131
0	0
0	0
0	0
0	0
0	0
0	0
0	0
0	0
0	2
0	117
0	37
0	23
0	23
0	4
0	746
0	4
0	8
0	48
0	923
0	877
1	908
0	834
0	56
0	784
0	96
0	785
0	0
0	32
0	38
0	13
0	81
0	122
0	10
0	845
29	2935
0	2390
8233	3766
2	3188
0	55
0	1522
0	487
206	1548
55	612
0	155
4	560
0	518
0	719
20	87
0	14
0	8
0	7
0	9
0	9
0	9
54	45
50	852
1	43
0	114
8	114
0	103
7	0
4	1
7	36
5	36
13	1
44	39
45	54
0	21
0	23
0	1
0	1
0	1
0	1
0	1
0	0
0	0
0	1
7	3
0	3
0	1309
0	0
0	0
0	0
0	0
0	0
0	0
0	0
0	0
0	0
0	0
0	0
0	0
0	0
6	18
0	18
0	37
0	1
2	1351
0	1085
9	111
0	102
46	484
16	362
12	42
0	26
0	506
0	341
3	342
0	64
17	64
0	0
0	4
5	1393
0	0
0	0
0	0
0	497
0	0
0	0
16	85047
6	18732
0	75432
265	75452
1	57862
17	36582
0	33895
13	15139
24	18704
119	10151
0	9930
0	5773
1	13187
2	5956
18	2304
14	1779
0	841
0	0
2	15327
0	8241
0	9
0	504
0	811
13	12
2	577
0	62
1	555
6	67
0	67
54	107
15	689
0	0
0	0
312	1368
460	3103
105	27
10	139
0	2269
6	2266
0	1
24	1385
4	0
0	0
0	7426
2	7041
80	6468
0	4141
1	3750
0	3504
0	388
0	529
4	429
0	193
0	39
0	0
421	1205
0	711
0	194
0	65
0	241
11	89
0	49
0	10102
0	10363
0	10978
0	11003
1	1893
0	10408
0	4243
47	747
0	464
8	2053
0	8631
0	10081
56	4295
0	10805
0	1929
0	3261
0	10108
0	10403
0	10596
87	3503
0	10337
0	10187
0	9976
0	7131
1	1437
0	1473
0	6888
41	705
0	8692
0	3299
4	4242
0	10202
3	1441
0	128
0	860
0	391
25	35
0	148
2	7805
2	7846
7	7696
0	4787
0	823
38	135
4	410
12	757
0	303
0	1115
3	114
0	259
1	53
0	0
0	0
0	0
6	561
24	139
266	912
0	187
22	578
139	101
3	53
28	9
0	6
0	0
0	0
0	0
0	0
0	0
0	0
0	0
0	0
9	3524
5	0
9	547
0	781
2	149
1	3450
31	764
0	3450
0	3506
0	961
6	396
40	261
46	124
16	21
6	1784
0	182
15	33
6	169
137	1076
7	225
3	111
0	38
0	127
0	961
0	3503
0	3503
0	224
0	0
0	0
0	0
0	0
0	0
0	0
0	0
0	0
0	0
0	0
0	0
0	0
0	0
0	0
0	0
0	0
0	0
0	0
0	0
0	0
0	0
0	0
0	0
0	0
0	0
0	0
0	0
0	8
0	15
0	9
0	9
0	0
0	0
0	0
0	15
0	7
0	0
0	0
0	0
0	0
0	16
0	68
0	15
0	89
0	76
0	77
0	68
0	28
0	25
0	140
0	16
0	7
0	4
0	21
0	89
0	0
0	0
0	4953
4	5278
0	5275
0	0
0	0
0	0
0	5
0	0
0	0
0	0
0	300
416	5267
0	324
29	342
1	2404
1	339
7	105
16	105
0	0
0	0
0	0
0	3
0	8
0	0
0	5
0	0
0	0
0	0
26	934
13	934
137	154
0	41
21	203
0	215
16	146
0	29
0	3811
0	3603
0	2355
1	4000
26	268
0	59
41	230
0	3668
2	3041
3	91
9	58
0	83
0	26
0	4
16	8
0	0
231	12
0	0
0	12
0	23
35	23
4	0
0	0
0	0
0	0
0	0
0	0
0	0
0	0
0	0
0	0
0	0
0	0
0	0
0	0
0	0
0	4
0	31
0	4
0	916
80	772
6	107
17	101
15	490
0	0
3	39
0	642
4	126
0	355
0	349
3	73
9	212
0	212
0	46712
25	44243
9005	56429
1096	56093
2	44041
70	39714
73	11532
7	9152
0	4298
5	4352
5	4167
842	1208
164	3742
197	2904
143	2285
24	603
0	1959
52	1942
112	1190
32	8721
2	16194
28	6604
61	711
31	5664
10	5243
30	4549
18	3456
4	6411
3	8908
87	2018
139	7123
58	2956
2	46
2	17
0	8725
0	103
5	109
0	127
0	107
0	97
0	31
0	8
0	23
0	30
0	40
0	20
0	10
0	0
0	10
0	10
0	10
7	10
0	1
0	1
0	0
1	0
0	20
0	0
0	93
0	1
0	0
0	0
0	1
0	1
0	1
0	0
0	1
0	1
0	26
0	0
9	0
0	0
0	0
0	0
0	0
0	0
0	0
0	0
0	0
0	0
0	0
0	0
0	0
0	0
0	0
0	0
0	0
0	0
0	0
0	0
0	0
0	0
0	0
0	0
0	0
0	0
0	0
0	0
0	0
4	85
0	24
0	7
0	0
0	0
5	78
0	0
0	0
2	6
25	205
6	235
0	205
3	12
0	205
0	236
0	0
1	150
0	205
296	88
8	12
0	1
0	0
0	17
0	0
520	5
8	5
34	6633
0	10210
0	5801
4	6113
0	279
0	9769
8	1110
1	917
102	583
1	675
9	6880
0	2
9	579
23	3
55	13
10	131
47	3
0	614
31	229
0	1212
43	147
0	1213
0	59
0	131
2	151
0	0
0	0
0	0
0	0
9	7023
13	76
10	0
0	13
0	48
0	51
0	50
0	17
0	18
0	20
2	18
0	34
0	7002
0	7004
0	6975
0	6987
46	1821
0	1755
19	1886
0	1800
0	37
6	798
0	791
0	18
2	61
11	95
4	277
0	94
0	45
0	328
0	226
5	23
4	23
0	23
0	0
0	0
0	0
0	9
1	0
0	17
0	0
0	16
0	16
0	0
0	16
0	0
0	0
4	3
0	9
0	0
0	6
0	17
0	17
6	0
6112	211
56	99
5	0
35	111
0	1
0	0
0	0
0	0
0	0
0	0
0	0
0	0
0	0
0	0
0	0
0	0
26	360
0	0
0	0
0	97
0	3
0	95
0	8
0	8
0	22
0	2
0	1
0	0
0	0
0	0
2	0
0	0
0	676
0	486
13	757
3	440
0	719
0	604
4	263
17	159
4	49
0	169
0	134
0	74
6	154
0	68
2	87
0	31
0	2531
0	1775
0	299
0	2024
0	64
7	224
0	0
0	172
5	7
1	0
53	93
0	2219
0	2286
371	630
0	432
0	451
3	421
0	370
0	220
0	192
0	0
28	57
13	7
0	438
2	25
473	347
0	97
11	340
0	190
0	0
0	9
3	5053
74	1015
58	109
0	915
0	806
17	1029
2	726
142	975
33	704
0	363
0	175
0	128
0	38
7	4704
56	382
0	378
8	334
0	0
0	0
0	269
0	171
71	5
0	121
23	74
0	365
0	62
23	120
0	0
15	0
0	0
16	109
0	5
0	13
0	13
19	7
0	13
0	10
0	0
0	90
18	1234
1	51
0	12
0	101
0	76
0	25
14	25
1	71
1	32
0	62
0	1
0	103
0	7
3	1266
0	7
0	7
0	0
0	0
0	0
0	0
361	397
17	2
7	54
0	6506
0	149
37	105
36	304
0	13
15	73
10	31
0	34
201	534
19	449
7	62
0	84
0	6604
0	0
0	0
0	0
0	0
0	0
0	0
0	0
0	0
0	0
0	0
0	0
0	0
0	0
0	0
0	0
0	0
0	0
0	0
0	0
0	0
0	0
0	0
0	0
0	0
0	0
0	0
14367	2898
196	2898
49	1
0	0
0	0
0	0
0	0
0	1018
0	14229
424	18534
19	19
0	276
0	18774
97	17335
32	128
0	18710
0	0
0	0
0	0
0	0
0	0
0	0
0	0
0	0
0	0
0	0
0	0
0	0
0	0
1	0
0	0
0	0
0	1
0	0
0	0
0	0
0	0
0	0
0	0
0	25
0	0
0	0
0	0
0	0
0	0
0	0
0	0
0	0
0	0
0	0
0	0
0	0
0	0
0	0
0	0
0	0
0	0
0	0
0	0
0	0
9	158
0	0
0	0
0	0
0	0
0	0
0	0
0	0
0	0
0	791
0	449
0	7
0	637
0	520
81	273
1	552
0	460
0	78
13	235
0	164
0	90
3	100
0	159
0	118
0	71
0	116
0	116
0	116
0	107
2	74
0	46
17	143
9	79
26	163
0	0
7	83
0	0
0	0
0	0
0	0
0	0
2	2595
238	5119
15	5119
4	1848
0	2581
0	3813
0	5119
0	0
0	381
4	19
0	244
0	20
21	42
0	361
79	0
0	0
40	221
0	7
8	210
0	0
0	17
0	48
0	162
0	162
0	566
0	1
0	401
0	10
0	391
0	0
0	0
0	59
0	3
0	117
5	0
0	9
0	0
0	566
0	1218
0	358
6	440
0	419
11	166
6	150
0	47
0	46
0	1183
0	0
2	0
97	297
0	66
0	69
0	23
0	0
138	146
0	236
2	0
2	0
10	19
0	0
35	418
5	418
101	198
749	71
0	23
0	29
0	0
0	0
0	0
0	0
0	0
0	0
0	0
0	18
0	3
9	958
0	1788
0	296
11	1361
0	1173
299	1141
75	704
1	1053
0	1655
0	1191
0	1054
0	1470
0	1529
4	437
6	262
33	151
0	1281
0	222
0	340
0	383
21	266
8	236
0	583
0	23
18	122
13	770
14	340
14	330
0	519
1	423
0	425
1	36
14	26
0	238
2	589
10	393
22	272
25	267
0	294
0	167
0	155
0	99
0	142
3	9
0	17
0	13
0	1655
0	1642
0	1166
0	936
0	0
1	1033
0	626
25	1066
0	478
0	49
3	0
0	19
0	0
3961	2
0	0
0	0
0	0
0	0
0	28
0	8
63	105
0	0
19	876
3	0
0	0
0	0
0	0
27	176
15	89
55	131
3	56
2	50
0	1
0	1
0	0
0	1
17	0
0	0
9	12445
425	5461
0	13
79	683
6	12457
1	0
0	124
0	60
7	127
0	3249
4	113
79	2796
213	102
0	364
3	561
38	18
9	283
16	96
0	12453
31	3356
234	5574
4991	5574
53	125
43	20
0	2
0	2
0	2
0	2
0	0
0	2
1745	0
0	14
0	0
0	0
0	1
0	14
0	14
0	0
0	0
0	0
0	14
0	14
0	1
0	1
0	0
0	0
0	0
0	0
0	14
0	14
0	3
73	446
0	22
100	2
0	71
0	69
0	5
8	118
0	21
0	1
0	426
0	0
15	22
0	20
0	0
3	68
0	12
0	3
27	215
0	0
0	0
0	0
0	29
0	243
6	401
0	240
0	256
0	0
0	166
0	8
0	0
0	0
0	0
0	0
0	0
0	753
0	1606
0	42
35	240
0	818
4	272
0	37
0	1060
251	342
0	26
0	112
0	66
0	226
330	210
1	1530
0	1484
0	0
4	15
0	15
272	12078
462	1553
12	1176
0	1312
1620	11799
5	152
33	374
0	320
103	3747
1	204
17	3
0	0
0	204
0	0
37	812
11	117
0	29
87	39
13	774
30	0
9	33
0	121
0	137
0	39
22	82
0	81
38	35
58	21
0	338
95	246
3	6
22	101
0	634
21	248
0	3
1	8
0	26
0	22
1	159
4	20
4	24
0	54
0	0
0	0
0	0
461	1822
0	58
25	0
1	0
5	186
0	183
9	113
6	1558
7	1265
55	264
2	43
136	1351
8	105
9	73
26	1194
21	78
149	2024
0	94
0	765
0	978
0	557
0	219
0	1096
3	345
12	245
0	29
12	131
3	1
0	13
0	14
0	0
0	0
0	80
0	0
0	0
2521	383
4	69
0	0
0	0
0	0
0	0
0	0
0	0
0	0
0	0
0	0
0	0
0	0
0	0
0	0
0	0
0	0
0	0
0	0
0	2097
0	2040
0	679
0	726
0	838
0	726
0	726
0	511
0	726
0	726
2	78
0	4
25	61
0	4
0	7
0	57
0	31
0	9
0	0
0	0
3	303
6	94
0	89
0	0
0	1
0	57
0	9
0	0
8975	4347
655	1909
54	769
81	3264
8	423
4347	313
0	290
21	336
0	22
0	93
2	347
0	336
0	41
0	16
0	108
0	0
0	0
0	0
0	0
0	0
0	0
0	0
0	0
0	0
0	0
0	0
0	0
0	0
0	0
0	0
39	114
32	78
399	806
0	39
0	0
0	0
0	357
0	0
0	0
0	0
0	0
0	1
0	5
0	5
0	5
0	5
0	2780
40	2466
6	2558
0	2600
0	464
44	312
3	299
6	36
0	332
0	308
208	126
1	37
0	20
0	56
0	56
0	49
0	25
0	8
0	0
108	338
33	338
0	869
117	1721
26	41
0	1561
0	0
0	175
0	182
0	194
297	976
0	103
0	189
0	1
3	4
0	3
0	1
0	0
0	0
21	1254
0	0
0	0
0	0
0	0
3917	425
0	122
0	21
72	175
2	468
0	390
0	389
0	405
0	397
0	406
430	507
0	417
4	265
6	107
5	2
0	0
0	30
0	19
0	14
0	637
0	637
0	637
0	0
0	0
0	2
0	0
0	0
0	0
0	2
0	93
0	310
42	67
0	274
0	0
1637	1371
6	981
5	231
2	17
2	193
0	0
137	126
0	313
0	300
6	143
0	91
0	41
0	46
10	143
0	25
0	6
34	236
0	236
0	33
0	169
5	429
0	423
2	34
0	1229
10	3739
0	581
1	3604
2	595
59	234
8	237
153	228
203	835
181	692
331	683
13	356
90	1790
12	1797
0	488
45	1227
23	182
3	75
71	277
25	66
2	139
15	139
14	11
0	21
5	29
2450	1085
14	1083
0	1055
0	887
0	413
0	278
0	75
0	79
0	22
928	6789
79	5505
23	825
15	700
47	27
23	122
0	0
0	0
0	0
0	0
0	0
0	99
0	113
0	92
17	40
0	27
0	0
0	5
0	81
0	94
0	0
0	0
0	0
0	0
0	0
0	0
0	0
0	0
0	3
0	3
0	21
0	196
0	51
0	1025
12	140
0	118
0	53
1	116
0	45
0	987
0	31
0	131
87	958
0	13
0	936
0	28
0	886
0	2
0	53
150	625
28	625
0	1852
0	412
0	471
0	392
4	385
1	2009
15	200
16	125
5	126
2	66
3	125
21	118
6	56
47	10
0	31
0	39
0	0
0	97
0	1
28	799
0	589
0	776
0	11
0	11
2	11
0	342
0	0
0	0
0	0
0	0
0	0
0	0
0	0
0	0
0	0
0	0
0	0
0	342
0	0
4	0
0	0
0	0
0	0
0	0
0	0
22	401
0	358
17	166
29	207
0	340
0	49
0	149
0	105
11	39
0	3
0	26
0	2
7	324
0	0
0	0
0	0
6	0
0	7
0	7
0	7
0	0
2	4
0	0
0	0
0	4
0	0
0	4
0	3
0	416
0	170
0	527
0	81
6	374
8	445
37	104
2	200
21	10
35	134
0	532
1977	2415
14	1211
0	753
0	101
2	1120
31	542
0	1032
0	108
13	6
0	392
340	7383
16	2382
14	6427
0	104
230	21
239	205
0	152
60	849
69	786
48	343
3	144
0	94
0	94
55	94
0	43
2	62
0	81
52	129
333	393
2	27
7	344
0	30
8	58
0	2
0	47
0	41
3	12
0	32
0	1
0	0
0	0
0	0
0	14
0	1
0	0
0	14
0	14
10553	7172
0	5160
439	305
65	793
145	793
6	78
3	946
0	384
0	151
18	872
0	713
0	104
0	123
22	794
0	264
0	563
219	875
13	878
0	99
25	101
0	109
0	321
1	906
0	19
0	41
6	46
0	203
0	195
61	419
109	388
23	90
0	562
0	122
0	0
0	0
3	10
0	0
0	0
0	0
0	0
0	0
0	0
0	0
0	0
0	0
0	0
0	0
0	0
0	0
0	0
0	0
0	0
0	0
0	0
0	0
0	397
0	22
0	401
0	47
0	0
0	20
0	2
0	107
4	304
0	32
0	31
0	22
0	104
0	107
3	36
0	0
0	16
7	66
0	14
2	2
0	36
3	0
9	0
1	48
0	161
48	1234
4	2300
0	2256
2	1877
39	2133
0	1386
6	15
11	610
0	1370
59	127
0	368
0	588
0	0
0	0
0	0
0	0
479	572
0	51
0	80
0	4
0	389
2	387
4	342
0	1
0	91
10	57
0	6
0	0
0	24
0	226
95	2086
21	267
21	267
71	233
153	1980
17	127
1	278
4	1
2	0
0	341
0	2748
5	19
0	142
0	0
0	213
0	2598
2	9
0	2797
5	2742
0	168
0	88
108	2775
0	76
0	138
0	301
0	134
6	275
2	384
16	163
0	138
21	138
0	191
47	10
0	178
4	228
2	1151
0	950
0	901
0	765
0	121
69	724
22	295
0	813
0	1068
0	743
1	14
0	21
38	61
5	3
0	38
0	69
0	136
0	38
0	48
4	3
0	921
0	44
0	220
0	15
5	220
4744	1004
160	398
30	414
0	0
98	198
10	290
202	2565
6	434
5	75
4	149
0	87
397	2115
17	939
0	867
95	674
21	747
0	626
0	46
40	44
0	0
0	5
0	46
0	6
0	1
0	44
0	0
0	0
0	0
0	0
0	0
0	0
0	0
0	0
0	0
0	0
0	0
0	0
0	0
0	0
0	0
148	0
16	739
89	638
0	793
0	131
0	671
0	177
0	46
1	8
0	7
0	8
0	7
0	46
2	7
11	75
0	0
0	16
0	134
0	1
0	76
0	0
0	0
0	0
0	0
0	737
74	0
0	737
813	274
35	274
0	27
0	0
0	0
0	3
15	230
0	172
15	157
0	187
0	24
0	36
0	9
0	0
0	0
0	0
0	2
0	0
0	0
0	0
160	1698
0	1496
179	1464
147	1104
7	599
120	235
99	886
234	900
73	1040
10	791
6	1045
0	44
24	114
0	125
0	235
0	190
9	138
0	272
24	144
1	97
0	114
5	92
0	159
0	57
15	82
0	59
0	68
81	244
8	206
0	7
6	178
14	1492
86	857
14	337
0	265
0	426
0	147
0	139
0	217
0	123
20	122
0	189
0	113
21	35
2	14
290	3254
0	3037
1	3040
39	3065
2	3253
229	3000
0	2865
74	3228
3	3291
3	2399
76	56
3	599
0	532
1	64
0	138
10	117
0	192
0	273
0	287
0	135
5	68
0	17
0	42
0	90
10	51
27	47
0	61
0	4
0	174
0	453
0	0
33	11
0	50
0	0
0	0
0	0
0	0
0	0
0	0
0	0
0	0
0	0
0	0
0	0
0	0
0	0
0	0
0	0
0	0
0	0
0	0
0	0
0	0
0	0
0	0
2	408
0	0
0	0
0	0
0	0
0	0
0	0
0	0
0	0
0	12
0	0
0	0
0	0
0	0
0	0
0	0
0	0
0	0
0	0
0	0
0	0
0	0
0	0
0	0
0	0
0	0
0	0
0	0
0	0
0	0
0	0
0	0
0	0
0	0
0	0
0	0
0	0
0	0
0	0
0	0
0	0
0	0
0	9
193	587
0	9
0	1
0	1
0	0
3	0
0	14
0	48
312	70
11	70
0	0
42	0
2100	1914
11	126
0	766
10	302
0	190
8	116
0	365
32	466
21	479
0	449
472	409
0	8
0	409
0	8
0	16
0	76
8	0
17	392
7	523
0	262
1	172
0	143
0	164
14	183
0	333
0	7
0	7
0	6
0	4
0	11
22	14
0	11
0	6
0	10
0	0
6	0
0	0
0	79
0	9
0	0
65	2954
0	3059
5	2851
446	2907
1	107
319	316
265	1320
0	221
10	295
3	290
0	2
15	15
0	95
10	1355
252	1805
7	279
0	1381
3	150
12	76
0	136
0	137
12	163
5	158
0	76
0	15
0	12
0	0
0	0
0	0
3	4
0	4
0	7588
5	7928
0	8447
2	8080
0	7383
0	2020
0	1221
47	5753
1	1631
1	7993
3	449
5	1027
0	2224
0	88
0	88
154	1056
0	1056
0	0
11	0
0	6
0	0
0	6
1627	2997
135	1828
32	1426
4	1395
15	994
0	593
2	95
0	30
0	31
1	25
0	0
0	0
0	0
0	105
0	888
404	908
0	17
60	305
59	395
0	70
0	82
7	41
0	117
0	41
43	0
0	0
33	0
0	24
26	24
0	1781
155	882
10	0
0	47
0	550
1	53
0	772
85	545
0	0
0	30
0	0
2	16
0	4
0	77
0	32
186	552
0	236
0	215
0	169
0	303
2	28
0	369
0	316
0	169
0	257
0	210
6	99
0	110
0	34
0	356
0	303
0	3
0	0
0	3
0	26
0	283
0	4044
0	3845
0	4155
0	57
0	798
0	181
0	390
0	2135
0	196
0	242
0	308
0	1755
0	704
0	454
0	527
0	3277
0	4086
0	0
19	69
15	885
0	408
10	366
0	0
0	241
6	3462
12	193
0	3334
0	85
64	2348
10	140
9	3347
0	0
157	1352
0	1017
4	1245
20	333
26	3845
223	3903
0	151
0	3143
16	176
4	974
48	1355
0	621
12	128
9	894
0	724
2	18
0	344
49	323
0	89
11	218
0	75
0	42
0	46
0	19
0	7
0	0
0	15
4	197
220	4753
96	367
0	374
3	4666
0	439
4	868
0	32
5	44
0	4672
0	38
0	59
0	361
65	347
6	347
6	306
0	218
0	0
0	0
0	0
121	120
0	0
0	0
0	0
0	0
0	0
0	0
0	0
0	0
1	1623
6	1622
193	2072
5	1625
0	903
0	76
78	1625
5	406
14	129
135	22
5	3
0	3
0	78
0	78
0	0
0	0
0	0
1	0
0	67
157	1260
153	2624
144	933
169	1162
79	740
18	683
32	46
49	150
18	1
0	931
0	506
44	1351
0	825
0	634
1	314
0	29
0	121
0	82
0	53
0	0
1	5
15	41
0	53
0	0
11	131
4	0
0	0
214	206
0	113
1	2
0	29
0	0
0	0
0	71
0	33
20	241
5	22
1	54
0	62
0	7
0	42
0	2
0	26
3	1
0	2
0	0
5	26
0	0
0	11
17	0
2	0
0	0
4	65
70	2668
136	1182
116	2143
6	1579
6	1659
32	304
0	349
0	134
115	69
61	499
0	0
0	0
0	0
0	0
0	0
0	0
2	0
0	0
0	0
0	0
0	0
0	0
0	0
5	268
0	208
0	221
0	221
0	207
0	58
0	43
0	37
0	26
0	10
0	26
0	0
0	12
0	33
2	0
0	17
0	0
0	0
0	9
0	9
0	9
0	3
0	3
0	3
0	0
0	0
0	0
0	0
0	0
0	0
0	0
0	0
0	0
0	0
0	0
0	0
0	3
0	32
0	35
0	45
8	147
127	240
44	40
0	154
6	104
0	115
1	56
0	29
9	149
2	123
0	9
0	121
0	126
2	12
0	69
13	45
254	268
0	395
2	160
7	199
0	122
1	0
0	1100
0	53
0	80
0	16
0	2
3	1100
0	16
0	79
0	78
62	60
0	216
0	1139
0	873
0	1055
0	271
74	90
1	45
0	159
0	154
0	1838
20	1971
0	2347
14	2264
0	504
55	42
61	105
71	98
23	18
0	192
0	173
5	113
0	110
0	103
0	1548
0	1955
30	571
3	1121
0	874
7	54
0	41
9	830
0	172
0	258
0	136
0	287
3	150
0	193
0	327
0	121
0	146
0	156
12	365
7	383
0	95
10	139
4035	21
0	21
0	2524
3	493
4	203
9	156
13	0
0	86
0	39
5	50
0	70
135	254
4	186
14	86
34	71
0	284
1	301
1	279
6	668
0	64
0	430
0	172
0	64
11	295
0	373
0	303
0	2
0	2
6	381
40	443
0	311
0	476
0	77
0	318
0	420
4	5605
1	1317
0	785
0	3451
0	438
6	676
3	4397
5	3694
0	659
8	480
0	2726
0	118
0	178
0	5369
0	4980
33	1972
0	1331
36	887
0	1917
3	300
45	379
28	294
2	64
2	120
78	41
13	1917
8	830
0	86
2	384
0	86
0	0
4	0
151	264
0	140
0	151
0	157
0	158
3136	1331
0	862
28	537
2	13
0	0
0	0
0	0
0	0
0	0
0	0
0	0
0	0
0	0
0	0
0	0
0	0
0	0
0	181
0	180
4	188
0	149
0	55
0	16
0	22
0	4
0	0
0	0
0	0
0	183
0	183
0	567
0	3557
17	6163
0	6072
0	1094
0	5016
0	490
0	664
65	1000
7	842
2	62
27	251
0	0
1	172
0	363
7	311
0	35
2	4
0	88
0	144
5	253
0	246
0	235
2	207
1	128
0	0
0	0
0	0
0	0
0	0
0	0
0	0
0	0
363	538
666	538
0	6
0	0
0	0
0	0
0	6
0	0
0	0
0	0
0	0
0	0
0	0
0	0
0	0
11	1384
0	1428
0	1402
0	97
0	203
0	150
0	1165
0	218
0	101
8	75
0	292
6	302
20	320
0	281
0	142
0	38
37	1568
0	1651
49	1926
0	1779
21	879
5	1079
0	1554
0	1213
35	205
0	253
14	401
0	163
0	119
2	54
0	334
6	354
2	52
0	164
0	131
0	127
0	101
0	1959
0	2076
6	27
0	27
0	27
0	74
0	109
5	1749
0	325
0	937
59	308
22	22
0	1734
0	1923
0	27
0	683
590	10639
0	14
37	686
492	5704
0	6589
0	12
0	429
27	164
0	157
132	3645
0	10639
137	4011
15	295
0	212
4	3734
0	293
0	328
0	295
174	3061
73	485
137	76
1	2775
29	1099
40	1196
0	1012
0	2001
0	783
0	1777
233	2159
5	641
14	424
20	494
0	492
1	217
3	385
8	422
3	561
0	428
0	63
18	10
0	2076
141	5026
0	5100
0	15
0	5
0	4997
0	0
0	1
8	24
38	284
0	0
0	11
0	13
0	24
399	2503
0	1781
10	954
0	1074
23	341
7	813
0	4
0	8
0	39
2	34
4	144
0	0
0	0
0	75
0	75
0	0
0	0
0	0
0	0
3	0
112	1708
64	1202
601	2157
21	1562
59	1832
147	40
28	8
0	0
0	0
0	8
21	161
0	81
0	131
0	0
0	9
4	10
0	9
2	34
5	0
0	0
48	393
3	391
2	391
2	389
17	90
1	390
12005	4361
0	4081
62	280
0	108
0	12
6	195
0	25
0	12
2309	292
0	291
0	50
0	634
0	10
0	42
0	394
0	326
0	105
0	211
0	613
0	616
13	39
3	39
0	36
60	302
0	4
0	233
91	244
0	47
0	9
0	144
0	0
0	172
0	122
0	118
104	359
14	318
0	41
9	1
0	0
0	0
0	0
0	0
0	0
0	0
0	0
0	0
0	0
0	0
0	0
19	0
0	0
44	3014
14	255
2	264
0	258
0	55
0	212
0	159
3	184
0	218
0	184
0	0
15	186
1573	2630
2	229
0	350
0	1677
0	106
2	822
0	0
0	507
417	138
1	841
25	941
0	37
0	62
0	645
0	491
6	765
0	555
0	386
3	157
0	116
10	662
501	383
6	34
1	129
1	0
0	78
58	78
0	0
0	9
0	849
18	663
0	154
0	874
0	692
0	419
0	426
0	742
0	384
0	600
0	813
38	420
0	646
0	0
19	858
0	1817
0	1567
0	2771
38	1230
0	968
41	1493
6	314
0	1991
53	429
4	1855
0	1335
9	14
0	213
362	542
0	1596
5	482
11	54
430	156
5	43
0	41
0	69
0	0
0	0
0	46
0	38
3	14
6	1
0	14
0	0
0	742
0	1109
0	838
0	1184
0	64
55	2479
3	2200
10	1271
16	77
12	22
28	213
68	591
0	389
45	376
6	256
0	308
21	27
0	27
0	26
0	10
0	3
0	3
2	18
88	0
72	25
0	17
0	0
0	4
0	1
11	8
16	552
0	172
5	0
0	0
0	0
0	0
0	0
0	0
0	0
0	0
0	0
0	0
0	0
0	0
0	0
0	237
0	184
0	237
0	182
1	69
38	99
0	98
0	250
0	219
0	239
0	83
0	68
0	51
0	36
10	86
44	239
0	241
0	78
0	20
0	4
0	49
33	50
0	17
0	18
8	22
0	11
0	0
5	0
0	0
157	27
0	0
71	1653
6	1380
203	1853
17	5
0	342
35	415
0	105
37	148
141	40
122	4
8	18
0	0
0	0
0	172
0	37
0	4
0	4
0	8
39	0
0	8
0	8
0	4
0	0
0	0
0	0
0	4
0	0
0	0
0	0
0	0
0	0
0	0
0	37
9	912
5	1000
0	60
12	887
0	99
1	294
0	135
14	23
6	208
19	43
29	201
0	68
10	10
0	38
0	34
0	12
0	6
0	7
0	0
0	0
0	421
0	0
133	0
15	568
17	1738
32	1191
27	240
24	1210
59	675
0	563
0	445
17	363
0	180
5	39
3	46
67	4
17	79
10	291
0	35
2	24
0	53
0	24
0	6
0	1461
0	1425
0	1670
0	1613
0	1509
0	1659
0	1610
0	1425
0	1501
0	1471
361	487
0	1655
5	383
0	395
10	0
1	291
0	24
0	22
0	53
0	0
0	6
0	0
35	122
1	0
7	31
0	52
0	43
0	198
0	203
0	212
1	90
1	1
0	0
25	0
0	0
0	0
0	3
0	0
0	0
0	2116
64	1746
1	51
0	26
4	203
0	2125
1	770
0	0
0	0
0	0
0	0
0	0
9	29
0	938
0	676
0	177
23	68
0	19
0	0
0	927
0	142
0	3
0	3
0	3
0	0
0	0
0	3
0	3
0	32
454	48
5	43
0	0
0	126
0	8
0	126
415	13869
26	13398
19	10498
0	12156
0	2843
0	1582
378	3619
113	1206
12	2674
0	1346
0	1127
106	320
36	450
12	12291
0	0
0	0
0	0
1	48
0	35
0	33
0	22
0	19
5	30
0	6
3275	819
1	99
20	724
4	431
0	213
0	215
5	1
13	12
8	13
0	10
0	0
0	0
0	0
0	0
4	215
0	0
0	0
0	0
0	0
0	0
0	0
0	0
0	0
0	0
0	0
0	0
0	40
766	896
7	305
0	646
0	59
5	41
0	27
0	0
1931	1850
8	349
7	8
13	53
1	16
0	122
0	60
0	35
4	76
0	40
0	27
0	40
0	14
0	39
0	21
0	10
0	17
0	2
0	10
0	10
0	10
0	77
0	77
0	0
0	0
0	0
0	0
0	0
0	0
0	0
0	0
0	0
0	0
0	1111
0	34
0	15
0	34
0	6166
0	394
0	580
0	475
0	52
74	7
0	136
0	28
117	294
0	21
3	3
6	1835
0	3
3	44
2	39
0	0
39	1215
2	1532
0	55
0	7
0	58
0	696
5	52
0	1770
7	1846
8	810
42	709
0	369
9	756
0	0
0	0
0	0
0	139
0	0
0	3339
261	2464
0	3544
0	495
3	3025
0	1069
0	780
3	114
0	265
0	176
0	7
0	0
0	7
0	4
9	11
8	7
0	0
0	0
0	319
48	1981
6	252
34	1470
7	1823
136	2449
4	249
23	1652
5	1550
0	160
22	202
4	115
15	53
0	17
0	24
0	232
28	100
35	243
7	52
79	140
0	3
7	1177
103	1776
0	147
0	548
0	55
1	117
0	148
0	200
0	91
40	853
9	449
89	1993
4	241
0	0
0	0
0	0
159	1254
0	44
0	36
0	1146
0	1146
0	1221
0	0
0	4132
2	602
0	3715
33	67
50	12
31	2705
56	2653
11	936
53	328
18	61
7	293
18	113
25	301
17	39
0	104
0	4116
0	4217
0	2708
0	2494
0	378
0	1166
0	567
0	52
0	2052
0	2432
0	1587
178	224
0	1110
0	989
67	795
0	42
0	13
3818	42
0	149
0	0
0	0
0	295
0	292
0	7
0	166
6417	142
1	0
32	128
0	0
0	0
0	1
0	0
0	0
0	1
0	0
0	0
0	0
0	0
0	0
0	0
0	0
0	0
1	20
0	0
0	0
0	0
0	0
0	2
0	0
0	0
0	0
0	0
0	0
0	0
0	0
0	50
0	50
0	50
0	0
0	0
0	49
0	6
0	40
0	3
0	0
0	0
0	0
0	0
0	50
0	0
0	0
0	0
520	1560
0	67
0	44
0	48
9	160
0	71
56	93
0	4
2	31
0	31
0	85
0	516
3	367
0	304
0	416
0	781
0	630
0	583
0	708
0	629
31	802
41	634
0	574
0	31
12	127
75	235
2	21
13	37
12	1
0	265
0	0
0	0
0	0
5	528
0	113
12	306
0	346
0	423
0	492
0	423
0	80
0	157
23	27
1	5
11	42
6	1282
4	1282
0	393
0	485
177	286
0	313
3	299
0	237
0	167
0	79
0	145
3	76
13	1
0	1
0	68
0	0
0	6
0	6
0	5
0	6
0	6
0	6
0	1
0	0
0	0
0	1
0	0
0	0
0	1
0	0
0	0
23	20
0	10
0	12
0	15
20	16
0	13
4	18
0	9
0	4
0	7
0	0
0	6
8	0
3	11
1101	1477
7	350
3	533
0	1127
0	0
0	454
0	6
0	0
0	6
0	0
0	6
0	59
0	7
0	0
0	0
17	31
0	59
0	0
0	0
0	0
0	0
0	0
5	17
0	17
0	884
0	778
0	34
0	1
1	187
0	61
38	479
0	1
0	0
0	0
0	7
0	7
0	0
0	0
10	300
0	8
3674	576
5	28
4	244
16	8
1	2351
0	2710
0	297
13	2391
0	327
5	378
0	2691
17	2485
0	140
1	170
0	164
1	2463
0	330
27	31
0	477
20	730
29	280
106	589
2	26
0	340
0	41
10	468
55	863
34	1
0	10
8	418
3	83
0	163
1	76
156	719
3	884
191	665
4	40
3	297
5	30
0	83
0	56
2	593
0	74
0	144
0	18
8	259
0	6
30	5
19	18
0	11
0	11
4	1
20	19
1	20
0	144
22	244
0	58
5	123
16	123
74	1481
9	1597
0	1531
2	1620
0	189
0	173
0	106
12	11
2	0
0	0
0	0
0	0
0	0
0	0
13	306
0	68
0	129
0	56
3	48
23	35
108	232
1	178
549	415
3	0
0	0
0	0
0	0
0	27
0	27
0	0
0	27
0	27
0	27
0	27
0	27
0	0
0	10
0	10
0	6
0	6
0	10
0	0
0	0
0	0
0	0
0	0
13	0
0	0
0	0
0	0
0	0
0	0
0	41
0	0
0	0
0	0
0	0
0	0
0	0
0	0
0	0
0	0
0	32
0	0
6	534
0	340
20	474
0	510
35	508
1	280
33	51
0	160
6	0
0	96
0	90
4	70
2	37
0	46
4	15
17	26
36	8
0	398
0	5
0	0
0	0
0	0
0	0
0	0
0	5
4	442
0	442
0	248
2	95
0	163
0	134
0	7
0	27
0	23
0	5
0	4
0	3
0	3
0	73
0	23
153	144
0	144
0	25
2	109
3	7
0	60
0	26
1	0
0	0
0	289
0	149
0	40
23	0
194	2472
132	638
0	1438
0	2167
1	1813
23	30
45	347
5	61
0	21
0	0
5	213
0	1479
0	0
86	749
0	106
0	707
11	96
0	28
17	34
2220	482
0	201
0	232
0	42
21	2
7	24
0	2
3	0
4	0
0	0
2158	504
13	327
21	67
2	70
0	46
11	41
3	23
210	28
8	28
0	3
0	3
0	1097
0	0
0	7
0	0
0	7
0	7
0	0
0	1097
0	758
741	2128
19	1770
0	123
3	584
0	183
21	153
7	123
0	462
37	46
0	198
0	37
204	559
3	98
0	72
41	474
1	139
32	155
18	28
13	81
5	57
0	36
0	36
0	0
0	0
0	80
0	0
0	80
0	4
0	0
0	0
0	0
0	0
0	0
0	21
0	21
0	5
0	16
0	88
0	0
0	0
0	71
0	58
0	16
0	85
0	0
9	0
0	9
0	1
0	6
0	6
2	14
0	0
2	26
58	980
0	4
0	5
0	4
0	5
0	582
0	578
0	582
0	0
1	0
0	4
0	617
0	978
0	1187
0	642
0	619
0	681
0	82
0	81
0	0
994	4636
0	661
0	127
17	195
3	383
48	3775
0	24
0	3
0	3
0	322
0	99
0	92
0	111
0	113
0	115
0	93
0	59
0	12
0	22
0	79
3	133
0	0
0	13
6	145
17	47
38	833
0	71
4	750
0	731
6	45
0	61
0	112
0	26
0	5
3	67
9	105
0	96
24	358
146	361
0	330
0	0
0	0
0	0
0	0
0	0
0	330
0	0
0	0
0	0
0	330
6	4
125	266
35	207
69	125
864	318
0	0
44	7
1	53
0	204
382	2176
0	303
1	154
0	2003
0	469
0	368
20	22
6	0
1	83
0	0
0	761
0	833
2	1032
3	249
0	440
0	419
0	243
80	154
80	725
626	1077
6	146
0	0
0	0
0	14
0	0
0	0
0	0
0	0
0	0
0	40
0	52
0	22
0	38
5	2448
52	1050
320	1173
9	2717
88	2619
17	2282
19	1674
44	1230
43	78
14	74
0	86
0	140
0	148
8	745
139	724
12	499
18	9
3	40
18	59
22	9
91	226
0	91
149	35
0	31
0	0
0	438
2	51
0	2
0	57
0	2
0	6
0	44
0	50
0	13
113	4053
0	2286
44	4241
10	3229
0	1695
0	1826
166	936
0	1523
0	1883
1	1834
21	113
0	63
0	344
0	1
227	902
2	238
0	117
0	178
0	318
0	2889
10	1041
38	910
56	988
53	1041
89	54
32	9
0	17
0	0
0	0
0	29
0	234
0	232
0	40
0	69
0	201
0	221
0	106
0	42
0	42
0	429
0	48
0	23
0	36
0	22
14	18
20	84
0	0
0	0
2	577
7	577
0	213
0	315
0	120
0	0
14	890
0	563
16	939
12	351
4	509
0	139
24	561
2	291
22	135
16	627
22	329
4	22
0	479
0	147
20	238
13	127
0	180
0	111
0	71
0	79
0	57
417	1715
43	1883
6	95
3	59
0	32
0	3
0	16
40	9
0	126
15	1860
0	102
0	200
0	222
0	194
1	0
0	0
147	6
633	647
0	64
0	20
0	9
0	20
0	4
0	4
0	4
0	4
0	0
0	0
0	6
0	0
0	0
6	15
247	477
1	29
8	31
0	253
0	0
0	107
0	17
0	0
0	6
0	17
0	9
0	9
0	9
0	0
0	1
0	1
0	9
0	1
0	0
0	0
0	107
0	32
0	333
0	111
46	41
0	27
0	94
0	17
0	58
0	29
0	885
0	14
0	788
0	84
0	754
0	683
0	562
5	262
0	34
0	36
0	18
0	663
0	586
0	25
0	25
0	25
0	25
0	25
0	7
0	7
0	0
0	7
0	7
0	7
0	0
0	7
0	0
0	0
0	0
0	0
0	0
0	0
0	0
0	0
0	0
0	0
0	0
0	25
0	25
3	82
0	2
0	57
2	22
0	19
0	21
0	21
0	48
0	0
0	12
0	0
0	8
0	12
3	6
0	11
2	54
0	94
0	33
0	0
0	0
43	25
0	66
0	77
0	0
0	0
0	0
0	0
0	0
0	0
0	0
0	0
0	0
21	4
1	222
20	222
0	188
9	0
2	15
5758	440
18	292
3	193
58	272
0	166
9	23
9	19
1	0
0	148
0	148
0	0
0	0
0	0
0	37
6	0
0	19
0	37
0	17
0	14
0	1
13	2401
0	549
0	2387
0	1992
0	1968
0	1173
0	710
11	133
29	132
0	37
6	0
0	501
0	0
0	241
0	183
0	166
0	141
2	115
0	10
0	413
0	365
10	2280
16	2252
9	2272
0	2810
0	2787
5	2571
117	348
12	144
0	23
214	165
18	339
14	1698
0	249
0	137
137	1466
10	1044
12	458
0	353
0	267
1	219
7	751
10	65
0	340
11	429
0	271
9	197
3	143
32	117
0	38
16	55
0	12
0	0
0	0
11	0
67	15
0	15
0	0
0	0
0	0
0	48
0	61
0	104
0	35
0	39
0	34
0	82
0	35
0	28
0	39
0	45
0	63
0	42
0	43
0	35
0	25
0	33
0	33
0	36
0	22
0	9
1	4
0	4
0	0
0	0
0	0
0	0
0	0
0	0
0	0
0	0
0	0
0	0
78	1165
0	0
4	0
0	0
0	0
0	0
0	0
0	1
0	0
0	0
0	0
0	0
0	0
55	198
8	982
0	593
0	588
0	1757
139	2634
0	490
3	1607
0	66
21	149
0	0
0	2190
42	44
6	16
0	4
0	26
8	20
0	0
0	0
0	0
0	0
0	0
0	0
0	0
0	0
0	0
0	0
0	0
0	0
0	924
0	1337
1	696
2	949
0	1111
1	868
2	991
14	701
0	1031
31	120
25	272
0	382
47	181
0	358
57	187
7	239
25	116
0	195
0	129
0	87
0	47
0	1226
1	868
0	1149
0	1180
0	0
5	0
0	221
0	66
0	902
0	63
0	13
0	8
0	86
0	34
0	8
13	28
571	1277
0	210
0	0
0	439
0	51
0	0
0	0
0	1
0	1
0	1239
391	1297
12	45
0	1169
26	7
0	156
0	1
0	0
0	0
0	0
3	157
220	171
0	0
5	0
3	145
0	842
0	753
0	1128
22	1136
0	1039
0	0
0	0
0	0
0	0
0	0
0	0
0	0
0	0
0	0
0	0
0	0
0	0
0	0
0	0
0	0
0	0
0	0
0	0
0	0
0	0
0	0
0	0
0	0
0	0
0	288
0	0
0	0
34	1719
272	2066
119	1574
75	245
0	1224
0	1592
0	1152
3	475
188	371
2	39
0	351
0	70
0	915
9	1654
0	0
8	0
0	0
115	1684
22	585
0	233
9	1026
73	214
0	0
0	5
0	514
108	1400
0	3206
0	135
0	238
20	1116
6	45
4	165
0	2888
2	2643
33	131
75	52
5	22
0	10
35	516
36	99
37	137
0	309
0	0
0	1459
352	415
0	221
29	175
0	96
1088	2071
6	0
0	0
0	0
0	0
0	0
0	0
0	0
0	0
3	196
0	6
0	2077
0	0
1	1974
0	0
0	2
8	2021
1	83
0	104
0	7
49	1645
611	851
3	162
10	96
0	20
17	20
0	0
0	0
0	0
0	5
0	1
27	73
0	28
0	22
0	28
0	73
0	448
0	636
0	613
60	308
0	0
0	148
0	644
0	91
0	2
0	1003
0	48
0	49
0	709
0	541
3	660
0	0
0	41
14	681
0	723
0	881
0	0
0	0
31	118
709	101
5	73
0	0
489	248
4	189
6	105
9	46
7	35
0	0
0	0
0	0
0	0
0	0
0	35
10	1509
23	500
7	15
2	317
30	0
0	1464
0	232
35	803
2	165
263	627
21	803
13	424
0	36
0	25
0	94
12	111
0	92
0	0
0	78
0	78
5	0
0	85
0	119
0	0
0	0
0	730
29	0
34	719
6	16
15	0
14	591
19	45
0	137
2	111
0	123
5	19
0	19
0	30
3	114
0	11
2	92
1	42
0	0
0	18
0	22
0	22
0	6
0	14
0	167
0	522
0	235
0	31
0	64
0	8
0	137
0	0
5	1635
0	1762
5	381
0	1380
10	1679
0	61
1	1882
65	382
1	304
0	399
3	1469
0	600
1	123
447	1208
88	1299
14	3
1	109
0	1882
0	1354
16	1530
0	0
0	0
0	0
0	0
13	0
4	0
0	0
0	0
0	0
47	2279
9	1547
1	1589
0	515
0	676
0	172
0	96
0	172
0	0
0	0
0	3
0	0
0	0
0	0
0	0
0	0
0	0
0	3
752	357
3	357
0	0
0	0
0	0
0	0
0	0
182	3157
13	3157
0	364
127	1
0	92
16	43
0	35
0	92
454	3
0	3
0	3
0	0
0	0
0	0
0	0
0	0
0	326
2649	1091
3	210
17	122
0	107
368	407
0	85
0	162
2	235
0	176
0	0
166	954
0	941
0	94
0	0
13	223
0	74
1	136
25	82
0	0
0	42
2	1020
0	864
0	128
0	382
31	91
1	69
0	320
0	307
3	255
0	215
2	297
0	297
0	1020
0	626
12	500
15	112
0	67
4	119
38	141
0	132
0	177
0	479
0	164
0	14
2	836
0	487
0	710
0	364
1	0
0	0
0	0
0	0
0	0
0	0
0	0
0	6
0	73
29	518
31	118
6	73
0	0
0	7
3	223
21	0
38	2928
55	2960
0	2552
15	2876
0	502
0	807
1	16
1	747
0	653
76	290
4	325
27	133
0	162
0	290
2	293
0	40
0	298
0	19
21	1283
0	1505
0	822
0	488
0	214
0	572
4	692
4	1485
12	1288
0	214
0	350
0	789
18	1447
0	49
19	685
0	542
0	485
5	671
5	494
0	117
2	7
0	7
49	3276
117	3484
60	21
14	408
0	45
0	305
67	149
18	58
0	4
0	4
25	223
10	1903
20	778
6	1459
0	675
108	1421
5	1127
0	506
17	495
0	8
0	6
0	7
0	7
0	7
0	0
0	0
0	0
0	0
0	0
0	0
0	0
0	0
0	0
0	0
0	0
0	0
0	0
51	155
0	133
0	83
0	80
0	24
0	25
0	60
45	102
0	64
0	93
0	50
7	50
0	7
12	0
0	9
19	52
0	49
0	7
0	38
4	84
45	22
5	4
776	112
12	13
0	0
0	0
0	0
0	0
0	0
0	0
0	0
0	0
0	0
0	0
0	180
10	684
0	498
5	29
6	45
0	180
0	19
0	19
20	534
0	128
3	83
0	0
0	0
0	0
0	0
0	0
0	0
0	1158
0	1110
0	396
75	1698
3	1698
0	1207
0	1207
0	0
0	5
11	128
0	134
0	52
0	0
0	52
3	43
0	173
182	48
0	594
0	0
7	10
0	68
0	107
0	51
0	19
19	0
2	594
0	0
0	0
0	0
0	0
0	0
0	0
0	0
0	0
0	6
0	0
0	0
0	0
898	370
2	194
1	146
0	143
0	80
0	28
48	6
0	0
0	0
0	0
0	0
0	0
0	0
0	0
0	0
0	0
0	0
0	0
0	0
0	0
0	0
0	0
0	0
564	483
0	364
16	137
1	9
0	50
4	60
0	0
0	0
0	0
0	0
0	5
0	5
0	5
0	5
0	5
0	5
0	5
0	5
0	5
0	5
0	5
0	5
0	5
0	0
0	5
0	0
0	0
0	0
0	0
6	126
0	0
0	0
0	5
0	5
0	5
0	349
0	349
0	0
0	0
0	0
0	0
0	0
0	0
0	0
0	34
0	276
0	378
0	244
12	272
0	342
0	15
1	25
0	20
0	357
0	1
0	0
0	0
0	0
0	0
0	0
0	0
0	1
0	0
0	3
0	3
0	3
0	0
0	268
0	0
0	0
0	20
0	0
0	0
0	0
0	0
0	0
0	0
488	2442
2	86
666	2115
29	243
0	434
31	31
0	363
1	640
0	239
0	720
0	364
0	324
0	290
0	314
0	152
20	278
0	72
8	21
0	148
0	130
0	89
0	12
40	409
0	30
0	29
0	0
0	0
0	0
0	0
0	0
0	30
0	0
0	0
0	29
3	1442
40	1464
0	274
0	26
15	119
0	0
0	0
0	0
0	0
0	0
0	0
0	0
0	0
0	0
0	0
0	0
0	0
2	413
0	0
0	0
0	203
96	203
2	0
6	0
0	162
0	310
0	341
0	340
0	6456
0	3754
0	927
0	505
0	733
0	344
0	756
0	617
4	752
0	6712
7	3994
0	3378
22	4035
1	0
205	711
7	2220
11	487
5	900
0	957
0	730
0	801
2	756
0	807
0	195
5	99
0	37
22	111
0	360
0	340
5	322
131	501
4	80
0	328
0	193
0	180
21	198
0	59
0	54
0	4
0	4
20	1
0	10
2	0
0	6
0	11
0	24
0	24
0	0
2	0
0	0
0	0
0	0
0	18
0	18
0	0
0	1004
17	401
0	259
0	406
1	560
17	253
3	38
0	148
0	390
0	75
26	42
0	974
0	371
0	450
9	89
13	48
7	135
0	66
5	52
0	24
6	207
0	91
0	161
0	161
2	107
8	79
0	50
0	68
6	52
0	23
0	24
0	23
2	17
0	34
0	23
0	178
1	393
24	53
4	65
0	12
0	0
0	307
0	527
0	50
0	172
3	505
0	32
0	415
0	78
0	81
0	122
0	150
9	325
0	63
24	398
0	5
0	1
8	80
0	529
0	278
6	849
0	63
0	13
3	41
0	121
0	0
0	0
0	0
0	0
0	0
0	0
0	0
20	67
28	205
0	34
31	181
4	73
9	79
3	1
3	39
73	594
65	121
0	82
0	18
5	9
0	589
41	11140
0	987
0	629
6	462
0	8718
0	11062
18	1111
12	1318
0	571
0	706
350	9524
18	1102
6	1540
2	8941
4	992
1	730
0	754
28	908
17	8707
0	0
0	0
0	0
0	0
0	0
0	0
0	0
8	0
0	0
0	0
0	0
0	0
0	0
0	0
0	0
0	0
0	0
0	0
0	0
58	2327
0	0
0	0
0	0
0	0
0	0
104	376
0	37
0	0
0	1
0	223
0	0
0	223
0	234
34	850
0	480
0	822
4	854
0	323
58	725
0	33
0	830
227	658
9	660
7	660
0	240
0	613
0	280
0	58
0	15
0	15
0	0
0	0
0	15
0	0
0	0
0	0
0	0
0	0
0	0
0	0
0	0
0	1
0	1
0	16
0	6
0	0
0	0
0	0
0	10
0	0
0	0
0	0
0	0
0	5
0	0
0	0
0	10
0	0
0	4
0	5
0	1
0	4
0	3
0	1
0	0
0	0
0	5
0	0
0	843
38	892
23	55
0	379
85	435
0	33
0	6
0	148
0	32
0	74
103	2092
38	1952
48	248
10	917
14	1627
0	873
0	26
0	498
39	156
2	356
0	46
0	115
0	48
0	4
15	0
0	10
0	44
29	0
1	1494
57	425
5	970
26	1167
2	822
0	18
9	545
0	31
0	389
0	918
0	266
43	279
130	266
6	427
28	7045
113	182
16	4601
0	107
0	542
31	6699
29	44
36	3274
0	26
2	348
0	355
0	1576
26	459
12	322
0	10
0	0
1	142
1	4
0	52
0	59
0	32
0	55
0	59
0	9
4	41
0	14
0	22
0	52
0	59
0	59
0	55
0	0
0	0
0	0
0	0
0	0
0	2
0	2
0	0
0	0
0	12
3	0
0	0
0	3
0	7
0	0
0	7
0	0
0	7
0	12
0	7
0	9
0	0
0	4
0	3
0	7228
0	5940
0	5959
0	5950
0	8
61	347
0	25
0	8
1	8
0	8
0	8
0	33
4	41
0	0
13	8
0	8
6	45
0	442
0	246
4	75
9	29
0	50
0	294
0	142
0	510
0	4
2	4
0	4
0	4
0	0
17	53
0	50
0	3
3	16
7	5932
5	5380
39	5757
58	4989
300	2522
11	4068
4	1016
0	4262
0	4027
0	3885
21	4022
33	3334
1	189
9	0
0	358
438	513
224	1323
2	341
2	318
0	315
7	276
0	70
0	123
4	64
24	83
0	34
0	2
0	17
0	34
6192	1523
1	1523
31	2052
8	2116
0	710
0	1184
0	94
0	69
0	103
0	2
0	57
11	0
0	63
0	70
0	9
0	29
10	557
22	51
4	0
0	586
357	88
0	58
6	52
6	13
3	136
0	0
7	76
0	0
0	0
0	0
15	0
0	0
0	11584
0	1614
0	4303
62	1342
18	1248
81	9308
0	315
0	813
1	257
0	2479
73	8767
94	2113
0	10113
21	8567
0	0
0	174
0	174
0	174
0	0
0	0
0	165
0	174
0	0
0	165
0	0
0	174
23	342
12	1142
0	10
6	28
3	26
0	17
4	58
0	1
0	54
19	9
12	1108
0	65
0	0
0	0
5	251
6	205
16	162
0	184
0	189
0	200
0	239
0	42
6	75
62	408
8	342
7	81
0	65
0	190
0	82
62	168
11	118
0	223
14	19
0	223
0	1
6	90
9	0
0	24
29	20
4	1
2	224
0	273
22	234
5	41
2	55
0	255
45	1854
12	1493
3	727
2	1411
47	1397
24	538
0	109
4	921
4	867
6	667
24	105
0	59
0	117
15	318
0	341
9	125
0	109
14	180
4	105
0	27
1	545
6	210
0	153
88	149
0	127
0	124
5	69
0	41
1	31
0	13
178	42
0	28
0	13
0	61
0	0
144	1994
0	195
1	113
0	0
0	0
0	121
0	102
0	14
0	142
0	0
0	27
0	1648
3	0
0	11233
0	1623
0	0
0	0
0	0
0	0
71	4503
0	4542
18	4542
5	366
74	4577
6	4047
7	4038
0	3952
0	224
0	22
0	23
0	9
0	0
0	0
0	3
0	19
0	0
0	0
0	0
59	347
41	85
1	239
5	313
1	345
17	53
0	29
0	92
0	91
0	198
49	229
0	5
8	0
90	516
0	143
0	50
4	292
19	105
4	27
79	175
3	44
1	2
31	833
0	0
0	0
0	0
0	0
0	0
0	0
0	0
4	45
0	0
0	0
0	0
1	0
0	0
0	0
0	0
0	0
0	0
0	0
0	0
0	0
0	2141
0	537
13	453
0	362
2	384
7	302
0	136
39	319
3	140
0	89
0	33
0	21
4	48
0	26
7	6
0	4
0	2146
0	6
0	20
0	0
0	6
0	6
0	0
0	1
0	1
0	1
0	0
0	0
0	0
0	0
4	0
0	0
0	0
0	0
41	0
0	51
7	52
1	52
3	11
0	0
0	1172
48	1198
16	997
37	78
0	25
0	0
0	0
0	0
0	0
0	0
0	0
0	0
0	0
0	0
0	344
0	0
0	0
0	0
0	0
0	20
0	0
0	0
0	0
0	767
17	1522
7	1448
1515	1555
8	285
0	400
5	1291
0	56
5	137
43	308
31	87
27	194
0	279
37	528
0	1155
15	1033
12	977
8	105
35	665
0	221
0	703
3	746
8	789
0	17
0	125
4	94
5	59
0	81
10	66
74	13
18	9
26	54
3	92
152	417
0	417
5	3
0	210
38	37
2	36
4	169
8	3
0	105
7	47
0	102
20	120
0	107
6	2
9	48
49	202
0	182
0	4
0	88
0	15
0	0
0	0
0	360
0	369
8	57
9	33
0	32
38	0
0	0
19	0
0	0
0	0
0	0
0	0
0	0
0	0
0	0
0	0
0	0
0	0
0	0
0	0
0	0
0	0
0	0
0	0
0	0
0	0
0	0
4	355
0	1650
23	16
0	17
3	17
0	88
1126	1968
0	428
0	58
25	263
0	27
0	32
0	19
0	17
0	21
0	174
0	16
0	6
0	0
4	660
0	0
0	0
0	0
0	1
0	1
0	0
0	0
0	0
0	0
0	10
0	660
0	271
9	304
4	45
13	41
21	224
5	114
0	150
2	30
0	319
0	272
17	322
2	0
0	0
0	1839
0	2326
0	2405
0	2378
0	577
0	110
0	98
0	2067
0	1995
227	2219
304	2021
17	2484
0	828
1	1313
14	258
0	49
0	240
0	38
14	1159
0	53
0	121
0	34
0	8
0	0
0	0
0	0
12	28
0	0
0	0
0	0
0	0
0	0
0	0
0	45
0	37
0	9
0	8
0	0
0	8
0	0
0	0
0	0
0	0
1	53
0	84
0	84
0	126
0	113
0	80
0	7
0	115
0	128
0	0
0	104
0	104
0	102
0	115
0	88
0	25
0	995
40	249
0	66
0	51
28	582
0	516
2	251
2	106
8	286
0	904
1	951
0	0
0	0
0	0
0	0
0	0
0	0
0	0
0	0
0	0
0	0
0	0
0	0
0	0
0	0
0	0
0	0
0	0
0	0
14	283
0	341
0	294
0	8
0	40
27	48
1	337
3	13
0	330
0	12
6	45
0	347
4	11
34	2
3	5
12	39
22	43
3	68
10	61
0	0
0	0
0	0
24	85
0	85
0	190
0	153
0	80
0	74
0	56
21	135
10	24
12	39
11	39
0	58
0	39
0	30
6	68
11	47
5	0
0	1423
29	1311
0	986
12	0
0	616
7	63
14	10
0	24
0	452
0	464
0	57
0	1
0	17
20	59
0	19
0	10
0	9
3	3
1	1082
0	814
650	526
0	311
3	145
123	341
6	208
0	58
0	25
0	24
870	944
13	232
3	849
20	320
0	170
95	6
9	3
0	168
27	5
7	288
0	269
10	179
10	197
2	0
16	25
7	41
0	10
0	0
0	0
0	0
0	0
0	0
0	0
1	275
0	0
5	1107
0	1014
0	939
0	846
0	412
129	531
2	320
0	83
70	301
0	10
7	56
7	247
0	457
0	0
0	0
0	0
884	0
186	2838
10	535
0	2754
0	545
4	552
115	379
0	370
1	764
8	285
1399	113
7	35
26	0
69	0
0	0
0	196
27	196
0	56
0	1976
0	0
0	0
7	881
2	762
9	141
458	1420
9	52
0	654
1	761
10	966
0	627
15	989
23	195
7	1349
0	8
0	598
0	0
0	0
0	0
0	0
0	0
0	0
0	1
0	1
0	1
0	0
0	0
0	0
0	0
0	0
0	0
6	144
0	0
0	0
0	0
0	0
0	0
59	447
0	0
3	0
0	17
0	0
0	0
0	0
0	0
0	0
111	20
8	178
0	0
8	201
0	158
0	159
0	35
8	193
0	0
0	607
563	4621
138	1600
35	533
0	757
0	102
12	2614
1	552
0	317
0	518
0	4
0	664
0	1636
20	1830
0	43
0	43
0	0
0	3
0	0
0	3
0	3
0	3
0	0
0	0
0	0
0	0
0	2
0	0
0	3
0	1847
69	3345
0	1820
12	336
1	162
11	2352
0	1847
0	42
2	27
0	104
0	51
9	42
0	327
0	832
0	104
0	122
4	105
0	67
0	37
0	110
1	739
0	0
0	0
0	0
0	0
0	0
0	0
34	873
0	617
45	625
2	152
3	756
0	0
39	394
0	195
36	123
36	206
0	232
3	119
154	4215
602	7
0	24
0	1679
1	456
0	429
0	0
0	5093
7	1778
0	152
0	4558
4	99
14	6317
0	6640
0	0
154	2319
0	3069
0	7077
4	375
351	342
0	1737
22	174
93	559
87	3600
0	515
64	127
0	95
29	4
0	379
0	6454
0	6889
16	6666
0	0
0	0
0	0
0	0
0	0
0	0
0	0
0	0
0	0
0	0
6	84
2	76
0	8
11	37
0	8
59	12839
268	11231
407	14529
0	3445
4	4117
230	943
8	12311
306	7868
66	11983
18	4065
92	8156
23	11300
325	576
512	372
0	2523
0	2441
50	727
0	4030
74	4486
0	0
0	0
5	0
0	319
0	2
0	313
0	33
0	13
0	13
14	13
0	0
0	48
0	16
0	11
0	11
0	293
0	317
10	667
0	1490
0	776
52	499
0	558
3	27
0	1421
0	4
0	1
0	1
0	0
0	0
0	0
0	0
0	4
0	1
0	0
244	175
37	175
12	161
36	224
10	432
12	0
0	56
0	16
1	0
0	2
0	0
0	0
961	1684
24	757
0	1344
2	140
0	1422
0	0
30	0
0	0
0	1528
0	6468
90	6562
11	212
32	633
0	397
16	252
0	216
0	109
15	26
13	7283
1079	6369
0	7283
1	3193
0	58
0	23
1	10
0	23
0	433
4	134
1	169
23	58
3	378
19	60
0	22
41	80
111	342
110	701
6	554
0	228
10	91
0	184
12	120
12	1
24	3193
0	0
0	0
0	0
0	0
0	0
0	0
0	0
0	0
0	0
0	0
0	0
0	0
0	0
0	0
0	0
0	0
0	0
0	0
0	0
0	0
0	0
0	0
0	0
0	0
0	1
0	1
0	1
0	1
0	1
0	1
0	0
0	0
0	0
0	431
5	1070
40	2580
5	2479
0	2831
180	272
70	703
61	709
135	380
178	18
14	220
0	0
0	0
0	0
0	0
0	3979
23	427
0	3290
10	0
0	1579
10	3971
7	499
0	1713
0	1634
0	1258
0	297
0	835
0	1247
11	356
0	2994
0	1912
0	3148
0	29
0	29
0	24
0	0
0	5
0	5
0	3
0	29
1	323
2	342
15	211
27	241
13	56
0	0
0	323
1	1652
0	340
0	687
1	699
0	704
0	1652
0	521
0	0
3	219
0	132
18	220
0	109
0	74
0	67
0	35
0	35
0	16
0	1
0	220
1868	868
27	219
31	32
0	2
25	1001
45	195
24	1023
0	43
0	212
9	242
0	92
0	0
0	8
0	224
35	51
0	60
23	50
61	20
0	24
3	70
0	1001
118	1492
39	325
7	18
0	8
1	57
7	0
17	0
17	842
0	0
0	0
0	0
0	195
0	380
0	364
0	378
0	230
0	12
0	0
0	378
2	1180
29	1155
71	1222
45	57
0	74
114	42
0	47
105	87
0	9
0	542
0	27
5	932
0	366
0	288
0	524
0	73
7	59
36	1108
0	1101
0	7
5	0
197	2309
16	261
27	2141
10	1476
8	1078
0	205
0	154
2	333
0	166
82	413
0	470
0	112
8	160
5	146
0	921
1	1107
38	340
0	142
0	25
7	442
8	248
0	2
3	190
3	91
30	71
2	21
11	21
77	3202
277	7454
23	5402
0	2370
179	2333
0	1564
0	1676
12	1591
11	1247
8	1905
4	596
0	883
43	1415
0	328
119	788
0	337
0	1253
11	6373
0	6331
127	4579
53	7226
0	606
0	745
0	881
0	0
0	2
0	0
0	0
0	1
0	3
0	0
0	0
0	0
0	0
14	129
8	0
0	129
501	55
3	55
28	0
0	0
0	0
0	0
0	0
0	0
0	0
0	0
0	1803
0	1824
0	78
90	306
22	0
0	40
0	0
0	0
0	0
1	85
0	0
0	0
0	0
0	0
0	0
514	74
0	19
0	0
0	7
0	36
0	24
0	40
0	0
0	0
0	0
0	0
0	0
0	0
0	10337
0	46
0	8
0	14363
0	615
2	8953
0	13426
0	13558
0	538
16	227
0	511
0	42
0	3
0	2
0	1
159	67
9	53
4	80
1	4
0	13
0	8
3	12
517	0
0	0
290	310
0	0
19	10
0	4
182	282
0	12
0	12
0	13
0	2
0	10
0	10
0	0
0	0
0	0
0	0
0	0
0	0
0	0
0	0
0	0
0	0
0	0
0	0
0	0
39	332
0	1
0	0
0	0
0	0
0	0
0	0
0	0
0	0
0	0
0	0
0	0
0	0
0	0
9	0
0	0
0	0
0	0
0	0
0	0
0	0
0	12
0	12
0	136
0	61
12	164
14	229
0	70
0	94
9	49
2	93
0	356
138	21
0	0
0	0
0	0
0	0
0	0
2	60
0	0
0	0
0	0
0	0
0	0
0	0
0	0
0	0
0	0
0	0
0	0
0	0
0	0
0	0
0	0
0	0
0	0
0	0
0	0
0	0
0	0
0	0
0	0
0	0
0	0
0	0
0	0
0	0
0	0
0	0
0	993
62	962
0	849
76	1017
0	1086
0	901
0	808
5	45
14	700
0	62
9	80
4	83
21	0
11	38
10	102
0	76
11	186
0	47
0	26
0	1086
0	806
186	0
35	5289
1204	6793
0	1600
130	5285
54	31
8	1
80	0
16	1359
0	114
0	5306
0	893
0	6
0	6
0	4
0	4
4	0
0	0
0	2
0	0
0	0
0	0
0	0
1	0
0	0
0	0
0	0
0	0
0	0
0	0
0	0
0	3
0	0
0	0
13	197
0	421
0	468
17	196
12	172
0	41
2	11283
0	11283
19	11030
103	11932
0	6568
3219	7029
30	2016
21	1362
8	938
0	35
57	2192
0	1030
0	509
0	650
7	30
0	31
0	61
13	266
0	0
0	0
0	0
0	0
1	0
0	0
0	0
0	0
0	0
0	0
0	0
0	0
0	0
0	0
0	0
0	61
59	1792
97	1762
0	1851
0	0
0	0
0	0
0	0
0	0
0	0
8	13143
142	10696
25	2130
164	4679
49	14864
0	1373
1	878
713	4639
0	2063
6	3711
0	10672
0	612
1	563
0	572
12	216
0	84
4	0
9	287
30	10
0	67
1	49
0	0
0	0
164	253
0	253
0	58
0	0
0	80
7	100
9	137
0	110
8	11
0	41
13	30
15	13
4	23
10	0
0	16
2	16
0	4
0	137
0	0
0	0
0	0
0	0
0	38
0	34
17	41
93	41
0	1
0	1
0	1
0	1
0	1
0	1
0	1
0	1
0	1
0	1
0	1
0	1
0	1
0	1
0	1
0	1
0	1
0	0
0	4
0	0
0	8
24	26
0	0
0	6
0	19
0	0
0	63
0	1451
0	2332
0	2730
48	2338
0	1437
56	1185
10	456
1930	0
0	4353
2083	4362
5	4351
0	4362
0	4358
0	0
0	0
0	0
0	0
0	0
0	0
0	0
0	0
0	0
0	0
0	0
0	0
0	0
0	0
0	0
0	0
0	0
0	0
0	17
0	0
0	0
0	0
0	0
0	0
0	0
0	0
0	0
0	0
0	0
0	0
0	0
0	0
0	0
0	0
0	0
0	0
0	0
0	0
0	0
0	0
56	70
0	0
15	52
0	2
0	50
2	1
0	40
5	61
8	3055
0	2920
2	78
0	156
33	4
7	140
0	24
5	16
0	0
0	16
0	4
0	0
0	0
0	0
0	0
0	0
1	8
0	0
0	10022
16	757
2	1825
26	7684
2	7683
8	801
0	4074
0	1868
0	478
68	7691
0	4071
12	4650
2	4075
222	6647
18	771
1	235
0	7691
0	19
4	60
0	19
0	14
111	527
3	527
1	527
34	6
10	10
11	37
18	0
0	0
0	0
0	5
0	0
0	0
15	1773
0	1087
14	1718
0	1250
7	1414
10	977
1	279
0	92
18	78
0	39
78	188
0	22
26	47
0	45
0	370
9	299
0	335
66	349
6	84
0	1103
14	76
3	53
2	0
0	0
0	0
0	0
0	9
0	4
0	0
2	0
0	0
0	0
0	0
0	0
0	0
0	0
0	0
0	9
225	981
0	0
0	8
0	102
0	48
0	68
0	46
0	79
0	4
0	7
0	38
0	42
0	3
0	0
0	0
0	0
0	562
12	104
7	102
95	1342
2	121
3	22
38	30
4	1221
50	4391
3	4391
0	223
0	345
0	0
0	0
0	0
0	0
0	0
0	0
0	0
0	0
4	14
0	0
0	0
0	0
0	0
0	0
24	254
0	278
105	2807
2	52
13	2831
8	48
12	1133
0	938
96	1159
0	679
10	92
0	149
0	271
454	295
0	40
2546	145
0	0
0	3
0	66
10	5
4	38
122	1634
18	59
12	238
5	604
0	359
6	471
2	49
11	2
17	307
2	1533
0	82
0	82
0	82
0	23
0	0
0	0
0	0
0	0
0	0
0	0
0	0
7	1581
949	354
5	71
14	577
11	537
0	208
0	168
30	168
0	9
225	109
0	27
15	4
3	0
5	0
1	0
0	0
0	0
0	0
0	0
0	0
0	0
0	3
0	0
0	0
0	6
0	6
0	0
0	0
0	0
0	0
0	0
0	0
0	6
0	6
0	0
0	0
0	1
0	157
0	160
0	147
18	176
4	184
0	151
0	131
13	103
0	117
0	102
3	3
0	0
0	0
0	0
44	545
229	381
2	336
5	373
41	95
14	41
2	0
0	0
0	0
0	0
8	0
0	0
0	0
0	0
0	0
0	88
0	93
0	0
0	0
0	0
0	0
0	0
0	0
0	0
0	0
0	0
107	4148
4	6
16	10816
21	3305
31	2332
0	10943
29	2746
135	2671
0	2601
0	1926
23	2562
15	446
9	218
122	272
14	93
0	459
0	126
0	205
16	545
0	0
0	0
0	212
0	1728
393	3760
13	536
0	75
0	3561
2	61
41	395
1	947
0	0
0	0
0	355
2	30
0	355
770	3837
25	3594
2	336
84	213
28	353
10	964
4	323
11	284
0	0
0	0
0	0
0	0
0	0
0	2
0	1
0	552
43	669
12	231
0	386
0	0
65	479
0	517
0	507
2	507
0	116
0	32
0	0
0	0
0	0
0	1098
18	1063
36	462
0	981
0	975
0	863
3	686
0	659
2	676
0	655
0	63
47	24
27	30
1	74
0	267
0	203
10	232
6	81
0	12
0	94
0	1
0	47
0	47
1	29
16	1077
0	262
0	182
0	244
0	250
0	228
1	70
0	81
0	5
0	30
0	5
0	13
0	244
0	608
1	632
5	585
0	629
0	41
0	46
0	10
0	1494
18	88
2	865
5	1312
34	249
0	335
21	300
0	1399
0	1571
0	1637
6	291
0	0
0	0
0	136
0	9
2	100
0	127
0	117
12	137
4	82
0	28
0	71
0	1879
0	792
0	132
7	0
6	3
0	479
0	0
0	479
0	0
95	1520
15	707
0	1494
10	1241
36	249
0	59
5	25
0	187
13	28
0	44
31	71
7	79
6	56
0	0
0	0
0	0
0	0
0	0
0	0
0	0
0	0
0	0
0	0
0	0
0	0
0	0
0	0
0	0
0	0
21	131
7	127
0	0
0	0
0	0
0	0
0	0
0	0
0	0
0	0
0	0
0	0
0	0
0	0
0	0
0	0
0	0
0	0
0	0
9	39
0	0
0	0
1	6
4	5
0	1
10	471
0	19
0	32
0	416
11	439
0	61
0	15
16	461
4	7
0	20
0	15
0	40
14	284
0	15
1	12
7	177
10	175
1	119
0	15015
15	969
13	271
10	37
35	3662
0	601
0	11175
114	10955
0	258
0	39
0	96
0	454
44	10106
9	14517
0	326
0	631
63	4229
0	518
0	405
6	312
6	2092
0	38
252	11540
5	60
0	6872
0	237
0	999
0	5729
20	1952
16	1950
0	251
0	79
1	206
0	189
7	60
0	293
0	311
7	0
0	2694
0	2685
2	1989
0	1633
0	726
1	104
0	5
0	941
0	566
29	551
10	123
0	0
22	516
0	465
0	45
1	174
18	2241
0	2
2	200
0	147
2	109
0	249
0	93
0	48
0	34
4	11
0	28
0	34
0	34
0	100
0	13
0	79
48	654
0	81
11	546
0	464
10	16
1	204
0	0
81	1107
937	1369
17	97
1	1142
0	112
3	144
37	16
37	38
2	1568
54	1008
1	546
0	407
0	70
0	0
0	1568
0	4
0	4
0	0
0	4
0	0
0	35
0	15
1	35
200	31
124	10
6	4
0	384
149	488
0	48
0	46
3	30
0	183
0	58
0	27
2	93
0	40
0	0
0	27
0	86
0	37
0	52
25	94
4	252
0	5
19	11
24	11
0	388
0	0
0	0
0	0
0	0
0	0
0	0
0	0
0	0
0	0
0	0
0	0
0	0
0	0
0	0
0	0
0	0
0	0
0	0
0	0
0	0
0	0
0	0
0	0
0	0
0	0
0	0
0	0
0	0
0	0
0	0
0	0
0	0
0	0
0	0
0	0
0	0
130	191
0	29
0	31
24	136
0	113
1	20
0	19
0	19
0	0
0	0
0	324
0	324
0	0
0	0
0	0
0	0
0	0
0	0
0	0
0	0
0	0
0	0
0	0
0	887
51	132
0	92
5	403
0	73
0	364
32	265
0	29
0	15
2	265
2	116
0	0
0	887
0	0
0	0
0	0
0	0
0	0
0	0
0	0
0	0
0	0
0	0
0	0
0	0
0	0
0	0
0	0
0	0
0	0
0	0
0	0
0	0
0	0
0	0
0	0
0	0
0	0
0	2
0	2
0	0
0	0
0	0
0	0
0	0
0	0
0	0
0	0
0	0
0	0
0	0
0	0
0	0
0	0
0	0
0	0
0	0
0	0
29	896
20	894
6	84
10	21
20	112
6	1
40	167
10	88
0	0
0	0
0	3
0	3
0	0
0	3
0	3
0	0
0	0
0	3
0	3
0	0
344	8132
228	8132
0	418
945	285
0	0
0	0
0	0
0	0
0	0
0	0
0	0
0	0
0	0
0	0
6	44
0	39
0	15
0	31
0	0
0	0
31	1547
50	1543
492	1646
0	0
0	0
0	0
0	0
0	0
0	0
0	0
14	262
40	214
9	103
0	127
0	0
0	0
0	0
0	0
0	0
0	409
0	409
0	0
0	0
0	0
0	178
1	70
1	35
0	22
0	166
0	84
0	164
0	170
1	1
1	19
0	11
0	24
4	0
0	5
126	10004
308	10004
5	8171
10	293
18	200
54	234
7	4827
403	393
0	358
169	1136
815	793
10	663
30	486
0	907
52	595
5	1184
15	187
0	0
0	0
0	106
0	0
0	0
0	0
0	0
0	0
0	0
0	0
0	0
0	0
0	0
0	0
17	330
0	0
0	0
0	0
0	0
0	162
99	176
0	162
0	2
0	2
0	0
28	31
0	0
0	0
3	22
0	0
0	0
0	0
20	430
363	678
0	4
0	316
0	0
0	0
16	647
92	0
0	0
2	12174
16	10810
19	10617
592	8627
223	9897
227	4236
0	5010
2	2537
1	4237
0	4183
0	1843
9	747
0	1570
0	1541
0	1507
0	1430
10	618
0	2099
0	1398
8	579
0	1380
0	1858
0	815
9	974
0	1614
6	176
0	1253
0	791
0	1303
9	1359
47	1154
0	12009
0	9585
5	123
8	48
0	0
36	90
0	35
0	1
15	1
16	2
0	7
0	0
0	0
0	0
0	0
0	0
0	0
0	0
29	8162
11	8800
563	5641
15	86
39	614
0	211
20	1490
4	405
0	389
0	200
0	369
7	351
4	456
0	339
7	189
0	82
3	40
8	15
19	217
12	1258
7	484
23	40
0	1250
0	72
25	1
3	0
18	814
15	437
247	631
0	566
4	572
4	353
20	8
0	73
26	8
23	0
1	0
0	0
0	0
0	0
0	0
0	0
1	0
0	669
132	2808
0	2912
40	3041
6	285
18	105
26	421
2	2697
0	3003
12	1492
0	284
0	65
0	46
0	266
0	274
5	213
9	91
2	187
0	0
0	0
0	0
0	7
0	0
2	12
0	5
0	0
0	0
0	0
0	0
7	101
0	63
0	12
0	10
0	8
18	0
0	0
5	0
0	0
0	30
0	0
14	878
0	0
0	180
532	769
3	744
0	106
67	48
1	223
15	14
0	50
0	71
1699	183
7	91
8	141
0	123
0	14
1728	185
1	185
0	0
0	0
2	1902
0	851
6	240
8	219
2	191
0	0
0	15
0	143
2	9
7	196
23	25
0	15
0	12
19	1615
0	1797
0	2592
0	2477
0	2465
0	2592
0	2207
0	1564
0	644
0	1153
0	1281
0	896
6	225
0	539
0	312
0	482
37	138
0	367
1	267
23	27
0	145
0	92
0	76
0	2652
0	2499
0	2516
0	0
0	412
0	121
0	385
0	197
0	424
0	437
0	472
0	62
0	16
0	20
0	432
0	468
0	265
0	383
0	51
0	265
0	738
1	785
0	750
0	745
0	0
0	0
0	40
2	679
0	553
0	553
3	544
6	550
0	530
0	43
0	47
12	304
1	4
5	0
0	38
4	7
12	48
3	135
0	76
0	20
0	9
0	639
196	269
1	4
5	0
20	317
0	42
21	317
0	61
11	0
248	820
0	0
9	0
0	0
171	1208
3	199
0	1310
26	27
51	1028
36	640
8	0
0	1161
38	1300
0	23
0	23
171	623
0	623
12	35
0	0
0	0
0	0
5919	51
0	158
4	157
0	75
0	23
0	11
0	6
0	0
0	158
0	0
2	82
0	82
0	45
0	0
0	0
0	0
0	0
0	0
437	75
6	38
0	26
0	27
59	997
0	719
159	366
0	45
11	30
0	4
0	0
0	69
2	132
0	170
1	152
3	64
1	34
0	7
0	5
0	41
0	6
22	310
0	0
17	0
0	0
0	0
0	0
0	0
0	0
0	0
0	0
0	0
0	0
0	0
9	80
0	0
0	0
0	0
0	0
0	0
0	0
0	0
0	63
0	0
0	0
0	63
0	63
0	0
0	25
0	0
0	0
0	0
0	0
0	0
0	0
0	0
0	0
0	76
0	0
0	0
0	64
3	59
0	4
0	0
0	5
0	2
0	19
0	19
5	0
0	15
0	9
0	6
0	0
0	0
0	0
0	56
0	502
3	73
648	2394
0	713
85	44
0	128
398	2635
26	30
0	0
1195	0
3	0
4	1784
47	1826
52	103
223	1055
0	101
0	549
0	804
0	134
0	155
0	158
3	307
0	292
1	404
0	267
0	264
0	100
1	337
0	181
0	362
10	454
0	156
0	40
0	289
1	2
0	255
0	673
0	662
13	42
3081	1430
5	410
6	328
0	6
0	25
0	4
5	9
0	25
26	8
0	25
46	0
0	0
2	13
0	9
0	7
0	4
0	55
12	92
0	5
6	2344
29	14
0	8
25	981
18	2474
0	1278
0	130
0	195
0	68
3	44
0	233
37	255
0	133
0	80
2	121
4	81
0	63
0	54
0	43
0	2127
0	522
42	862
0	0
0	2
0	2
0	12
0	32
0	32
0	32
0	32
140	1919
0	84
0	86
2	68
1	54
0	0
0	34
6	40
26	220
2	194
3	187
5	19
0	187
0	194
8	205
0	174
0	180
0	32
2	173
24	156
576	262
8	187
0	191
0	106
91	43
173	1343
0	1157
1	1157
0	519
0	0
0	0
0	0
0	0
0	0
0	0
0	0
0	0
0	0
0	0
0	0
0	0
0	0
0	0
0	0
0	0
0	0
0	43
706	4
0	0
0	0
0	0
0	88
0	82
66	89
0	13
0	33
0	34
6	462
41	749
0	72
0	387
14	265
25	242
3	257
8	362
0	53
0	719
3	218
0	41
0	12
0	12
0	0
0	8
0	0
0	0
0	8
0	3
0	7
0	5
0	7
0	4
0	7
4	7
0	4
0	8
0	4
0	7
0	3
0	4
0	5
0	5
0	7
0	3
0	0
0	1
0	1
0	0
0	1
0	1
0	1
0	0
0	0
0	0
0	0
0	0
0	1
2637	9782
12	9780
29	882
30	520
0	520
0	307
0	307
0	20
9871	59
0	0
0	0
85	1407
0	6
0	279
43	0
41	19
0	68
4	1
3	48
1	1400
0	524
0	279
0	306
6	297
0	419
0	263
0	119
0	373
0	183
3	18
14	59
0	57
0	121
7	22
11	0
6	327
31	0
0	100
0	2477
15	426
19	69
0	46
0	2477
153	44
0	44
2	208
0	773
47	800
0	88
1	1
9	27
3	304
0	773
25	743
0	1
91	8159
1	8927
146	2797
0	777
0	766
0	961
0	0
0	0
3	413
14	414
0	5
0	1
3	1
107	63
2	59
0	0
0	0
0	0
28	1487
25	1461
0	1494
180	1387
0	1241
36	668
0	1450
0	1401
3	1481
1	1591
0	289
0	383
0	379
2	308
1	345
0	478
0	318
0	99
41	144
0	30
73	173
0	15
2	5
0	1452
0	0
0	0
0	0
0	0
0	0
0	0
0	7
0	21
14	140
0	140
0	133
0	109
0	630
0	87
0	0
0	0
0	0
0	0
5	0
0	0
0	0
0	0
0	0
0	0
0	0
0	0
0	0
0	0
0	0
0	0
0	0
0	0
0	0
0	0
0	0
0	0
6	0
0	0
0	0
11	268
0	42
0	6
0	42
0	42
0	42
0	0
0	8
0	57
0	91
0	0
0	5
0	13
0	22
0	0
0	84
3	87
0	17
2	110
0	0
0	0
0	0
0	0
0	0
0	0
0	61
0	3
0	0
0	98
0	101
6	0
0	2
42	586
0	2
3	112
27	97
0	21
0	0
0	40
0	7
0	0
0	0
0	7
0	0
0	0
0	0
0	0
0	0
0	152
5	161
0	0
0	0
0	0
0	0
0	0
0	0
0	0
484	0
0	5
0	0
0	0
0	5
0	0
0	0
0	0
0	5
0	5
0	5
0	5
0	0
0	5
0	0
0	0
0	0
0	0
0	0
0	0
0	0
0	0
0	0
152	6445
49	1064
0	1006
29	1171
78	1118
235	1181
0	1312
51	355
0	529
0	1827
15	6548
0	0
0	0
34	244
1	247
0	49
0	214
0	119
0	0
0	42
0	21
0	20
0	20
0	19
0	22
0	19
0	0
0	0
128	3070
16	813
5	57
35	46
0	12
21	0
15	89
4	72
0	211
10	52
0	3023
0	228
80	287
0	22
0	1
8	231
33	526
0	25
0	683
0	0
31	709
0	170
0	119
0	109
0	22
0	30
0	27
0	39
0	23
7	30
0	153
0	45
0	0
0	0
0	0
0	0
5	5633
0	5633
0	13
0	2
69	476
0	307
0	393
0	204
0	207
0	291
71	2352
8	2154
2	1935
0	0
0	172
0	1665
0	1818
5	2349
0	2233
0	239
0	1764
0	166
3	0
3	22
41	141
6	330
36	558
0	297
173	11
25	46
0	58
3	11
0	91
0	1038
19	61
0	726
0	55
20	905
0	1107
0	0
0	0
0	0
0	0
0	0
0	0
0	0
0	0
0	0
0	0
0	0
0	0
0	0
0	0
1169	54
0	0
0	0
0	7
0	0
0	7
0	0
0	0
0	7
0	0
0	0
0	7
0	7
0	7
0	0
0	7
24	10
80	156
0	10
0	6
0	0
0	0
0	0
0	11
0	4
0	0
0	4
0	0
0	6325
261	5577
0	2325
0	3231
15	589
19	792
0	184
0	1476
0	1851
1	825
11	687
0	448
7	369
0	263
0	88
25	290
0	3867
1	3782
0	814
0	325
2	68
10	47
9	3913
7	3858
0	3867
0	3801
0	98
1	305
0	7
7	235
0	262
0	86
0	145
0	152
0	185
0	92
0	190
0	187
0	206
0	65
1	42
0	0
0	56
0	55
0	56
0	1
0	35
115	236
0	3252
78	1672
0	2295
33	2219
109	3281
0	295
10	127
0	335
0	428
0	271
149	385
17	152
5	238
2	29
0	9766
0	9712
0	21
1	54
4	633
0	646
0	320
1247	4197
2	4197
4	4
481	12443
3	14
12	613
13	98
38	11710
4	11
3	267
7	2378
5	1409
0	1267
35	337
0	1267
32	180
5	1223
11	1201
0	411
0	49
13	224
9	247
0	0
0	0
0	2
8	2
2	18
34	28
0	2
0	2
0	2
0	2
0	0
0	0
0	0
0	0
0	0
0	0
0	0
0	0
0	0
0	0
0	0
0	0
0	0
0	0
0	0
0	0
0	0
0	0
0	0
0	0
0	0
0	0
0	0
0	0
0	0
0	0
0	0
0	0
0	0
0	0
0	0
0	0
0	0
0	0
0	0
0	0
0	0
0	0
0	0
0	0
0	0
8	0
0	8
0	8
0	8
0	7
0	121
0	85
0	6
0	39
3	17
0	17
0	0
0	127
0	0
0	0
33	7
0	0
0	0
0	7
0	0
0	0
26	12
3	0
0	11
5	1
0	1
0	0
0	2
0	3
0	10
0	0
0	0
0	18
0	2
2	1432
552	664
0	1427
47	801
114	801
9	0
4	117
0	277
0	288
0	288
19469	122
0	0
0	0
16	970
0	898
0	826
0	696
20	170
0	160
10	135
5	144
0	49
0	59
0	23
484	12
0	51
121	185
6	0
3	1637
359	1637
0	212
0	143
0	714
0	184
0	29
4	213
399	438
0	358
1	34
0	45
27	34
664	2104
179	34
0	0
33	2024
175	132
136	235
22	874
0	15
20	0
0	0
16	2529
0	2434
0	1813
0	1351
49	1563
0	1070
0	1032
0	844
0	890
0	800
0	638
4	541
0	530
0	171
0	308
0	2472
0	163
11	163
0	165
0	25
0	23
0	14
0	17
0	16
333	0
0	0
3	770
0	1453
0	1453
25	770
0	14
0	1453
0	847
0	24
0	14
0	14
119	1058
37	74
0	0
2	0
0	0
17	850
0	1591
1	1788
0	1279
0	157
0	125
0	438
22	725
7	536
3	1138
0	1387
0	1814
0	26
6	256
0	26
0	1637
3	246
1	312
0	148
0	194
45	64
0	73
0	890
0	307
0	0
18	0
0	0
505	0
200	0
0	0
0	0
0	0
0	0
0	0
0	0
0	0
0	0
0	0
134	5261
0	5112
20	4932
37	4673
0	128
0	277
20	6
0	1085
31	1459
0	37
0	1431
24	1772
78	852
5	1809
71	283
25	20
67	742
4	135
8	101
22	23
15	227
41	237
0	199
3	0
0	0
0	9
0	10
0	10
0	15
0	0
11	641
332	2412
0	1815
22	294
4	443
0	35
0	155
63	449
0	214
0	127
0	328
0	0
0	0
0	0
0	0
0	0
0	0
0	0
0	0
0	0
0	0
0	0
1158	1517
0	94
48	42
0	34
0	32
7	0
0	69
0	75
0	76
0	40
13	76
1	12
0	21
0	1
0	9
0	5
0	34
0	76
0	76
42	2911
0	120
22	967
0	2829
0	2915
43	2476
0	337
0	883
0	512
340	2596
206	1487
0	1715
0	265
10	432
0	1144
8	580
783	376
13	295
0	297
14	102
1	11
0	0
0	0
0	0
0	0
0	0
0	0
0	0
0	0
0	0
0	0
0	0
0	5
11	160
1	8
0	34
0	66
0	88
0	0
5	140
0	249
9	1762
12	1089
1160	1940
4	1205
296	1147
0	144
0	95
0	4
8	4
0	4
0	4
0	4
0	0
0	0
0	0
0	0
0	0
1	56
0	0
3	798
0	766
0	791
2	812
0	844
0	811
0	680
0	225
0	815
0	190
0	180
0	200
0	19
0	6
0	6
0	2
0	0
1570	1661
3	1554
2	1311
5	975
10	984
0	102
0	318
0	0
69	1670
68	582
0	152
2	44
0	19
0	213
0	228
0	42
0	42
3	32
0	17
2	1072
0	0
0	0
0	0
0	1260
0	1260
2	1333
15	355
30	148
0	1260
0	1260
13	0
57	2
0	2
0	23
0	21
0	13
6	2
0	301
0	0
0	0
0	11
0	0
0	0
0	0
0	2
0	2
0	0
0	0
0	0
0	0
0	0
0	0
0	0
0	0
0	0
0	0
0	0
0	0
547	0
0	45
52	201
0	4
14	69
3	57
0	132
10	341
113	356
0	4007
44	5280
8	460
38	34
19	76
0	405
1	225
488	225
155	737
82	49
36	3354
6	277
18	211
0	222
0	64
0	6
30	243
27	550
1	4681
0	475
6	486
3	1491
4	1502
2	1499
0	25
7	79
8	1507
0	638
0	2119
0	1662
0	1411
0	33
0	460
0	65
13	6
0	0
0	0
0	0
6	0
8302	3707
118	3720
63	206
0	20
0	0
0	4
0	6
0	418
0	35
0	440
0	427
0	10
2	12
5	418
0	379
42	410
2	409
0	94
0	0
0	0
0	0
11	135
0	80
0	2
0	2
0	2
0	80
0	2
0	37
0	65
0	26
233	365
0	25
0	0
0	0
0	47
33	47
13	47
3	47
0	10
0	0
3	348
0	0
0	0
0	0
0	0
80	757
0	26
10	692
0	498
0	258
2	172
2	262
0	522
0	0
0	3
0	0
0	30
0	8
0	8
0	0
0	0
7	33
0	0
0	0
0	0
0	0
0	0
0	0
0	28
0	0
929	140
8	5
0	138
0	3
0	0
368	12280
8248	12298
0	4121
88	8681
13	1722
351	941
0	21
42	85
0	72
2	21
0	0
0	0
0	3
0	3
0	0
0	0
0	0
0	0
0	0
0	3
0	0
0	1
0	3
0	3
0	0
0	0
0	0
0	0
0	0
0	0
0	0
28	1862
0	14
0	1381
0	0
4	1852
119	56
8	56
0	0
4	399
7	439
5	105
0	275
3	255
0	56
708	324
9	154
5	3532
0	1834
13	2972
0	608
4	416
20	948
13	688
5	431
0	1015
0	614
7	16
0	0
0	0
0	13
0	4
0	15
0	2
0	0
282	455
0	394
60	354
0	0
0	0
0	0
0	0
0	0
0	0
0	0
0	0
0	0
4	230
359	360
4	121
0	98
0	84
0	42
0	0
0	0
0	0
106	501
0	501
0	5
1	17
0	5
6	42
0	0
0	5
0	5
0	0
0	5
0	0
0	5
0	5
0	5
0	5
0	5
0	5
0	0
0	0
0	0
759	1339
108	875
170	802
125	439
0	607
0	0
0	44
0	33
0	11
0	21
0	7
0	6
0	10
0	5
0	921
0	78
0	72
0	2
158	427
0	223
36	668
0	23
0	19
5	2
4	217
0	882
5	7045
1	90
0	213
0	249
0	1309
0	7005
0	247
0	653
0	2444
10	6019
0	5533
0	5835
0	333
0	5357
0	354
0	367
7	286
114	6
0	417
60	288
0	7045
0	2632
0	0
1905	4537
0	4371
16	108
6	214
0	312
25	152
0	77
0	175
16	71
0	22
0	194
510	335
0	87
347	5731
41	5713
8	615
0	3061
14	2849
3	317
9	489
138	653
0	37
13	341
5	0
0	0
0	0
0	0
0	0
0	7
0	0
0	0
0	0
0	0
0	7
0	0
0	0
0	0
0	0
0	131
1	144
0	131
0	24
0	77
0	22
2	4
24	364
0	59
5	103
0	31
0	39
35	18
0	351
0	326
0	322
0	471
0	278
453	471
0	75
0	0
0	0
0	30
21	22
35	6
385	13
4	13
18	0
0	0
0	0
0	0
0	14
0	12
0	14
5	637
6	287
0	170
21	194
29	95
0	33
0	0
0	3
0	551
192	1656
2	1406
0	966
8	318
6	1141
0	483
8	331
0	299
0	377
37	440
23	1201
0	1144
1	283
0	39
0	88
0	580
698	1246
5	197
8	9
0	1046
4833	0
0	2
0	1165
4	1163
0	388
89	117
0	685
2	240
0	699
0	698
0	614
4	701
0	776
0	744
0	642
0	34
1	700
0	3
1	5
4	3
0	448
0	412
0	640
0	98
2	0
259	1930
2	450
170	2620
82	5622
5	5924
53	150
19	219
9	540
0	767
140	1243
26	474
0	10
2	259
15	249
0	204
6	250
0	0
1	221
1	17
0	0
68	404
0	280
32	154
42	386
0	3
0	0
310	1008
0	575
0	181
0	283
0	385
0	394
0	194
0	36
0	199
0	232
2	189
0	198
9	180
0	177
1	147
0	149
0	172
27	152
0	155
0	182
5	53
0	93
0	114
0	92
0	32
52	478
0	0
9	0
0	0
0	0
0	0
0	0
0	0
0	0
0	0
0	0
0	0
41	2
1	86
3892	200
35	85
5	110
0	0
0	0
4	26
0	0
0	0
0	0
0	0
0	0
0	0
0	0
0	0
0	0
0	0
0	0
0	0
0	0
0	0
0	0
0	0
0	0
0	0
1158	544
0	219
24	514
0	70
5	145
0	144
2	295
0	14
0	0
0	295
0	8
0	8
0	8
0	8
0	0
0	0
0	0
0	0
0	0
0	0
0	8
27	1114
0	86
0	1626
113	1654
0	931
122	551
0	119
0	127
0	89
0	160
0	16
0	0
0	0
0	0
0	0
754	11477
33	10874
99	6484
33	309
89	305
102	11
88	405
17	952
80	362
41	428
0	1107
7	453
15	560
0	1896
133	1238
0	392
53	938
0	1393
3	244
3	248
7	106
0	105
0	59
0	1393
2	1094
0	894
1787	0
229	0
19	101
0	23
0	21
0	21
0	0
0	61
0	61
0	61
479	35
4	8
0	0
0	0
0	0
0	0
0	0
0	0
0	0
0	0
0	0
0	0
0	0
0	0
1	114
12	12
3	230
1	258
0	26
0	0
1	210
7	257
0	0
0	0
0	0
0	0
0	0
0	0
0	0
0	0
0	0
0	0
0	0
0	0
0	0
0	0
0	0
0	0
0	0
0	0
0	0
0	0
0	0
0	0
0	0
0	0
51	12973
24	3374
103	12177
1195	1706
0	854
2	290
36	589
0	124
0	41
0	48
0	75
0	74
0	510
4	652
0	697
0	536
0	469
1	49
0	21
0	218
0	32
0	53
0	64
0	0
5	13
4	32
10	16
1	23
16	136
0	16
0	0
0	663
0	87
0	31
0	90
34	1354
2	454
0	1462
170	1433
31	1061
0	1184
8	1061
9	1189
69	40
52	261
307	538
0	706
432	879
1	1
3	26
15	182
6	0
0	0
21	18
0	0
0	1
0	1
0	0
0	0
0	0
0	0
0	0
109	64
0	64
0	43
0	32
0	27
0	292
18	229
0	110
0	189
34	50
0	2
26	1245
0	1204
3	136
17	148
88	100
0	57
52	731
0	303
39	419
0	303
11	303
6	321
17	140
0	1
0	1
0	243
0	243
8	243
0	243
15	20
0	82
278	333
19	65
20	263
0	161
0	0
0	0
0	0
0	0
0	0
0	0
0	0
0	0
0	0
0	0
0	143
0	121
0	51
0	29
2	19
1	24
8	49
7	0
0	0
0	0
0	9
0	27
0	9
0	5
0	5
0	5
0	5
0	32
0	5
0	4
0	0
14	205
0	8
0	329
0	66
9	191
3	148
5	369
10	88
0	147
0	99
7	24
80	152
0	456
0	372
0	91
1	94
24	4
0	56
13	360
0	64
0	0
0	64
0	64
0	0
0	0
0	0
0	0
0	0
0	0
0	0
0	0
0	0
0	0
0	0
0	0
0	0
8	0
29	6
0	0
0	0
197	871
2	870
24	271
13	231
30	246
0	85
0	84
0	58
0	61
0	0
0	120
0	0
0	21
10	111
0	0
4	224
6	120
0	7
0	0
0	0
0	0
0	6
0	15
0	124
0	107
0	2
7	87
0	13
582	680
15	614
23	244
0	161
0	178
0	134
0	128
0	108
0	165
0	304
0	342
0	268
1	389
0	332
0	125
0	140
0	228
0	91
0	86
0	227
0	143
0	130
0	106
0	56
0	47
0	76
23	0
0	298
29	1550
0	229
0	1488
5	2276
0	1240
0	1500
121	687
0	99
17	315
0	584
48	278
8	487
21	168
33	369
7545	2615
0	11
0	411
0	2648
0	0
0	0
0	0
0	203
505	1855
0	10
10	1675
77	33
3	110
6	110
0	56
1024	3563
501	3577
0	234
9	0
303	882
5	183
2	833
0	20
0	268
7	782
48	625
0	131
0	43
0	2
0	8
0	6
0	0
0	2
0	4
9	161
0	10
0	8
0	0
0	0
318	0
0	1
0	7
0	0
0	0
0	7
261	3026
21	3026
0	41
0	36
2	526
0	791
0	73
1974	2518
0	230
0	52
67	204
6	61
0	750
52	2588
0	110
0	142
0	248
0	134
0	775
0	41
3	505
0	297
0	179
70	480
0	480
0	653
0	538
284	2251
0	0
5	0
7	29
8	165
2	79
25	27
26	130
0	0
812	2082
32	1172
14	1901
6	1834
34	1166
9	404
1	262
0	533
3	159
0	278
7	158
0	28
4	17
0	5
0	0
0	0
0	0
0	0
0	0
0	6
0	6
0	6
2	0
0	0
0	0
0	0
0	0
0	0
0	23
0	16
37	36
0	14
0	21
5	14
499	750
300	406
19	153
1	149
0	75
0	148
0	79
0	6679
3	6423
0	2831
0	2788
0	3208
0	3879
0	1230
48	218
0	97
0	6675
93	1015
185	1225
80	1395
25	1634
0	99
4	188
23	10
0	1266
31	1242
1	989
336	1006
2	1140
0	51
0	161
0	236
0	187
4	72
0	205
0	180
0	123
37	29
56	229
0	559
9	5822
0	4158
46	4499
2	1674
0	1444
18	18
19	1954
4	178
62	1398
16	1612
1	575
0	461
0	17
0	322
0	0
0	0
30	8857
21	1105
8	128
8	311
0	312
0	3995
10	6035
311	8949
34	486
0	447
1	1480
0	2424
1	171
3	1188
5	193
0	1575
0	4860
193	3896
90	144
9	311
0	20
22	357
143	4477
0	2384
0	0
0	1
0	9
0	0
2	143
0	1
3	28
83	365
4	365
0	0
0	48
20	0
0	0
0	0
0	0
13	445
16	418
7	444
18	521
0	522
0	243
0	210
0	103
0	4
0	146
9	38
0	7
0	698
0	198
0	185
0	22
0	20
0	3
15	6
0	23
0	20
0	32
32	28
0	0
0	7
0	0
0	7
0	7
1	7
0	32
12	0
4	18
0	15
0	0
0	0
0	18
0	15
44	55
0	40
0	0
0	0
0	0
0	0
0	0
0	0
0	0
0	0
0	150
0	143
10	143
0	277
0	0
0	180
0	184
0	185
0	39
0	1005
0	343
41	1086
0	81
0	18
0	65
0	48
0	93
9	174
22	14
0	5
5	419
0	37
17	0
0	0
0	1
1	72
0	10
3126	1066
21	786
35	594
13	371
49	9
0	476
3	150
3	260
15	303
3	60
0	72
0	25
2	19
9	53
0	0
0	0
4	0
0	0
6	37
0	3
0	3
0	3
0	0
0	0
0	0
0	0
0	1047
0	1064
0	916
0	346
0	54
0	22
6	1036
0	37
0	0
16	141
10	3623
0	4462
0	3386
0	3085
0	3746
9	874
79	1421
0	1129
21	504
2	128
3	1403
0	858
0	341
0	769
0	339
0	430
0	360
0	258
15	1
30	772
0	634
23	676
7	38
8	53
14	485
0	134
0	529
9	184
0	52
0	45
0	298
28	161
4	285
1	109
0	386
0	36
0	11
0	386
0	386
2	386
1157	1923
0	646
106	1164
107	277
0	1090
16	588
7	61
0	0
0	0
0	0
0	0
0	255
2	142
0	26
1652	2118
19	1944
11	1728
0	1608
21	502
1	219
0	183
8	140
22	1
18	111
144	263
0	104
0	0
0	0
0	0
2	0
4199	1440
2	1386
6	772
23	75
8	0
0	0
1	0
0	22
0	8
0	44
0	8
0	23
0	0
97	342
0	108
0	28
0	1428
0	1386
0	601
0	585
0	0
0	512
0	10
5	16
21	4
0	0
47	29
0	5
942	5695
12	4728
18	5110
45	303
0	1
0	0
0	0
0	0
0	0
0	0
0	1
0	1
30	5471
0	5426
0	3763
6	1243
0	1363
0	1227
20	0
0	79
8	79
0	62
0	79
5	15
0	79
0	0
0	0
0	0
0	0
4	91
0	0
0	0
0	0
0	0
0	0
0	0
60	2724
9	511
8	484
0	2112
16	692
0	1230
4	2012
0	147
9	52
0	746
71	767
0	234
0	100
9	87
10	39
0	26
0	5
0	14
0	1
0	0
1	732
0	0
0	0
0	0
0	0
0	6
0	0
0	0
0	0
0	0
0	33
0	1750
0	1865
0	105
12	0
9	38
5	0
4	155
7	33
4	10
0	31
1	115
0	130
0	1799
0	306
0	280
3	220
7	38
0	33
27	3511
5	3378
5	3396
106	1226
6	2537
307	2104
67	3587
0	3466
1	3414
12	446
0	840
0	1995
6	597
0	1987
8	374
4	59
5	443
0	148
0	0
0	109
0	157
13	4
874	331
0	190
0	0
3	0
0	0
1	118
0	0
0	0
2	10
0	183
15	3117
123	2960
3	2984
0	344
73	152
13	320
12	1261
136	2803
367	2442
0	611
156	2183
22	1323
0	1471
0	348
9	79
12	1348
1	497
12	187
0	146
17	127
0	155
0	54
0	41
0	26
704	853
5	9
39	294
0	74
0	100
0	1128
25	8
16	55
42	23
9	221
0	0
0	0
0	0
0	0
0	0
8	16
0	0
0	0
0	0
0	0
0	16
0	16
0	0
235	2735
10	1489
2	1447
0	1348
0	1347
0	1362
0	1023
0	1292
0	1284
0	1359
0	1574
0	1483
0	836
0	549
9	128
0	874
26	669
17	627
66	493
0	0
0	0
0	0
0	0
0	0
0	49
4	1199
0	0
0	0
0	0
1420	1306
66	1306
3	169
0	2
0	0
0	41
0	83
0	240
0	84
0	58
0	1293
8	1163
1	1067
0	31
0	44
15	176
0	1160
0	15
0	98
0	450
0	56
0	29
0	1204
0	32
0	88
0	1098
17	1180
0	48
0	1030
180	334
19	264
0	84
0	144
0	1801
0	968
0	254
0	331
59	2641
253	2712
0	1895
0	2092
0	863
0	1262
0	1442
0	1331
14	503
0	95
0	64
152	545
0	562
0	155
0	0
0	0
44	1
0	0
0	0
0	0
0	0
0	0
0	0
0	0
0	0
0	0
0	0
0	0
265	4373
0	1325
33	1269
2	931
12	493
43	866
1	611
264	2410
0	72
41	124
0	19
0	19
0	19
0	0
0	0
0	0
0	0
0	0
0	0
0	0
0	0
0	0
0	4
0	4
0	4
0	4
0	4
0	4
9	1087
0	0
0	0
1750	120
15	51
10	69
48	745
0	712
9	0
3	55
0	49
0	41
6	25
0	448
2	0
25	0
302	777
6	527
0	182
9	666
13	687
31	557
0	0
0	200
0	0
0	60
309	429
4	13
0	0
0	13
0	0
0	0
0	0
0	0
0	0
5	0
654	4244
1	3120
0	755
0	3056
40	226
2	2035
0	925
5	1919
35	1945
0	0
0	0
0	85
11	1051
1	1041
3	138
4	66
0	28
0	78
0	26
1	24
0	33
0	61
0	87
0	30
0	1083
0	40
0	50
0	76
6	224
0	118
0	186
0	989
0	94
0	8
0	21
0	53
0	26
0	1040
0	102
0	1022
4	13
34	107
46	10
3	124
0	181
24	184
0	153
0	1032
0	0
0	0
32	30
50	144
0	12
0	57
0	32
0	12
0	27
0	12
0	56
0	0
0	0
0	0
0	11
0	11
8	0
0	11
0	32
71	157
1	159
6	94
0	55
0	171
0	507
0	38
38	317
0	94
16	338
0	257
0	251
0	66
0	63
0	57
0	42
0	35
0	233
6	29
0	0
0	38
0	8
0	258
0	252
0	1348
1	1172
10	1583
94	2062
1	1186
0	1331
0	1408
0	1468
1	1334
0	1465
33	273
0	925
429	456
0	462
41	180
23	34
1764	2927
36	2798
95	2832
13	222
26	3
1	593
18	13
10	639
0	896
0	754
1	377
20	74
0	866
1	848
0	749
0	0
0	264
4	5
15	259
0	5
0	125
0	118
0	95
0	4
0	1
7	0
0	3
0	263
0	16
0	18
52	18
0	17
18	5
0	20
13	1
0	16
0	0
0	0
10	41849
0	3373
0	4948
1	79
0	16
1	68
0	48
0	0
0	79
0	137
0	137
0	59
0	0
0	0
0	0
0	0
0	8
17	62
0	0
0	0
2	18
0	339
7	117
8	202
0	0
0	339
0	0
0	0
0	0
0	0
0	0
0	0
0	0
0	0
0	0
0	0
0	0
0	0
0	0
0	0
0	0
0	0
0	0
0	0
0	0
0	1
0	1
0	1
0	1
0	1
0	1
0	0
0	1
14	745
38	777
49	777
0	0
2	229
0	0
0	2
0	2
0	0
0	1101
6	407
3	159
0	1002
0	161
1	1245
0	106
5	292
38	1026
0	5
0	0
0	5
0	103
0	6
0	1
0	13
0	5
6	16
0	2
0	23
0	5
0	103
0	0
0	0
0	0
0	0
0	0
0	0
0	0
311	610
0	414
0	294
6	226
127	39
0	103
100	25
0	30
0	30
1532	1290
0	1207
7	374
0	83
0	2
0	2
0	2
1	0
0	0
4	73
0	2
0	2
0	0
0	0
0	0
0	0
3	13
13	0
10	14
1	8
12	3
0	0
164	131
2	131
0	0
49	0
0	0
0	0
0	0
0	0
0	0
0	0
0	0
0	0
0	0
0	0
0	0
0	0
0	0
0	0
35064	3317
12	1957
265	1017
29	1765
0	1227
191	7765
596	1564
0	1795
0	1212
0	1793
0	4770
3	3944
4	1657
17	5884
41	960
16	605
0	376
0	357
0	320
1	161
0	140
0	141
31	130
0	132
0	0
207	260
4	918
0	744
0	25
0	851
0	890
0	97
4	24
7	48
0	1710
38	1717
4	402
3	614
17	112
0	47
0	86
0	66
4	58
0	23
0	65
0	44
5	32
0	14
0	14
0	1642
249	140
2	8
0	4
0	0
0	2
0	7
0	9
377	2491
0	261
40	0
0	2491
2919	2994
16	2633
0	2829
0	794
4	78
0	36
4	36
0	224
3	221
0	100
0	141
0	28
0	0
0	0
7	798
0	0
1	1134
0	1004
3	843
0	419
7	0
22	70
0	86
0	319
0	229
0	546
0	60
0	5
0	34
0	17
0	4
0	0
0	0
0	0
0	0
0	0
848	11141
0	0
0	1
44	15
1	15
0	8
0	6
0	0
367	587
16	220
37	246
6	246
0	246
0	246
7	209
6	10
0	315
0	0
0	14
0	13
0	13
0	0
0	14
0	14
6242	14878
0	1124
55	846
14	14057
3	5803
3	2010
35	334
8	2047
74	43
30	0
104	153
51	194
3	1704
5	618
0	590
0	543
0	80
0	583
0	495
0	498
0	26
0	573
24	31
4	77
0	418
0	21
0	10
0	47
4	35
0	4
0	22
0	2
0	15
0	3
0	403
123	979
0	1675
33	55
0	794
0	1532
0	9
0	287
0	287
0	257
0	179
4	0
0	15
0	9
0	13
0	30
15	19
0	0
0	13
0	13
0	9
0	4
0	4
0	4
0	4
0	4
0	287
0	287
0	0
278	988
16	1782
95	1279
51	2340
14	1772
1	1397
0	233
0	48
10	88
0	4
0	4
0	48
0	1592
1106	1719
18	1573
1	1573
0	291
0	1419
63	550
5	98
30	642
69	178
0	158
0	91
0	35
0	25
0	186
36	186
1	57
0	6
28	17
0	6
9	2941
10	2880
7	202
24	16
0	0
4	18
0	9
11	91
0	20
0	0
0	0
0	10
0	0
0	10
0	10
0	10
0	0
0	0
0	0
1	0
0	10
18	0
0	0
0	0
0	1090
31	511
0	800
0	405
0	469
0	579
0	1125
0	336
0	546
0	1161
0	476
0	18
0	18
0	0
0	6
2	441
1	333
0	837
355	0
0	5
0	14
0	5
0	0
0	0
0	0
0	0
0	0
4	766
0	0
0	0
0	0
0	0
0	0
0	0
0	0
0	0
0	0
3	0
0	0
0	0
0	0
0	6
0	0
0	0
13	224
0	10
4	15
0	6
11	220
0	0
0	43
3	27
0	0
0	0
0	0
0	0
0	0
0	0
0	0
0	0
0	0
0	0
0	0
0	0
0	40
3	37
0	3
43	3
9	364
0	0
0	2962
0	3532
17	3707
12	2520
0	2567
5	1819
81	2487
0	2345
10	1570
8	93
13	188
0	90
0	139
7	37
6	86
18	128
14	189
0	48
0	170
4	484
4	331
0	268
0	2
21	738
110	2573
3	2203
84	1269
20	1907
28	222
46	303
10	425
6	476
10	342
3	363
6	19
5	37
9	67
0	508
6142	1191
13	1193
1	64
0	68
0	1004
4	48
1612	855
0	169
0	686
0	624
17	0
0	0
0	0
0	0
0	28
5	203
0	0
0	842
0	811
4	746
56	547
0	725
0	131
0	83
19	72
23	103
39	36
0	170
0	156
33	56
0	243
0	149
0	119
0	106
0	0
0	0
0	0
0	0
0	0
0	0
0	0
0	0
0	0
0	0
162	131
16	64
0	78
0	73
126	77
0	58
1	28
166	140
300	1168
0	438
0	362
0	0
0	0
0	39
0	13
0	2465
0	2472
4	551
34	15
0	60
0	369
0	362
30	0
110	1060
0	5205
7	4816
4	448
823	3161
0	41
9	3422
5	609
20	25
0	126
6	5303
14	356
4	460
8	665
142	537
36	25
1	21
0	106
0	120
3	4
0	24
0	61
0	32
0	1097
30	968
18	1068
0	1154
0	94
0	0
0	55
10	1022
1	0
0	1014
0	942
0	860
2	11
0	1877
0	1927
0	96
0	145
0	167
0	216
0	238
0	90
300	468
0	62
2468	0
8209	0
0	2656
0	192
23	215
0	1339
0	1409
0	174
5	0
1	2656
57	282
0	271
31	328
4	245
0	245
420	447
5	476
0	139
15	113
5	3978
11	1240
103	4173
0	1153
48	3860
0	1775
0	2076
16	3729
25	47
0	342
0	131
17	225
29	248
13	161
16	62
0	377
2	4425
5129	661
14	357
129	661
38	1032
0	377
0	55
0	655
2	814
0	0
0	0
0	1
18	186
1060	563
0	433
0	448
0	304
14	4086
10	551
0	3643
79	3708
0	79
8	3797
53	589
34	415
3	208
7	59
282	253
100	146
220	2272
33	3
0	0
631	803
371	370
11	433
0	0
0	0
0	1118
15	985
4	964
0	486
0	115
11	48
0	4
0	2
0	0
13	0
0	26
0	7
0	0
0	0
0	1118
7	12
271	192
0	0
0	8
0	0
0	0
0	0
0	0
0	0
0	0
0	0
0	0
46	0
0	0
0	0
399	1365
0	1284
16	337
0	0
0	0
0	0
0	0
0	0
0	125
0	94
0	100
0	4
0	11
0	104
0	8
3	7
0	90
0	0
0	114
0	111
0	115
0	108
0	19
0	5
0	0
2	91
0	27
0	35
0	6
0	91
0	0
0	0
0	0
0	0
0	0
0	0
0	0
0	0
0	0
0	0
0	0
0	0
0	0
0	0
0	0
0	0
1	79
0	83
0	83
4	8
0	0
0	0
0	7
0	0
0	7
0	0
428	4214
29	4055
0	669
0	127
15	176
0	1250
42	2654
0	1231
1	481
9	1358
0	0
0	0
0	1002
0	1023
0	2
0	2
0	98
0	99
20	432
6	433
0	449
0	324
18	681
0	384
0	385
0	225
9	710
14	308
0	102
0	27
0	39
0	0
417	119
0	23
0	54
0	87
0	9
3	78
1	150
3	155
2	108
0	38
0	60
0	46
2	36
0	3
0	0
0	692
0	8
1185	746
7	54
0	213
0	2044
19	2153
10	2223
0	2489
0	0
0	0
0	0
2	19
16	85
0	0
0	0
0	0
0	0
0	0
0	0
0	0
0	3
0	6
0	320
0	293
0	0
0	0
0	0
0	0
0	0
0	0
0	0
309	887
65	824
0	383
96	121
147	0
30	349
12	66
278	868
0	7
4	324
0	0
0	0
11	46
0	0
0	0
0	0
15	1063
0	396
9	0
45	1104
0	1107
4	1731
4	93
0	64
3	0
0	167
0	877
0	65
9	58
5	243
138	261
0	131
0	198
0	203
0	1196
0	178
0	164
13	0
0	0
0	0
0	0
0	517
2	417
0	634
1	1820
10	516
4	1882
0	1877
0	412
0	404
3	47
0	423
0	453
0	446
5	305
0	1415
20	207
1	219
68	60
0	26
11	218
0	0
0	0
0	0
0	0
0	0
0	0
0	0
0	0
0	0
0	0
0	0
10	1252
11	125
1	228
128	376
25	97
0	51
1415	1462
0	101
0	730
5	1245
0	966
0	251
0	251
0	15
0	15
0	9
0	9
0	0
0	16
0	22
0	22
8	0
0	0
0	0
0	0
1	246
102	404
0	160
0	4
0	8
0	5199
7	1128
0	5041
8	877
0	103
0	371
0	140
16	124
0	234
0	3809
0	412
11	1970
105	2689
13	2284
22	759
13	2445
299	1467
2	250
65	1188
11	457
0	811
1	1636
0	550
30	696
6	449
2	1066
1	381
48	342
363	2121
8	494
33	547
36	546
33	65
8	2101
25	1380
2	117
0	68
0	51
0	45
0	22
0	37
0	13
0	109
0	23
0	295
117	135
0	3
0	58
9	125
42	81
0	63
7	0
2	12
0	344
0	344
0	1665
0	296
24	22
4	90
0	192
3	630
16	643
6	640
0	0
0	0
0	12
0	11
0	11
0	26
0	0
0	14
0	14
18	24
327	531
5	246
0	1
0	301
7	949
0	34
0	0
0	30
0	0
0	30
0	20
0	30
0	0
0	0
0	10
0	17
0	0
0	0
0	7
0	0
0	17
0	11
0	0
0	7
0	7
0	3
0	7
0	7
0	7
0	7
0	0
0	0
0	30
0	2
4	16
20	14
103	93
23	74
0	107
0	74
0	73
0	73
0	73
16	57
0	0
8	1294
7	40
0	40
0	0
0	0
3	216
10	4613
72	4551
39	79
2	17
51	1671
2	347
2	211
0	46
0	117
0	116
0	0
0	0
0	0
0	0
0	0
0	0
0	0
0	0
0	0
0	2323
0	751
9	94
102	2547
14	194
9	28
83	194
9	22
2	183
2	1259
0	524
0	1
1	6
0	8
0	5
0	3
0	2
0	2
0	2
0	0
0	78
0	1260
22	1635
0	1405
0	115
0	1289
0	1482
1	2532
22	325
0	18
33	965
2	76
0	124
15	103
0	381
0	122
27	74
0	323
162	281
0	14
0	2482
0	1666
312	118
0	111
0	62
0	22
0	1
0	1
0	8
10	0
0	1
0	2
0	2
0	1
0	1
0	1
0	1
0	1
0	1
0	0
0	1
0	0
0	0
0	117
0	0
28	4
0	22
0	130
0	169
0	160
0	186
0	169
0	42
0	1
0	0
0	0
5	792
0	0
0	0
0	0
0	22
0	0
0	0
0	0
0	0
0	0
0	1074
5	1115
0	737
10	745
2	16
0	103
9	361
0	79
0	0
189	368
0	13
0	0
0	12
0	8
0	8
0	8
0	0
0	0
0	8
0	8
0	0
0	0
0	8
0	234
0	2
0	1
0	1
0	20
0	0
0	0
0	0
0	0
0	0
0	0
0	0
0	0
1	20
0	0
0	0
0	0
0	0
0	1
0	234
0	0
0	0
0	0
8	4
1173	2073
2	12
0	332
1	334
0	0
0	1
0	0
0	1
2	0
0	83
0	1
28	7
30	41
0	27
2537	15742
464	14251
29	3207
292	1116
237	4085
3	1972
0	1954
4	1845
4	1594
10	40
0	16
0	33
18	701
0	0
0	0
0	0
0	0
0	0
0	0
0	0
0	0
0	0
0	0
0	0
0	0
0	0
0	0
0	0
0	0
0	0
0	0
0	0
0	0
0	0
0	0
4	358
0	43
0	619
0	599
19	129
4	76
0	24
699	102
4	7
6	81
0	0
0	0
419	4070
3994	4506
87	665
8	8
37	101
7	174
28	11
34	600
12	103
9	301
7	407
0	44
16	2
5	3785
870	947
0	478
3	73
0	8
12	152
1	45
0	149
16	43
0	19
451	14546
570	14861
14	2160
2	13882
0	318
0	31
0	158
0	139
0	65
0	29
1	92
9	274
6	15
0	0
0	1
0	1
2	52
0	36
0	121
0	108
162	0
3	46
10	183
0	40
0	0
0	31
0	21
1	21
0	19
1	370
0	0
0	0
0	235
0	0
0	14
0	18
0	18
0	0
9	18
0	18
0	14
0	14
0	707
0	759
939	1151
0	684
3	0
0	90
0	58
0	44
0	105
0	0
0	0
0	96
0	116
0	96
0	116
0	172
0	0
0	79
0	46
0	63
0	53
0	2
0	51
2	43
33	4025
485	4025
0	59
0	29
0	75
0	20
0	3
0	0
3	1783
0	91
23	1776
0	0
0	825
0	759
0	87
0	528
0	95
11	96
99	402
8	13
49	28
9	123
18	48
9	1
0	1765
17	410
1163	1467
0	1298
0	8
0	8
0	0
0	0
0	0
0	0
4	8
0	0
0	0
0	0
0	0
0	8
0	0
0	0
13	3149
4470	3154
251	1537
0	2143
4	2118
173	468
171	1085
21	1734
3	363
0	817
4	324
1	413
2	63
1	359
11	732
3	730
0	101
6	328
9	414
11	53
2	201
37	277
3	296
0	223
2	219
0	134
0	98
0	169
34	99
0	1223
0	1628
0	1257
0	1007
0	2289
0	1214
0	1219
0	1202
0	598
0	1148
0	0
0	0
0	0
0	0
0	0
0	836
17	511
13	1182
0	790
6	234
13	71
15	0
0	0
0	0
0	0
0	0
0	42
0	23
0	18
0	22
0	268
0	22
0	12
0	21
11	25
4	32
0	620
1	609
0	23
0	629
0	21
0	19
6	600
0	20
1	11
0	35
0	7
4	0
11	39
5	0
0	0
0	7
0	10
0	0
0	0
0	0
0	0
0	0
5	0
0	0
0	7
0	0
0	0
4	0
0	0
5	13
0	10
5	3
0	10
97	553
0	1487
8	1517
0	1284
6	1169
5	85
0	775
0	144
74	66
0	14
11	0
0	25
0	5
0	222
0	222
0	222
0	102
0	26
0	30
0	24
0	13
0	0
4	18
0	17
0	1494
0	1356
126	730
0	542
0	87
24	229
2	92
0	263
12	15
0	17
0	138
2	67
0	41
0	6
0	26
0	38
46	842
43	380
8	269
0	653
16	27
16	0
58	31
544	872
0	60
0	105
6	30
204	603
22	53
41	247
841	20933
77	6090
168	2051
0	367
9	13629
6	16664
50	3649
246	12717
688	3115
153	377
23	385
245	35
7	133
6	97
0	35
6	1
0	116
0	108
12	43
384	62
208	28
0	0
6	28
0	2
55	20
9	344
38	522
14	44
0	328
0	316
0	281
0	79
0	268
0	22
0	45
0	35
0	0
0	95
0	96
0	50
0	59
0	57
0	5
0	5
1	0
0	0
0	0
119	116
18	501
4	103
0	17
0	9
0	17
0	25
0	8
0	1
0	0
0	225
0	8
0	19
13	27
4	1409
3862	2924
0	2545
0	1286
0	1608
0	517
0	202
0	624
0	0
0	0
0	0
0	0
0	0
0	0
0	0
0	0
0	0
0	0
0	1
0	0
0	0
0	0
0	0
0	1
0	0
0	0
0	0
0	0
0	0
0	0
0	0
0	1
0	0
0	0
0	0
0	0
1152	554
0	277
947	3251
236	2537
0	684
0	854
3	488
11	1968
0	2001
0	2352
73	2423
1	1999
1	2327
87	116
36	246
10	66
11	300
11	193
15	66
119	286
0	46
39	20
0	734
0	734
0	444
0	668
0	6
0	770
0	734
46	649
0	196
6	1
0	248
0	133
0	114
0	101
0	104
1	101
0	0
0	29
3	104
0	0
0	0
0	0
0	0
0	0
0	0
3	7
15	248
1	33
0	225
10	306
149	748
0	21
0	30
953	5787
7	2503
5	1280
0	0
96	3376
0	639
0	60
221	155
137	266
0	64
4	64
29	183
0	74
0	135
0	0
2	1484
0	82
0	325
0	223
4	49
0	15
0	69
11	200
7	32
2	115
0	272
0	78
0	68
461	0
0	44
0	27
0	6
0	3
0	36
0	40
0	12
0	17
0	0
1	16
0	0
0	10
1	0
0	0
8	31
5	8
0	4
13	747
23	761
0	658
24	129
8	144
0	132
0	44
0	1
13	176
9	52
0	14
0	1989
0	265
67	483
19	2010
0	293
0	12
1	5345
94	5247
449	4903
38	344
4	4901
4	3132
0	14
0	1159
2	545
188	1679
0	178
11	80
0	17
4	105
0	106
12	178
0	5385
0	2930
0	981
24	2898
7	2921
0	787
185	123
0	1406
0	122
19	1332
17	1335
0	194
15	456
6	105
0	139
10	436
11	1173
6	60
77	428
30	1
2	511
0	143
0	45
0	0
3	101
0	45
0	45
0	527
11	527
6	527
1	489
0	242
11	86
5	240
0	120
0	16
0	216
1	63
22	371
0	2
0	41
0	18
0	24
0	9
0	33
0	27
4	33
0	30
0	0
30	69
0	54
26	408
0	105
5	130
5	252
0	72
0	0
0	0
7	11
0	0
4	276
138	401
9	48
7	280
0	86
4	180
0	164
7	113
0	21
86	781
180	770
0	215
0	770
0	6
0	22
0	14
0	177
0	177
0	195
0	45
0	206
2	67
3	42
0	0
0	184
0	184
0	0
0	0
0	7
0	0
0	0
0	0
0	0
0	7
0	0
0	0
6	0
0	0
0	63
0	5
55	194
52	194
4	194
0	1
0	1
0	2
0	1
0	1
0	861
0	1
0	1
0	1
0	1
0	1
0	1
0	1
0	49
0	33
0	216
0	7
0	228
0	51
8	40
0	36
0	0
0	0
0	0
0	0
0	0
679	145
0	145
0	145
0	44
0	0
0	0
0	0
472	150
50	488
3	75
0	488
44	226
0	0
0	22
0	9
2	45
1	45
0	177
0	37
63	177
0	0
0	0
0	962
0	1572
0	962
130	16
0	16
1	0
0	7
0	7
0	10
7	783
1	463
36	2
0	0
0	2
0	0
0	0
24	72
0	48
116	58
3	24
0	31
0	9
0	0
0	0
1	0
0	0
0	0
0	0
0	0
309	142
0	554
0	167
0	151
0	158
0	151
0	61
0	58
0	56
0	15
0	27
0	8
0	0
0	8
0	10
0	8
0	8
0	8
0	6
5	8
4	2
0	8
0	2
0	0
0	0
0	56
0	50
0	12
0	2
3	59
0	50
0	56
0	5
0	45
0	0
0	41
0	0
0	0
0	0
0	43
0	0
0	44
0	56
7	209
0	19
0	0
0	0
0	0
0	0
140	290
0	129
9	88
1	8
0	8
0	2
0	8
0	81
0	77
0	62
1	1332
0	60
0	37
0	48
9	512
14	76
6	85
16	110
8	15
0	46
0	1300
0	1249
5	1249
0	0
0	0
15	104
0	2934
0	79
0	107
60	2934
0	92
0	102
0	438
0	449
30	40
35	0
259	1554
14	753
0	37
18	6
10	204
0	259
0	91
3	3044
0	2660
0	3115
0	239
0	224
23	2818
0	239
0	239
0	54
0	243
0	5
0	153
0	266
0	117
0	22
1	1336
0	1384
2	1202
1	85
0	266
4	171
12	0
0	89
1	5
0	53
0	53
51	5128
5	92
14	5128
0	0
0	97
0	5128
0	0
0	0
0	0
0	0
0	0
0	0
0	0
0	0
5	0
0	0
0	1
0	0
0	0
0	0
0	0
0	0
0	0
0	0
0	0
0	0
0	5
0	5
0	2
0	2
1	41
0	0
3	0
0	122
10	467
10	502
0	71
0	81
0	42
0	0
2	94
5	717
0	0
13	740
41	28
0	40
0	744
0	27
10	27
2	39
0	14
0	40
0	5
0	9
0	5
0	14
0	750
26	3
0	8
0	541
5	758
50	291
8	0
9	746
0	6
17	36
0	11
0	2
11	555
0	21
268	532
0	100
1	192
0	89
0	129
48	168
0	0
0	0
0	0
0	0
0	0
0	0
0	0
59	561
0	7
0	120
0	41
0	28
1	34
6	17
93	1362
17	1362
3	3
0	3
1	534
0	468
21	1795
173	1845
0	169
0	69
44	40
0	18
40	480
22	3
8	97
0	0
0	0
0	0
0	0
3	3532
18	898
0	3473
2	120
0	163
0	71
0	115
0	69
1	76
2	202
0	166
0	79
0	120
0	0
3	0
19	3372
0	712
8	10
0	12
0	7
1	8780
0	7898
0	9077
0	0
1626	9219
0	8419
10	6908
3	6595
62	6942
44	18
228	2214
0	9073
228	376
0	656
0	678
6	610
28	10
0	58
0	0
0	0
0	0
0	0
0	0
0	0
0	0
0	0
0	0
0	52
0	58
51	7374
0	735
0	523
35	205
12	19
19	1579
16	29
3	1924
0	11
13	4052
0	3801
23	214
8	37
21	219
40	294
0	7374
0	28
2	0
0	0
0	0
0	13
0	0
0	7
1	11
0	7
0	74
36	1603
35	1658
3	1433
0	194
10	133
0	8
0	157
0	92
0	46
5	5408
0	4565
89	1584
0	4973
17	0
0	0
0	0
0	0
0	0
0	0
0	0
0	0
0	0
0	0
0	0
0	0
0	0
0	0
0	0
0	0
17	111
0	1041
8	1199
74	1212
10	1102
25	143
0	152
0	215
5	873
18	184
34	657
0	378
7	269
1	79
3	252
3	1041
0	0
0	0
0	83
0	307
492	403
26	513
7	376
16	143
0	143
0	118
0	18
0	20
0	0
0	0
0	8
0	0
17	108
0	0
0	52
99	73
14	0
0	41
0	0
0	0
0	0
1168	1187
0	248
0	183
0	43
3	41
0	32
0	0
0	1093
17	28
84	107
0	0
0	2
0	2
0	0
0	2
0	2
0	3
0	2
0	5
0	0
0	2
0	2
0	1228
126	1269
0	241
4	151
14	177
0	107
119	256
0	0
0	0
4	0
0	0
0	2
0	0
0	0
473	720
0	691
3	720
3	718
0	207
0	22
583	1467
7	849
0	677
0	394
46	209
3	107
9	94
1	178
746	4386
51	3896
6	112
14	148
18	277
25	220
6	93
0	339
6	533
0	25
5	25
0	24
0	0
0	123
127	8560
11	7760
0	3922
108	4762
0	701
0	1520
0	681
7	732
10	1226
0	826
0	595
3	750
0	323
2	0
42	32
12	5
0	0
0	19
1	24
0	13
10	0
0	5
0	5
8	5
0	2
0	3
0	2
0	2
0	0
0	0
0	0
3	594
0	574
0	562
18	328
0	10
36	0
13	33
22	318
11	321
31	125
21	167
9	167
19	180
14	78
0	89
0	183
0	414
0	384
0	277
0	278
0	226
0	523
0	0
0	143
0	53
0	36
0	30
5	1974
39	1956
1	1957
16	68
121	571
11	62
0	1394
12	536
0	354
1	1328
0	24
0	342
0	390
7	23
12	32
59	32
2	49
0	18
3	25
0	0
0	1
0	1241
0	13
0	5
0	14
0	14
62	1073
0	15
0	67
6	34
0	26
4	1074
0	41
8	1083
0	34
0	96
11	13
0	376
4	127
0	49
0	3
5	0
0	20
0	0
0	13
0	10
0	15
0	64
0	18
6	530
22	134
8	895
0	373
0	0
0	0
0	0
0	0
0	0
0	0
0	0
0	0
0	4
64	197
7	12
0	8
0	0
0	0
0	0
1	0
0	30
438	178
0	47
15	116
1	44
0	37
0	222
2	222
0	0
26	4342
24	10942
2653	13251
67	17142
528	22997
69	11306
36	11097
133	3938
29	6867
1	2593
50	369
46	4306
10	4596
36	1506
0	1356
32	1159
0	146
88	1442
62	336
7	2032
0	1710
3	546
0	36
361	1459
24	986
0	1003
0	0
0	0
0	0
0	326
3	318
0	315
0	175
3	119
0	67
10	86
0	40
21	18
0	14
7	3
35	59
0	1
0	89
0	39
0	25
0	0
0	26
0	73
0	14
4	31
0	6
0	20
0	27
0	20
0	50
0	33
0	45
6	60
0	70
0	34
0	89
0	7
0	30
0	89
0	0
5	0
39	0
1	0
55	99
0	99
0	38
26	20
34	617
0	0
0	0
0	0
0	0
0	592
0	603
0	15
0	554
0	464
0	544
0	406
0	506
0	407
0	456
0	457
0	448
0	532
0	497
0	442
0	488
0	324
0	444
0	538
0	428
0	631
0	685
12	531
0	82
0	125
0	348
4	316
0	273
0	199
0	358
0	354
0	172
0	182
0	291
0	289
0	232
4	241
7	182
11	205
0	386
0	275
0	58
0	72
0	75
5	41
0	12
0	57
0	0
0	89
1	107
0	34
0	129
0	82
0	120
0	45
0	34
0	4
3	101
0	10
0	78
0	75
3	12
718	208
0	87
1924	293
14	293
205	157
35	228
1	72
4	3001
0	1356
181	2408
0	2954
0	590
7	1825
114	2091
1	2031
75	2002
11	119
23	1433
6	89
18	2353
0	2
0	0
0	2
0	2
0	0
0	0
0	0
0	2
0	0
0	2
0	2
0	0
0	0
0	0
0	0
0	0
0	0
932	256
10	187
0	187
1	225
0	249
0	54
0	39
437	761
10	99
0	17
1	261
0	102
0	69
7	104
0	73
0	8
0	0
0	30
0	0
0	0
2	5
0	49
101	1511
80	5887
0	408
23	183
0	29
0	7016
8	283
10	7030
0	6923
40	240
0	5351
0	634
0	450
0	347
1	420
0	144
11	32
0	0
0	160
0	15
69	312
1	154
0	16
0	21
0	0
0	0
0	0
0	28
0	3
0	0
0	26
0	0
0	13
0	0
0	4
0	0
0	0
0	26
0	48
0	0
0	0
0	0
0	0
0	0
0	0
0	0
0	2
0	0
0	0
0	36
0	52
193	385
0	32
2	32
0	33
7	39
0	27
0	32
0	372
2	12
0	30
0	9
0	22
0	44
0	57
0	35
0	36
0	44
0	48
0	31
0	1
0	31
0	0
0	46
29	26
0	52
0	0
11	1823
8	322
0	126
0	470
0	163
7	1671
10	194
0	78
26	0
8	603
0	46
2456	857
26	698
9	88
0	11
0	5
0	83
0	9
0	47
0	39
0	31
1745	1511
4	131
9	1235
0	929
0	333
0	186
371	191
0	80
2	4
0	31
17	1114
2	884
0	134
4	257
0	531
2	728
0	48
0	50
0	77
0	620
0	230
3	0
0	1627
33	1778
0	427
0	308
47	44
0	40
0	30
2	57
0	177
30	197
1	179
0	0
1	6
1	21
0	0
0	97
0	6016
13	423
25	909
0	5913
46	887
0	234
14	434
4	919
0	1510
87	2926
0	6013
195	302
24	276
0	27
0	13
21	219
3	1785
0	59
0	57
0	57
0	1799
63	303
0	1757
56	1714
0	44
0	33
3	79
68	240
0	1717
0	1721
235	554
13	112
7	110
9	290
81	512
18	541
33	85
7	1
0	67
0	4
0	101
0	4
22	22
1	31
0	5
0	3
0	12
0	57
0	20
0	61
0	3
0	25
1	125
31	168
10	168
0	7
0	0
0	41
7	21
0	25
0	4
0	21
0	17
0	16
0	6
0	6
0	0
0	16
5	103
0	28
0	158
19	247
0	1
9	47
4	54
0	46
0	0
0	1620
4	1577
1	122
98	616
17	887
0	353
24	554
6	84
0	288
1	153
0	81
0	448
0	920
4	680
4	402
1	146
9	733
0	72
0	58
0	260
8	245
0	113
0	250
0	173
0	187
10	175
18	172
0	101
0	18
0	0
5	477
2771	0
0	2
0	2
0	0
0	0
0	0
0	0
0	0
0	0
0	0
0	0
0	0
0	0
0	0
0	0
4	175
0	0
0	0
0	0
0	549
0	550
0	27
0	31
0	285
0	278
0	310
0	331
0	82
0	274
0	5
0	14
0	0
0	38
0	39
0	12
30	207
0	136
2	0
88	30
1	136
14	43
0	0
0	25
9	10
0	26
184	564
0	21
0	218
0	218
0	211
2	201
0	25
0	161
0	20
0	0
7	7
0	7
6	7
0	7
0	0
0	0
7	16
0	118
11	115
0	36
0	141
0	26
66	218
0	243
5	73
0	6
0	2478
5	2400
0	2614
11	453
8	369
3	193
0	2449
0	432
0	1271
0	1599
0	572
0	0
0	6
0	123
0	1543
0	1477
0	1442
11	1536
0	1158
4	1338
23	780
2	273
18	209
584	295
0	50
0	50
1	28
78	88
0	210
0	0
0	0
0	0
0	0
0	0
0	0
0	0
0	0
0	0
0	0
0	0
0	0
0	0
0	0
0	0
5	4
0	4
0	0
0	0
15	2326
0	1346
0	2142
1	2168
0	1832
0	1737
0	2323
31	1068
0	539
1	2326
2	74
7	1843
6	1129
3	5791
124	2733
15	59
18	153
27	128
0	45
0	1893
0	33
0	1255
77	63
52	120
14	5215
0	273
12	1383
0	60
0	18
0	42
0	285
4	30
0	49
0	4
0	28
0	28
0	666
7	257
0	20
4	33
0	21
14	32
0	21
0	0
0	0
0	1
15	583
0	1
0	16
4	148
38	2
17	0
18	0
90	113
102	180
28	54
89	171
0	15
0	15
0	4
0	0
0	0
301	111
0	102
0	81
0	72
2	20
784	1986
1	2047
11	1184
1	216
0	0
0	2
0	2
0	2
0	2
0	0
0	0
0	0
0	0
0	0
0	0
0	0
0	2
0	11
0	0
0	11
0	0
0	0
0	0
0	0
0	0
0	0
0	0
0	0
0	0
0	0
0	0
0	0
0	0
0	0
0	0
0	0
0	0
0	0
0	0
1	35
0	0
0	0
0	0
0	0
0	0
0	0
24012	21533
58	12827
0	2909
0	659
293	3186
0	704
31	11514
36	374
2	2264
310	1138
58	377
0	41
52	270
19	1246
151	1168
4	812
143	3566
0	1957
78	4841
14	2210
223	1283
292	981
0	282
0	322
160	1864
2059	4681
34	1005
2	1471
0	830
17	2
0	2908
0	1330
0	1223
5	1271
3	71
0	111
5	14
8	57
16	7
21	24
0	36
10	13
0	228
0	23
5	0
0	367
2	377
0	10
7	22
15	0
49	845
0	845
0	0
0	0
0	0
0	89
1125	647
2	376
0	136
113	84
0	16
0	42
0	57
0	12
0	12
0	77
0	36
0	0
0	0
0	0
4	997
470	174
0	174
0	0
0	0
0	0
0	0
0	0
0	0
0	328
0	1
19	313
0	3
0	64
0	0
0	3
0	0
0	3
0	0
0	0
0	4
2	0
0	3
0	3
0	63
0	0
0	3
0	3
0	0
0	0
0	0
85	483
0	405
7	444
0	152
1	329
0	329
0	25
0	200
0	146
0	146
0	151
0	151
0	151
0	0
15	0
1	17
0	0
0	0
0	0
0	0
7	0
0	0
0	0
0	0
8	0
0	0
0	0
0	0
0	0
0	0
0	0
0	0
1	83
0	0
0	0
0	0
0	0
0	0
0	0
0	0
2	0
0	0
0	0
0	0
0	96
0	96
0	0
43	3653
1	4528
151	4528
2	0
0	209
0	28
0	0
16	12
9	12
0	20
0	0
0	0
0	0
0	0
0	0
28	253
182	325
0	13
0	83
0	132
0	214
0	217
9	113
147	255
0	59
0	225
0	40
6	13
0	36
368	1016
0	61
0	334
0	374
0	286
5	32
2	267
0	269
0	43
0	121
49	77
20	21
1257	1527
69	562
0	88
0	21
0	348
0	486
82	768
50	35
0	390
28	777
0	120
20	387
0	174
3	94
21	6
0	42
0	42
2	42
0	22
0	22
0	62
0	22
2	0
0	0
0	0
0	0
0	542
0	326
1259	3795
796	3824
91	29
125	1332
5	912
16	687
0	87
0	33
24	39
0	0
0	0
0	0
14	496
0	0
0	0
1528	3759
595	2868
10	2891
0	878
0	806
0	792
0	0
0	0
0	0
0	0
0	0
0	0
0	34
0	34
0	0
0	0
0	0
0	0
0	0
0	0
0	0
0	0
0	0
18	168
0	0
30	1475
0	32
0	1415
23	683
3	750
20	1471
108	1919
0	1560
9	1259
0	1371
3	53
10	77
0	118
0	123
2	848
30	848
8	19
9	126
0	310
13	417
4	172
11	100
49	2146
2	11
0	13
7	56
1	140
0	2138
0	2129
0	0
0	0
0	0
0	0
0	0
0	0
0	0
0	0
0	0
0	0
0	0
0	18
0	0
0	0
0	0
0	0
0	5
0	0
0	0
0	3
0	0
2	0
0	16
0	16
0	16
0	16
0	16
0	0
0	18
0	0
0	10
85	59
0	8
0	0
0	10
652	625
0	625
1598	790
0	43
4	205
0	59
2018	1403
9	817
0	1091
0	893
47	189
53	338
4	963
0	689
0	0
0	9
0	938
0	0
1	0
4	0
0	51
147	425
0	36
0	914
154	3080
0	447
8	0
16	0
23	229
0	3080
0	2779
2	4
2	4
0	2
0	2
0	247
4	737
21	603
0	37
27	514
13	166
9	274
7	240
0	229
0	247
0	247
9	229
44	0
0	228
75	224
0	0
8	23
0	38
0	17
0	0
0	6
5	160
0	0
0	64
7	0
415	1210
0	1183
0	1
0	18
0	6
5	1
7	4
11	0
8	1
2	71
0	37
0	22
0	21
0	0
1	616
4	1041
0	0
0	0
0	9
0	9
0	9
0	0
3	0
0	0
0	0
0	0
0	0
0	0
0	4
6	345
0	345
0	22
0	38
0	20
0	1
0	1
0	20
0	3
1	0
0	3
0	3
0	3
0	3
0	0
0	0
0	0
0	0
0	10
0	0
0	0
0	0
0	10
0	0
0	0
0	0
0	0
0	0
0	0
0	0
0	0
0	0
0	2
81	6097
42	1112
235	6062
0	244
8	44
0	337
5	1138
178	6051
2	564
775	1513
0	1434
3	521
0	490
0	267
0	464
0	444
1	178
0	355
0	39
0	5
4	93
0	814
0	649
0	887
0	691
1	806
0	34
0	439
0	416
0	235
0	216
0	11249
0	305
0	10999
0	7727
0	11248
0	0
0	1159
5	319
0	2554
0	290
0	2175
0	1517
0	305
18	1894
0	2192
0	11253
0	1
0	11199
0	11836
0	1
0	306
10	1513
0	1119
0	305
0	305
0	6202
0	4449
0	3023
0	3155
3	11258
10	353
0	4207
0	2542
0	2191
4	1306
1	2557
22	10949
0	4435
0	328
62	18
248	11638
0	11943
47	11542
128	11457
8	534
1	407
0	4631
0	4245
0	4409
6	1432
131	226
35	11422
692	11104
560	10946
0	1899
16	2137
52	1757
1	6420
136	152
48	163
0	1708
17	267
0	221
0	53
0	0
0	0
39	451
0	611
0	612
17	28
30	169
69	510
0	46
0	38
15	54
8	60
0	40
12	307
0	32
0	21
9	47
3	27
5	37
1	50
11	80
7	3
3	110
2	130
0	120
0	0
0	8
0	8
0	39
0	15
0	8
0	67
0	54
0	0
0	0
0	0
0	0
0	0
0	0
0	0
0	0
0	0
3	0
0	0
0	0
0	454
3	172
5	416
2	106
0	450
7	393
0	425
16	125
0	152
0	393
157	176
0	55
0	29
0	332
0	4
0	4
0	0
0	83
0	83
0	0
0	0
0	0
0	67
0	97
0	71
0	71
0	75
0	13
0	0
0	0
0	125
9	134
0	4
9	136
8	67
14	64
0	38
0	209
7	65
46	214
3	35
0	106
56	175
0	118
0	0
29	16
0	16
0	16
0	6
44	11
0	11
0	11
0	5
0	0
0	0
0	0
0	0
6	386
0	0
0	0
0	0
0	0
0	0
5	207
0	146
0	137
0	23
0	24
0	1
0	0
0	24
0	0
0	7
0	0
0	23
4	68
34	6521
0	6819
42	6452
62	7227
11	175
42	157
0	8
2	2783
0	1381
0	40
0	40
0	0
0	0
0	0
0	0
0	0
0	2
0	2
0	2
0	9
0	9
0	26
0	0
0	0
121	634
10	26
0	16
60	15
0	4
3	235
0	450
0	17
0	300
0	391
5	109
0	375
1	289
0	37
4	31
7	41
43	125
0	249
0	32
0	79
0	0
9	883
3	3
0	17
0	1
0	1
118	0
5296	1768
16	543
0	546
0	709
0	538
0	750
27	1161
17	470
26	537
1274	9971
110	9658
5	439
4	307
819	109
0	108
33	28
3	16
0	21
0	0
0	24
6	0
0	24
0	0
284	510
0	74
49	469
0	28
0	8
0	11
0	5
0	2426
0	2338
0	2086
0	2237
0	2240
0	2341
0	2246
0	2046
0	2000
0	2001
0	1861
0	2186
0	2332
0	2344
0	2269
0	2119
0	2157
8	2237
0	2002
0	2206
0	1960
0	2349
0	2122
0	2264
0	2225
0	2092
78	1318
0	1986
0	2126
0	1891
0	1795
0	1942
0	1767
0	1588
0	1924
0	1857
0	1648
0	1303
0	1491
15	1431
0	1595
0	1051
0	1292
0	1465
0	1429
0	1277
0	947
0	1275
11	1188
0	1236
0	816
1	842
10	1713
62	183
0	617
7	3
0	385
9	859
24	795
0	1
4	361
0	257
0	390
0	152
0	18
0	194
0	210
0	123
3	89
4	82
0	14
14	31
6	3
0	0
0	3
0	4
0	30
0	3
0	0
0	0
0	0
0	0
0	255
0	142
0	0
0	0
0	0
0	0
0	477
0	195
3	388
0	1777
0	507
0	1644
19	2099
0	94
0	2305
3	2107
4	2066
0	2111
7	1844
0	1789
0	42
14	37
0	34
0	31
0	27
0	27
3	0
0	1
0	0
64	352
0	9
0	3
98	4201
0	748
501	25
0	4201
0	28
0	8
0	1
0	1
0	4
0	10
0	44
0	1
0	1
0	1
0	0
0	0
0	9
0	21
0	13
1	1
3	141
0	530
0	555
0	530
0	413
10	76
0	343
0	191
8	140
0	25
0	87
0	52
0	61
0	25
0	20
0	37
0	38
0	38
1	35
0	53
0	45
0	36
0	17
0	5
0	19
0	13
165	57
15	50
11	34
22	7
0	0
0	0
0	0
0	0
0	0
0	0
0	0
2	669
57	480
5	625
1	190
33	7
0	70
6	70
0	37
0	566
100	278
10	372
0	64
51	161
6	520
0	322
0	151
6	63
0	51
0	186
1	133
11	162
0	96
21	50
0	25
2	102
22	15
0	36
0	549
0	222
0	250
0	177
0	56
8	118
16	53
0	166
2	19
19	83
0	67
0	90
0	47
0	32
4	177
0	171
0	188
0	120
12	37
2	0
3	26
14	0
0	0
0	0
2	0
54	43
14	78
0	78
0	71
3	0
8	78
0	0
0	316
9	13
0	0
0	0
0	0
0	13
0	0
0	7
0	0
0	0
0	7
0	7
0	7
0	0
0	0
10	7
0	7
5	7
6	114
0	36
1	99
0	111
0	72
13	41
0	42
0	32
0	21519
0	20107
0	10870
1	15525
0	21513
0	19134
0	17876
445	21178
0	18722
0	13449
0	21519
2	455
0	16
0	26
0	42
0	123
0	42
0	47
0	7
0	47
0	49
0	5
0	0
0	0
0	0
0	0
0	0
14	50
0	62
0	14
0	0
52	422
1	446
0	407
0	0
0	0
0	0
0	0
0	0
0	0
0	0
0	0
0	0
0	0
0	0
0	0
6	60
0	0
18	215
56	215
20	42
5	1
0	0
0	0
0	0
0	0
0	0
0	0
0	0
0	0
0	0
0	0
1981	415
2	197
51	70
1587	1257
40	687
0	528
0	598
33	2890
10	563
1	587
0	558
9	25
2	552
0	193
0	255
0	332
0	570
4	122
9	176
0	5
3	25
0	101
0	47
0	119
1	1730
0	56
0	3
0	1193
33	132
0	282
0	0
8	0
0	1719
0	1165
117	687
28	685
13	499
11	308
1	324
5	171
4	148
1	34
3	22
8	6
0	0
2	11
0	0
4	23
0	1
0	26
0	323
0	53
0	324
5	0
6	56
1	142
24	193
20	37
20	60
0	134
6	54
8	81
0	99
0	40
0	39
0	27
0	20
0	42
0	44
0	32
0	28
0	15
3	2496
0	587
0	2376
1	1098
27	21
22	0
0	1196
25	599
0	985
11	1099
0	969
2	1073
0	7
0	1002
0	118
0	69
0	1035
0	3
0	84
6	137
0	100
0	189
6	64
21	18
27	73
11	259
95	131
1	32
0	0
0	58
0	0
0	13
0	13
0	63
0	63
0	0
0	0
0	0
0	0
0	0
0	0
0	0
0	0
2	141
0	0
0	0
0	0
0	0
0	0
0	0
0	0
0	0
0	0
0	0
0	0
0	0
0	0
0	0
0	0
0	0
0	0
0	20
0	0
0	0
0	0
0	0
472	393
17	358
0	182
1	95
122	48
0	11729
627	4040
3	4926
0	1388
18	184
8	10
4	240
169	12109
5	11793
0	0
0	0
0	0
0	0
386	2726
55	2184
52	1788
38	496
0	83
50	2995
329	4249
0	13
1	2259
0	2718
103	0
5	2881
2	2366
388	10780
0	10457
845	11175
0	9787
0	10914
0	10957
4	10207
0	11271
18	8454
17	1947
11	1772
0	8402
0	9525
0	8561
282	7643
28	1533
984	763
27	717
177	1440
23	2578
14	158
31	1393
327	83
145	121
70	715
175	2539
0	2156
0	2520
30	2535
0	1851
0	679
7	426
0	537
13	782
0	402
1	344
0	475
0	178
0	667
0	50
49	1460
9	80
0	96
0	808
26	1019
119	1120
0	91
0	1839
382	5018
0	17309
69	1812
0	1690
37	38
0	17165
0	0
0	0
0	286
14	345
0	210
0	122
0	108
0	48
0	42
8	22
14	2
0	2
0	1953
0	2276
0	1411
0	1932
0	1927
209	786
3	1315
0	284
0	519
2	1436
0	20
0	299
1	1365
31	692
7	751
0	75
64	1079
0	13
0	305
29	568
0	257
12	614
4	127
30	587
0	107
0	247
7	1
0	69
0	182
0	1953
1	177
577	2761
1	2361
0	2152
0	2030
0	0
0	399
15	94
0	89
0	431
0	27
0	160
0	360
0	53
0	36
0	12
26	527
0	8
0	39
0	439
9	96
24	150
0	177
4	150
0	170
14	177
20	41
1	1608
20	1574
166	1493
0	424
13	515
0	672
0	76
1	612
0	140
0	172
0	115
0	72
0	144
0	59
14	85
0	0
5	1336
0	652
0	1260
5	4
0	0
4	0
1	36
0	36
0	0
0	30
3	78
3	77
12	6
0	0
0	1
0	0
0	0
0	0
0	0
0	0
0	0
0	0
0	0
225	1129
2	990
18	793
26	0
17	488
3	34
7	36
2	32
0	0
46	1189
71	1189
49	175
15	53
48	44
92	164
5	781
104	2533
37	278
47	577
0	1540
19	165
0	552
0	9
60	1470
2120	4391
14	3986
37	502
2	1081
61	149
78	230
19	2674
65	301
0	176
0	10
0	383
0	1267
6	474
0	444
10	234
14	279
0	3994
0	27
78	45
0	10
0	19
0	8
0	9
0	0
0	44
0	44
608	148
0	123
0	19
0	0
0	0
597	2208
0	822
0	793
0	800
0	1780
0	122
0	86
0	1667
0	364
0	230
0	513
0	528
0	107
0	138
22	7
14	26
0	217
7	4
0	383
2	507
30	1473
0	507
0	0
0	467
0	567
3	507
0	507
0	569
0	283
14	229
0	138
0	154
0	370
0	14
0	855
0	169
0	807
0	37
0	798
162	3202
0	0
1728	71
0	71
0	71
0	71
0	75
0	71
0	9
0	9
0	4
0	0
41	0
0	0
0	0
0	0
0	0
7	0
0	14
0	0
22	0
0	71
4	2246
4	2174
0	58
0	109
0	1828
0	0
24	105
23	354
126	82
0	812
9	2082
7	2222
0	2170
53	3634
0	3634
13	193
0	387
0	291
0	0
0	58
5	102
0	0
0	0
0	0
0	0
0	0
0	28
0	28
0	25
0	25
0	0
0	20
0	11
0	11
0	0
0	0
0	0
0	0
0	0
0	0
0	0
17	635
112	0
3	59
0	3
5	1
0	0
74	3590
7	1912
6	2612
7	3166
64	265
0	879
115	315
0	652
26	382
58	125
0	187
0	275
54	352
41	288
9	434
0	122
0	183
187	196
0	394
0	395
0	399
0	378
0	270
0	366
0	6
0	255
0	243
0	373
0	147
0	178
0	290
0	283
6	116
0	254
0	306
0	179
0	132
0	310
0	275
0	154
0	109
0	124
55	487
0	67
0	174
0	55
2	149
0	47
0	123
0	197
0	197
0	196
0	213
0	24
0	27
0	0
9	589
2	39
0	115
0	143
17	149
0	105
0	55
0	65
0	30
10	41
0	0
0	47
0	38
0	708
0	51
0	47
0	47
0	34
0	1
0	0
0	20
0	4
0	0
0	4
0	24
0	20
0	50
0	0
0	20
0	107
25	1711
0	2
0	93
357	92
10	57
0	39
1	0
972	1978
0	294
0	32
0	32
0	25
0	3
10	0
170	163
0	7
20	125
3	147
511	352
3	125
4	189
0	207
0	101
6	100
0	67
6	167
0	99
0	42
0	26
0	26
1	26
37	21
7	1166
15	927
0	45
0	119
3	1
0	562
0	1054
0	0
0	0
0	0
0	0
0	0
277	802
57	700
0	214
20	108
0	320
1476	1957
6	52
5	67
0	1812
0	409
0	346
7	0
9	42
0	43
2	61
0	58
0	38
0	53
0	16
0	16
0	0
10	0
0	29
0	23
0	2
0	0
0	5
0	23
0	2
0	0
0	23
0	0
0	2
0	1
0	1
0	25
0	6
0	0
0	0
0	0
0	0
0	0
0	0
2	173
4	0
0	0
0	0
0	0
0	0
0	0
0	0
0	0
7	0
0	0
0	0
0	0
56	0
0	157
0	58
0	4
3	20
0	0
3	1329
20	1682
0	1874
2	1471
0	69
0	39
0	15
0	25
0	11
0	39
0	15
0	0
2	7
12	9
9	0
0	9
456	124
0	104
14	24
0	1343
0	1379
1	1677
0	1404
0	1406
0	1222
0	1309
0	1223
20	1245
22	1127
6	186
0	918
0	1086
0	1315
0	1041
93	767
1	429
0	0
0	8
0	8
0	74
0	81
0	53
0	40
1	0
2	0
0	20
0	0
4	115
0	0
0	0
0	59
441	3132
81	2809
3	3037
124	1414
0	394
0	523
14	173
0	173
0	170
0	158
36	159
0	137
6	60
0	23
2	41
0	41
2	26
6	54
0	45
0	30
1	48
0	45
165	45
0	9
2	3061
0	0
0	0
0	0
0	0
0	206
132	197
0	0
0	2757
0	2446
0	773
0	1898
0	426
0	66
11	226
33	807
17	601
0	85
3	91
52	3
0	98
3	66
16	438
0	66
12	250
68	219
0	82
56	98
3	355
0	2
0	2
0	0
0	2
0	2
0	0
0	2
0	2
5	0
0	0
0	0
0	0
0	0
0	0
185	86
1	927
0	284
10	243
0	170
0	42
12	252
4	0
20	73
7	15
0	23
5	28
0	0
0	0
0	0
34	838
6	0
0	869
2	507
6	9
2	6
20	14
20	642
3	32
0	56
0	47
0	906
0	0
0	150
0	140
0	150
0	133
0	0
0	17
1	16
0	16
11	33
0	33
8	27
0	33
0	23
0	17
0	0
3	0
0	0
0	0
0	0
0	0
0	0
0	0
0	0
0	0
0	0
0	0
0	0
0	39
0	0
0	0
0	0
0	0
0	0
0	0
0	0
26	179
0	166
0	115
0	41
0	42
0	38
0	0
0	0
0	0
1292	579
2	492
7	87
1	20
148	333
16	9
0	178
0	7
0	0
2	13
0	7
0	8
6	177
0	11
0	15
0	14
50	122
0	52
11	90
16	8
0	53
6	52
0	39
13	27
13	0
0	13
0	1
0	100
8	13
0	95
0	82
3	1
0	5
0	5
0	0
0	0
0	0
0	0
0	0
0	0
0	0
0	0
18	803
0	0
0	0
0	0
36	2087
15	2087
0	9
4	2034
0	266
0	184
0	45
0	42
11	73
0	32
0	266
3567	5215
0	4913
15	424
2	4654
0	261
8	62
39	106
13	47
0	0
0	0
0	0
0	0
0	0
0	0
0	9
14	17
5	4
2	4
0	0
1	196
0	0
0	0
0	11
0	0
0	0
0	0
0	14
0	0
0	0
0	0
0	0
0	0
0	0
0	0
0	0
470	612
0	651
26	584
268	1007
0	286
0	203
0	788
26	22
0	457
5	188
8	54
0	23
0	19
11	0
0	0
6	0
0	0
65	625
0	430
15	1071
0	26
0	39
89	48
3	0
0	111
0	37
23	0
6	0
0	0
0	0
279	535
8	178
3	319
9	38
0	18
4	20
0	9
14	36
1	9
0	36
274	6363
7	6427
0	4971
7	1386
19	744
161	3840
7	4167
0	241
283	881
0	250
0	539
9	355
0	0
3	0
0	0
0	0
85	2166
12	91
0	2116
6	96
3	0
26	153
23	115
0	361
0	325
10	18
0	0
1553	2844
24	343
43	2
0	196
0	2660
6	273
33	273
0	112
0	112
0	97
0	97
0	112
0	0
0	15
0	68
0	71
0	68
0	15
0	112
0	74
1	67
0	42
0	42
0	31
2	24
1	95
0	0
0	0
0	0
10	131
0	131
9	127
0	388
0	629
0	628
0	0
0	443
0	336
10	0
26	30
0	0
0	0
0	0
0	0
2426	14865
0	813
0	2984
0	418
11	440
44	528
3	296
0	292
0	33
0	278
0	264
0	254
0	69
51	189
7	840
0	8
0	0
1	106
0	16
0	0
0	0
0	22
0	0
0	11
0	20
0	0
0	11
0	11
0	0
0	6
0	0
0	0
0	0
13	14
0	14
0	0
3	0
0	600
0	441
0	4696
0	4631
0	4425
11	46
52	318
0	8
3	269
19	31
0	21
14	9
0	1201
0	1201
0	0
0	0
0	0
0	10
11	45
0	0
25	59
0	0
0	616
8	665
6	86
13	0
7	0
105	247
0	295
0	83
22	805
909	192
0	38
6	444
13	30
0	52
17	144
0	59
9	3
0	616
58	284
17	38
0	254
0	53
47	261
0	21
101	247
0	190
0	140
13	35
0	18
54	161
10	171
561	835
134	826
0	193
0	62
0	0
0	0
0	0
0	0
0	0
0	0
0	0
0	0
7	449
24	413
20	172
3	128
0	13
11	64
83	402
0	0
0	0
0	4
0	4
0	0
0	4
0	4
0	0
0	4
0	4
0	0
6	167
0	6
0	6
0	6
0	4
0	0
0	0
0	19
0	0
0	0
0	0
0	53
0	53
0	0
0	1510
42	1400
0	1318
0	7
0	0
25	464
0	8
0	1486
0	12
0	12
0	12
6	0
0	0
0	0
0	0
0	0
0	0
0	0
0	0
0	0
0	0
0	0
0	0
0	0
0	0
0	0
0	0
0	1
0	1
0	1
0	0
0	0
0	1
0	0
0	1
0	1
0	1
0	29
0	66
1	422
4	418
0	21
138	132
0	424
0	401
0	209
5	197
0	117
48	73
5	57
15	71
13169	5082
394	2277
1344	3014
0	2946
17	2904
5	365
0	0
0	1490
11	1191
4	160
27	14
0	522
0	516
3	541
0	208
0	107
2	107
0	124
0	149
0	126
0	51
0	58
0	58
0	51
0	68
0	25
8	25
2	18
0	11
0	20
1	50
0	37
0	18
0	44
0	8
25	31
6	36
0	10
2	0
0	0
0	0
0	0
0	0
0	0
0	0
0	0
0	0
0	0
0	0
0	0
0	0
22	58
0	55
0	55
0	12
0	12
0	0
0	0
0	3
0	0
1	2658
0	2592
0	2465
0	2499
3	2522
12	2216
1	1157
0	1285
0	896
0	539
0	482
0	367
0	203
0	146
0	0
0	1
0	0
0	0
0	0
0	1
0	0
0	2
0	0
0	0
0	0
0	0
0	0
0	0
0	0
0	0
0	0
1	517
0	0
0	0
0	0
0	0
5	30
0	0
0	0
0	0
0	0
0	0
0	0
0	0
0	0
0	0
2	46
0	0
211	9147
30	1389
435	9069
26	919
3	756
10	388
0	300
0	238
0	291
0	96
0	19
4	89
0	34
0	18
0	6
1	13
0	13
0	0
0	687
0	67
1	42
0	95
0	181
0	528
7	127
9	168
0	594
0	214
0	625
0	35
0	0
30	125
0	440
745	291
52	1189
6	1268
11	164
5	164
31	477
0	410
9	292
11	306
0	150
0	122
0	184
0	42
19	45
43	24
71	102
0	57
3	42
11	92
0	37
108	188
60	46
83	92
0	101
0	313
2	24
0	2403
1	151
0	2037
0	187
4	2268
0	1975
0	2339
76	147
0	164
11	6319
3	17143
9	9512
53	27510
611	22405
103	9441
589	21650
1	14158
203	3106
10	11716
72	3
248	90
459	1890
0	1900
153	1898
18	18
907	153
0	16
1	0
0	62
0	51
0	57
0	37
0	24
0	16
0	17
0	18
0	3
0	0
0	57
0	0
0	0
0	0
0	0
0	44
0	48
0	67
0	0
0	0
0	0
0	4499
318	4599
7	3467
0	3575
0	168
15	59
5	27
16	25
0	4
1	2260
34	18
0	1109
92	2242
8	162
0	384
0	2277
26	1922
96	1457
0	175
0	483
43	1422
13	361
12	178
0	313
0	18
0	18
102	180
0	2
0	12
0	0
0	0
0	0
92	1701
0	128
0	141
0	1541
0	39
0	300
4	20
13	202
221	536
0	26
0	203
220	820
25	22
0	638
0	687
0	24
19	33
18	120
0	172
2522	376
17	115
0	160
9	27
9	74
1911	1451
1	125
0	1135
3	18
0	179
4	66
24	416
0	0
0	111
5	114
0	0
0	0
0	0
0	0
0	0
0	0
0	0
0	0
0	0
0	0
0	0
0	0
0	0
0	107
0	53
1	2433
3	147
0	112
12	231
0	334
0	3207
0	2701
0	17
0	58
0	67
0	56
4	73
0	5
0	142
1	197
1	44
0	161
0	79
0	120
1	287
0	153
8	138
0	2411
3	226
3	167
0	144
0	156
0	261
5	2185
2	2188
0	196
0	2091
0	290
34	1305
0	725
74	3
152	310
1	310
0	0
0	0
0	0
0	0
0	0
0	0
0	0
0	0
0	0
0	0
0	0
0	0
7	0
0	7
31	0
0	7
566	0
168	892
10	886
3	74
0	25
8	64
0	25
72	0
0	20
0	32
276	95
5	0
0	0
0	0
0	0
0	0
0	0
8	460
2	834
4	347
0	354
0	815
3	1200
0	555
27	599
0	262
0	701
0	704
0	173
0	279
126	685
37	851
17	156
0	696
0	704
0	579
1	1511
0	1995
2	113
8	1568
1	1867
2	1534
41	5
18	614
0	777
0	246
0	272
51	428
0	81
0	118
0	75
0	90
10	151
0	0
2	52
1	1
0	0
0	0
0	1
0	1
0	0
0	0
0	0
0	0
0	0
0	0
0	0
0	0
0	0
0	0
0	0
0	0
0	0
0	0
245	444
25	104
8	265
21	135
0	37
11	108
7	100
0	0
0	0
0	0
3	203
0	43
0	20
0	29
0	13
0	6
0	203
0	630
0	631
4	695
4	408
0	88
0	148
0	55
295	807
30	769
6	83
29	381
44	82
0	86
0	158
11	127
0	10
0	36
0	19
33	12
40	3351
442	2058
32	315
165	1287
0	2366
15	2236
0	1224
13	356
0	190
2	847
0	162
5	265
0	314
5	522
7	448
3	36
0	369
0	911
12	381
16	44
25	846
1	72
0	0
0	0
0	0
16	3606
47	4144
64	3253
15	540
0	215
0	166
2	139
0	0
0	0
0	3100
34	3330
9	3202
79	3232
0	3103
0	3103
25	828
0	479
0	283
0	387
40	30
18	37
10	17
0	108
0	139
49	10
1	0
56	0
73	0
0	1832
326	1618
0	1125
16	731
6	710
23	358
19	60
0	96
0	89
0	134
21	0
3	16
7	26
0	0
0	184
0	305
0	673
0	762
0	809
0	73
0	70
0	280
0	73
0	649
910	0
10	668
0	265
0	5
0	20
0	0
1	173
0	0
14	866
4	466
0	477
1	517
0	602
0	0
0	0
0	0
0	0
0	0
0	0
0	82
11	242
2	447
6	353
0	87
25	33
4	63
0	208
0	8
3	1869
11	5389
588	4399
221	1906
16	723
0	3004
186	822
8	458
15	509
10	958
30	2
3	1000
11	96
30	364
0	1369
50	1102
4	550
1	149
0	107
12	377
2	375
0	114
0	108
26	84
0	30
0	200
88	1213
0	629
0	637
0	745
0	555
5	101
15	6
41	119
0	194
0	40
63	56
0	1502
0	0
0	1502
9705	1791
36	646
12	170
3	639
14	91
2	244
0	490
0	490
0	502
4	71
0	413
0	134
0	413
0	134
0	6
0	0
8	1
0	0
29	0
0	0
0	0
0	414
2	13
558	316
0	303
5	110
0	97
0	97
3	66
0	20
23	97
0	82
0	0
0	0
0	0
0	0
0	0
0	0
0	92
0	564
9	905
5	2052
1031	2893
57	4771
0	3951
7	4782
0	3926
0	2046
13	5338
32	4450
0	2723
0	3159
0	3404
0	1816
0	3668
0	251
6	1738
9	2471
0	2428
0	2439
0	921
0	2384
18	2086
0	1627
218	1540
0	577
0	309
0	816
80	195
0	209
49	59
111	13
0	13
0	275
0	225
0	205
23	243
4	177
0	122
0	125
0	104
2	81
0	61
0	42
0	25
0	36
0	41
0	36
0	27
0	43
0	51
0	4405
0	4448
0	4771
0	3593
0	0
0	0
0	0
0	0
2	367
0	103
0	557
0	153
0	62
0	59
0	166
0	0
0	0
0	0
243	0
1939	1346
0	105
2	1
0	57
8	1202
0	132
0	72
31	131
0	62
0	31
11	42
0	0
0	305
3	14
0	200
130	240
0	1722
0	69
1	2051
25	1471
0	1704
1	1190
2	75
43	223
0	186
5	546
27	335
131	304
164	344
7	90
5	196
135	185
0	30
213	13
0	129
0	129
0	0
0	129
0	0
2	89
0	0
0	0
0	0
0	129
1	129
0	3
0	3
0	10
0	73
250	271
7	87
0	129
0	129
0	3
0	0
0	0
0	0
0	0
0	0
0	0
0	0
0	12
0	3
0	0
0	0
0	0
0	0
1493	8534
0	8116
28	80
55	80
72	26
150	109
10	118
4	58
44	58
0	67
0	0
0	0
0	0
0	0
0	0
0	0
0	67
0	67
0	11
0	0
0	0
0	43
0	0
0	0
0	5
0	0
0	0
0	11
0	0
15	0
0	0
0	0
0	0
0	0
0	55
0	55
0	6
0	55
0	6
0	26
0	0
0	0
12	241
0	0
4	0
319	4020
72	4020
5	62
2	118
34	20
0	0
0	3
0	1
0	1
0	0
0	0
0	0
0	0
0	0
0	0
0	0
0	124
0	1382
0	966
5	525
0	620
24	292
0	302
0	365
11	79
0	238
10	215
15	160
20	151
0	1166
9	1035
0	0
0	0
0	0
0	0
0	0
305	210
0	205
7	173
0	144
0	94
0	109
8	125
0	128
0	31
18	0
0	0
52	15
0	0
321	1952
3371	9600
104	3148
33	3297
4	3399
125	940
0	302
0	0
0	0
0	0
0	0
0	0
55	394
0	380
16	30
0	62
0	4
12	13
0	6
0	1
0	0
0	0
15	30
0	0
0	0
0	19
0	19
0	6
0	19
0	19
0	19
0	19
0	4
0	4
0	4
0	0
0	4
0	0
0	0
0	0
0	0
0	0
0	0
0	0
0	0
0	0
0	0
0	0
0	0
0	0
0	0
0	0
0	0
0	0
0	0
0	39
0	20
0	474
83	483
2	101
0	7
0	20
0	456
0	125
0	39
2	8
0	20
805	31
7	28
0	0
0	0
0	0
0	1
0	1
0	0
0	1
0	0
8	71
0	0
0	0
0	0
0	0
0	0
0	0
0	0
10	2048
12	398
0	1940
0	9
0	0
0	0
0	0
0	0
0	0
0	0
99	0
46	1023
30	98
0	94
0	126
1	283
0	826
128	128
21	24
0	2
0	0
0	0
0	0
0	0
0	0
171	232
0	27
0	232
24	10
0	10
0	0
0	10
0	0
0	0
0	0
0	0
0	0
101	1134
0	854
2	985
21	76
32	895
0	12
11	73
0	184
0	184
0	327
0	218
0	146
6	36
3	89
0	141
0	62
0	785
0	45
0	603
0	27
0	76
0	27
19	20
0	748
0	604
0	735
0	0
11	1769
0	192
42	573
0	47
0	603
0	578
0	11
0	0
0	0
0	0
0	0
0	0
0	0
0	0
0	0
0	5
0	5
89	7
0	0
0	0
2	84
0	5
12	1316
1	135
276	143
345	3282
0	73
0	0
9	6
0	0
0	0
0	0
0	0
0	44
159	72
0	48
1	24
0	0
0	0
0	0
33	1526
0	2022
124	958
0	2140
0	2182
0	1540
41	1839
0	741
0	804
0	666
33	35
3	27
0	54
45	227
552	424
0	374
6	0
2129	3081
381	9522
0	9653
56	7227
158	2549
51	996
125	319
7	0
3	126
9	0
1	126
1	100
6	1370
63	125
61	606
0	1236
0	0
0	0
0	0
0	0
0	0
0	0
0	0
0	17
0	19
0	2
0	2
6	29
0	2
2	0
0	4
0	949
17	911
0	21
0	33
0	18
0	27
9	12
24	64
13	10
0	11
0	738
1	171
1	354
0	377
0	0
0	0
0	0
0	0
180	2349
1	1223
86	1116
26	1443
0	114
0	12
0	1613
11	12
1	162
56	457
0	104
0	44
0	121
7	159
0	92
0	5
0	0
0	3
0	0
0	0
12	1218
0	1289
0	1363
21	229
0	1267
12	286
30	340
533	649
1	645
0	663
7	96
0	74
9	427
2	0
0	427
9	37
15	5
3	9
2	84
0	0
0	0
0	0
0	0
0	0
0	0
0	0
4	41
0	37
0	39
0	32
0	7
0	0
0	6
0	5
7	5
0	5
4	0
13	5
0	39
53	127
0	13
1	13
0	0
0	1
0	1
13	643
0	3331
182	4061
0	0
0	663
72	245
11	322
3	156
26	468
3	400
0	324
23	75
13	3468
66	7
0	0
0	0
0	13
0	12
0	12
0	0
0	0
0	0
3	116
0	20
0	354
0	237
0	7
0	51
0	865
17	859
0	59
0	364
150	912
0	335
0	74
0	443
1	52
0	29
4	97
121	19
2	14
0	170
3	0
0	49
0	922
0	887
0	853
0	841
0	829
0	0
0	0
0	0
10	170
0	0
0	0
0	0
0	0
0	0
0	0
0	0
0	0
0	0
0	0
0	0
0	0
0	766
6	986
38	951
5	769
0	259
0	36
0	39
7	109
0	90
0	0
0	10
35	15
0	4
0	1
6	0
0	0
0	0
0	0
0	0
0	0
0	0
0	0
0	0
0	0
0	0
0	0
215	0
176	8032
0	5726
0	7185
410	6465
45	689
3	1969
8	2126
5	325
0	1301
0	544
0	348
3	0
0	0
0	0
3	27
0	0
0	0
0	0
0	0
0	0
0	0
0	4
417	353
0	12
0	5
0	54
0	15
0	15
0	15
5	165
0	30
0	167
0	12
57	0
0	0
0	167
0	54
0	0
0	0
0	48
2	286
3	11
0	11
0	874
0	899
0	30
0	162
0	456
0	117
0	61
12	17
0	91
0	74
90	155
24	403
21	24
0	688
10	397
0	191
0	0
0	0
4	0
0	0
0	590
0	186
21	531
0	261
2	425
0	524
0	428
0	290
0	479
0	49
1	82
2	184
0	75
4	347
0	81
4	1
0	245
0	0
0	0
0	0
0	0
0	0
0	25
0	25
0	0
0	0
0	0
0	0
0	71
4	70
3	85
0	76
0	67
0	30
0	26
0	19
0	19
0	12
1	2
0	1
0	26
0	26
0	22
0	22
0	22
0	24
2	2
9	2
0	0
0	28
0	26
0	2
0	2
0	2
0	0
0	0
12	142
0	0
0	1
0	0
0	0
0	0
0	23
0	0
0	23
0	0
0	0
0	0
0	0
29	276
0	198
0	61
0	562
73	0
0	115
0	112
0	94
15	71
4	145
0	11
0	213
146	1571
0	138
0	198
0	163
1	63
42	107
0	540
0	540
0	542
0	543
34	33
8	0
0	0
0	0
0	477
0	349
15	594
0	20
13	276
9	97
0	368
1	80
0	79
0	0
0	0
77	207
26	201
8	137
0	6
0	0
0	4
0	0
0	0
0	0
0	0
0	0
0	0
15	798
0	778
4	20
7	495
0	162
6	86
125	626
0	15
7	430
0	15
0	0
0	0
7	601
0	687
0	146
14	686
124	41
35	23
0	170
0	345
0	3423
7	3183
2	370
0	3439
0	13
0	58
5	60
20	189
26	1237
0	0
51	202
105	25
0	3267
0	0
0	0
0	0
0	0
0	0
0	0
0	0
0	0
0	0
20	82
0	0
0	0
0	0
3	495
0	414
0	414
0	0
0	0
0	0
4	5
2	5
0	1
0	1
0	4
0	1
14	151
0	0
0	3
0	7
0	8
0	4
0	1
1	66
0	0
0	0
0	0
0	0
1	0
0	30
0	0
0	0
0	0
0	0
0	0
0	0
5	626
0	33
420	208
9	402
0	301
0	518
2	384
0	473
36	96
321	40
256	27
4	19
14	2
1	27
24	14
0	22
0	822
53	822
6	6
0	0
0	0
0	0
0	0
0	18
20	42
0	6
0	0
0	0
0	35
0	0
0	0
0	0
0	0
2	4329
576	4993
0	4033
0	3630
9	4500
10	124
169	508
12	133
33	189
159	345
0	350
0	248
22	219
0	143
11	169
0	4
9	4
0	1164
2	945
0	952
0	987
0	999
0	876
45	897
53	828
26	891
3	676
0	851
0	980
7	780
0	903
0	757
15	615
0	576
0	406
0	179
0	541
18	17
12	39
0	230
0	62
35	0
3	46
12	214
3	15
0	85
0	232
0	3
0	213
0	51
5	26
3	24
0	335
0	625
0	163
21	331
5	163
0	73
0	569
0	217
0	502
15	238
0	17
6	6
22	492
0	126
6	11
14	93
0	359
0	359
0	121
0	359
0	22
0	95
33	947
12	1247
0	110
0	1177
22	1224
2	325
1	78
78	341
0	208
0	282
0	0
0	0
0	0
0	469
0	14
0	14
0	20
0	20
6	0
2	917
22	391
37	1623
4	416
1	674
4	1029
0	0
19	1403
127	261
0	166
29	363
29	1300
1	962
0	76
6	43
37	232
2	41
2	1294
0	0
0	183
0	28
0	29
3	1299
0	98
0	1489
0	1676
11	298
0	1374
13	1161
0	14
0	427
0	0
15	5
33	152
0	1478
0	1225
0	3169
0	4754
0	5232
69	3123
111	430
0	185
39	3785
36	4586
757	0
0	0
0	0
0	0
0	0
0	0
15	649
13	264
5	189
11	420
0	228
0	16
0	66
85	639
0	23
0	437
4	20
0	423
0	94
35	822
3	450
0	444
0	0
0	0
0	0
0	0
0	0
0	186
5	1
731	834
4	167
28	397
5	264
0	186
7	318
0	0
28	0
38	0
28	266
6	483
127	1255
16	1060
0	746
0	496
17	162
3736	473
10	331
13	153
175	518
35	92
3	541
17	403
41	407
0	0
0	1
49	371
0	302
0	299
0	16
0	9
3	9
3	30
0	84
10	0
70	62
0	24
0	14
0	299
0	0
0	0
0	0
0	0
0	0
0	0
0	535
0	0
11	1391
0	0
0	0
0	0
0	0
3525	692
0	19
0	53
134	97
0	97
0	0
0	0
0	0
0	0
0	0
0	0
0	0
0	0
0	0
238	186
8	171
0	25
0	130
15	39
0	9
62	9
0	0
0	0
0	0
0	0
12	25
0	11
0	0
8	379
0	25
0	97
34	902
0	228
19	84
2	0
7	765
0	663
0	0
0	0
0	0
0	0
0	0
0	0
0	0
0	0
0	0
0	0
0	0
0	7622
2	7400
84	6472
4	126
3	136
18	192
9	97
10	132
0	0
58	25
46	683
239	382
5	138
2	537
28	1520
0	38
20	59
0	20
0	7596
60	439
0	259
7	291
10	297
0	83
0	39
0	9
0	0
0	0
0	0
0	70
36	6
0	16
0	16
0	4
0	70
0	0
0	0
0	0
0	0
0	0
0	0
0	0
0	0
0	0
0	0
0	0
0	0
103	12118
213	8151
0	9818
3	6298
0	2400
77	7445
42	176
0	6930
6	6136
42	7762
14	8839
198	3506
0	281
9	6600
0	2701
2	7157
0	3298
16	4581
13	3165
2	2311
8	2802
10	1494
5	260
0	1424
6	361
15	20
0	11433
0	0
56	4471
13	702
0	895
0	362
0	776
0	665
3	380
55	4119
0	779
0	3822
60	3849
92	223
8	270
28	111
0	91
320	818
19	516
29	45
0	2
15	78
0	23
7	33
0	0
0	0
3	465
3	1140
0	0
0	0
0	0
0	0
0	4
0	1157
0	0
0	1157
0	0
0	0
15	60
119	344
4	326
0	88
0	0
0	0
0	0
1	4
0	0
0	0
0	0
0	0
0	0
0	419
0	1626
11	1590
55	1581
1	1593
0	311
0	325
4	7
2	90
0	230
1	174
2	206
3	6
262	155
0	109
0	19
17	377
0	0
0	6
0	5
46	893
0	5
0	0
0	0
0	6
0	95
0	245
137	602
15	594
17	214
34	420
24	226
0	223
3	174
0	130
0	27
12	77
0	184
0	202
0	8
1612	70
20	1
0	70
603	115
0	0
0	2
0	0
0	21
18	0
0	1
0	16
0	15
0	27
0	45
2	18
3236	3026
103	2909
4	105
24	0
0	28
26	192
0	265
5	423
9	448
0	489
0	398
0	60
0	103
0	134
7	0
0	107
0	196
0	0
0	423
5	149
0	7
0	76
0	583
12	587
386	1085
14	373
0	526
3	585
1	420
0	1
3	363
0	0
0	15
0	0
0	781
3	150
0	0
0	55
0	82
0	69
0	38
1	59
0	776
0	705
2	697
0	626
29	716
0	607
0	279
5	149
13	142
9	668
0	799
0	1048
0	677
0	666
1	149
2	693
1	481
22	68
0	1003
0	0
0	0
26	332
0	745
15	247
0	748
0	392
4	606
5	384
0	389
0	605
0	185
8	173
0	146
4	102
0	110
1	31
0	392
31	180
0	96
0	14
0	96
18	15
0	3
0	12
0	8
0	2
0	0
0	0
0	14
0	14
425	15
0	0
0	6
0	7
0	0
0	5
2	3
63	277
0	3
0	22
15	35
0	16
5	1
0	1
0	1
0	1
0	0
0	0
0	0
0	0
0	0
0	0
887	116
21	71
0	45
64	57
33	57
0	56
0	9
6	10
0	0
0	0
0	33
0	31
0	33
2	31
0	0
0	0
8	206
0	366
53	196
1	247
0	257
17	0
22	125
0	81
0	64
0	35
10	184
0	131
0	141
4	15
0	2
0	185
0	6
0	192
0	0
0	0
0	0
0	32
0	161
0	95
0	81
0	257
43	80
0	24
0	50
0	136
10	132
2	293
0	92
22	4
0	48
7	65
53	211
57	43
6	42
0	43
48	4
0	4
4	0
5	235
0	165
0	243
0	36
0	314
8	139
6	139
1	238
0	98
0	140
0	77
0	134
36	1223
0	214
0	2607
0	828
6	4152
5	4454
0	191
4	144
0	2745
0	76
0	48
0	148
0	98
13	207
5	245
0	0
0	0
0	0
0	0
0	0
0	0
352	0
0	0
0	0
0	0
0	370
0	0
0	370
0	0
0	0
0	0
0	0
0	0
0	0
0	0
0	0
0	6
0	6
0	6
0	3
0	3
0	0
0	0
0	6
0	0
0	0
0	0
0	0
0	0
0	0
0	0
0	0
0	0
0	0
0	0
0	0
0	0
0	0
0	0
0	0
0	0
0	0
0	0
0	559
0	149
0	531
0	10
0	382
4	0
645	8455
4	8306
1	0
4	106
2	400
0	353
0	409
0	373
0	1487
0	368
3	769
0	192
0	49
7	223
0	1856
0	474
9	2
0	569
0	787
0	424
226	4288
0	158
0	0
0	0
0	0
0	0
14	121
0	79
0	0
0	3
0	24
4	200
24	825
2	264
3	130
0	298
9	258
1	516
0	30
3	380
10	719
0	30
0	93
24	268
0	267
57	5
5	96
2	123
11	144
0	40
1	277
0	0
0	45
0	37
0	0
0	53
0	15
0	5
0	6
0	0
0	0
0	2
11	0
0	0
3	0
0	157
0	3
0	18
0	1
0	5
0	0
0	26
0	5
0	0
1	5
0	0
0	0
0	0
0	0
0	0
0	9
0	9
0	0
0	0
0	1
0	34
8	159
0	0
1	1
0	0
0	68
0	53
0	53
0	0
0	76
1024	9
1	9
7	0
6	180
269	319
0	28
2	287
7	0
0	29
0	29
0	29
0	0
0	0
0	0
0	0
0	0
0	2
0	2
0	2
0	1
0	0
0	0
0	0
0	0
0	0
0	0
0	0
0	0
0	0
0	0
0	0
0	0
239	14
0	4
1	0
0	0
0	0
0	0
0	0
4	10
13	0
32	1682
115	4559
0	1368
19	137
0	4567
0	4222
11	100
1	70
0	43
0	2
0	26
0	12
0	23
0	23
0	9
16	36
18	334
0	40
72	752
2	628
0	167
33	214
0	110
0	71
0	16
4	11
4	134
0	95
0	19
0	49
11	48
0	46
9	5
50	235
0	21
0	16
0	12
0	1316
3	1893
0	1021
0	928
0	791
0	670
0	756
8	32
0	406
20	47
12	1642
35	1218
0	556
0	206
18	184
6	58
40	1003
250	2266
4	1727
28	1759
7	1870
18	474
1	276
15	1829
23	1739
0	508
24	594
0	1816
74	1123
86	614
0	544
0	4
170	971
32	886
0	105
0	26
4	20
38	575
0	0
0	15
6	171
21	181
9	75
4	138
0	470
0	29
0	166
0	26
0	446
0	33
0	287
0	287
0	290
0	4
0	0
0	10
0	20
0	0
0	20
0	12
8	210
0	0
0	73
0	208
0	0
0	24
0	0
0	0
0	0
0	0
0	0
0	0
0	0
0	0
1	1406
19	1816
0	128
1	136
0	35
0	81
0	466
0	871
0	577
0	92
0	93
0	138
0	35
7	13
8	103
47	40
6	18
2	98
0	1064
0	773
0	53
0	22
0	8
0	3
0	26
0	16
7	53
0	16
0	16
0	8
0	8
0	26
0	0
0	32
0	239
0	93
0	0
4	222
14	249
0	100
1	236
0	0
0	0
0	0
0	0
0	0
0	0
0	0
0	27
0	27
0	11
0	0
0	0
0	0
0	0
0	112
2	0
0	118
0	56
0	0
0	2
0	2
0	38
0	0
6	2
0	2
0	13
0	48
0	49
0	0
0	0
2	96
0	48
0	0
0	0
0	0
0	0
0	686
0	669
0	331
2	23
21	16
8	40
0	4
3	13
4	410
1	584
59	211
0	379
18	1883
0	6
4	1559
10	1566
0	1230
0	461
115	1226
0	1115
2	457
0	130
9	230
1	355
3	5
3	162
0	325
8	285
0	193
0	457
0	411
0	277
0	338
124	387
2	80
5	62
0	215
3	226
0	94
0	195
0	79
6	142
0	149
0	202
0	32
2	1464
0	1456
12	740
12	740
0	8
0	357
4	875
0	1321
9	788
0	89
0	45
0	27
6	64
0	0
0	154
0	51
0	1328
0	191
0	862
0	262
0	0
0	0
0	0
0	0
0	0
0	0
57	457
0	91
343	1134
15	932
0	101
1811	2298
0	204
31	86
345	2008
0	12
0	4
0	4
1	20
0	12
0	0
0	0
0	4
0	4
0	0
0	0
0	0
0	0
0	0
0	0
0	11
150	102
1	80
0	12
11	12
2	296
0	21
0	21
0	25
0	77
0	523
1	460
0	9
0	24
9	1
14	0
0	4
1630	0
0	0
0	0
0	0
0	0
0	0
70	9745
24	7204
6	3242
177	766
15	4932
99	5474
102	1007
16	68
0	68
0	45
14	1145
0	341
40	1145
0	67
20	73
0	48
0	107
0	420
4	320
0	321
71	17
0	93
12	25
0	84
19	33
0	0
34	159
0	12
0	38
0	4
0	0
0	0
314	255
10	215
0	105
98	1865
4	19
9	0
0	0
0	0
0	21
19	1144
0	543
4	739
124	979
0	338
3	149
3	89
0	0
0	0
0	0
0	0
0	0
0	0
0	0
0	0
0	0
0	0
0	0
0	0
0	0
0	0
0	0
0	0
0	0
0	0
0	0
355	313
4	273
0	50
0	9
9	1957
10	1962
37	702
22	1169
0	144
16	46
12	38
0	93
0	89
0	83
0	23
0	109
0	183
0	56
0	33
0	191
0	191
0	195
0	182
0	185
0	166
0	169
0	96
0	140
0	108
0	41
5	2
0	2
0	0
13	2228
24	2248
9	2178
0	182
1	6
3	23
0	31
15	153
0	61
0	85
2	28
0	0
0	0
14	1334
71	4039
0	5730
108	3558
126	4074
12	4075
7	2614
166	4084
0	3555
1	4085
55	1251
0	681
65	1425
0	0
0	0
0	966
3	38
0	84
0	1282
2	869
0	752
0	1214
0	194
5	9
0	73
23	36
0	286
0	45
0	45
0	83
0	75
0	82
0	80
0	0
0	818
0	1209
5	9459
126	2544
308	3601
18	934
0	6152
0	4695
1	1815
28	4187
2	1641
6	4408
33	10905
1	7331
0	9037
132	9278
0	1809
0	463
5	2538
62	1288
2	4826
0	197
15	496
0	0
0	0
0	0
31	2397
4	2232
33	2419
104	2264
15	2299
9	2420
19	2237
97	104
0	24
0	7
0	12
0	5
0	12
0	10
0	9
0	12
0	7
0	0
0	0
0	4
0	0
2	7
0	0
0	2
0	5
0	5
0	0
0	24
18	65
55	840
0	56
5	44
0	824
0	214
0	791
3	1311
0	1409
106	1092
0	355
11	272
0	720
37	267
0	182
0	1409
52	1409
0	0
0	0
0	0
0	0
0	0
0	0
0	0
0	0
0	0
0	0
0	0
0	0
0	0
0	0
0	0
0	0
0	0
0	26
0	0
0	0
0	0
0	0
0	1
0	9
0	26
0	26
0	0
0	0
0	0
0	0
0	0
0	0
0	9
0	0
0	0
0	0
0	0
5	191
0	42
17	137
27	33
6	71
0	66
22	1
0	0
10	974
6	343
13	1079
0	3
0	65
0	423
0	47
0	8
0	0
0	0
0	0
146	8613
0	8613
13	6002
8	6106
52	1941
11	1033
14	415
30	384
0	479
0	404
34	375
0	137
7	135
0	70
0	213
6	148
0	286
3	121
0	213
7	124
0	285
5	93
0	109
0	7
0	10
5	270
0	0
0	0
223	469
17	197
11	5
0	337
5	338
0	202
0	0
0	221
0	0
0	0
0	0
0	273
0	2
0	15
0	2
5	2540
0	1093
0	2522
0	1321
0	200
0	1322
53	113
13	150
6	111
0	46
1	128
0	121
0	301
0	234
0	1008
0	828
0	2395
0	233
0	82
0	1097
56	0
0	132
4	75
0	2
50	0
0	25
29	50
77	67
53	141
0	2243
0	1041
173	1182
0	998
29	177
23	350
1	177
4	67
24	107
0	29
50	0
4	951
0	834
0	180
917	1324
6	323
105	128
0	94
65	224
6	210
11	604
0	724
111	1007
566	9950
478	12258
149	9224
66	4523
199	4456
5	3218
50	1889
1252	7248
98	99
31	6197
27	90
6	313
258	0
237	1125
679	5229
0	6819
0	0
23	0
0	146
0	0
0	0
0	0
0	0
0	0
0	0
0	172
0	0
0	0
0	0
0	8
0	0
0	0
0	0
0	0
0	0
0	0
0	0
0	0
0	0
0	0
0	0
0	0
0	0
0	0
0	0
0	0
0	0
0	0
0	0
0	0
0	0
0	0
0	0
0	0
0	0
0	0
0	0
0	0
0	0
0	7
0	7
0	0
0	0
0	0
199	270
379	952
0	66
61	121
0	7
1	34
45	225
321	369
164	3379
0	2950
15	792
25	387
5	1407
0	0
0	0
0	0
0	0
0	0
0	0
6	13
42	80
15	0
0	1435
0	67
42	1435
0	193
0	0
0	0
0	0
0	0
0	0
0	0
8	25
0	25
12	0
0	0
0	0
7	0
0	0
89	2022
17	1899
480	314
25	205
52	11
16	74
0	286
263	70
5	1963
1457	23
0	0
26	0
0	23
2	6757
1014	7519
10	3667
218	4981
16	2063
27	3407
23	888
0	3738
22	519
0	988
0	1055
0	1
0	76
0	13
382	86
0	1
3	52
0	12
0	0
0	9
1	8
0	44
0	0
0	0
183	546
20	527
9	42
6	291
40	218
0	35
511	221
0	103
0	82
0	53
0	1182
0	64
0	847
0	301
0	89
336	1665
0	122
17	215
13	119
6	1445
0	122
4	122
0	72
0	260
0	1142
0	1375
1	10
0	185
10	1
0	136
0	0
0	0
0	0
0	0
0	0
0	0
0	0
0	0
0	0
0	0
0	0
0	0
0	0
0	0
0	0
0	0
0	0
1	0
0	0
0	0
0	0
0	0
0	0
0	0
0	0
0	0
0	0
28	197
266	403
11	11
3	353
10	163
0	0
0	0
254	851
0	154
0	502
10	95
6	118
508	221
1	140
10	154
2	164
0	57
32	97
65	97
19	4
1	47
21	47
10	29
2	598
0	0
3	12
0	598
155	4121
0	1772
0	1769
22	1591
0	976
0	500
0	45
0	4121
0	62
0	3046
0	3046
132	922
5	1377
0	200
160	2322
16	1016
0	155
13	627
0	552
0	85
0	1140
3	1583
0	10
6	1558
0	203
0	201
0	4
0	0
0	4
0	0
2	986
15	876
5	188
7	20
0	50
2	2
0	9
10	88
1	2
0	277
0	8
0	19
0	277
0	8892
0	6820
151	4433
0	620
25	117
0	156
0	113
0	72
40	3
10	8710
7	8754
0	110
1	121
0	0
0	34
0	37
7	110
0	110
9	110
0	34
0	14
221	1155
15	585
0	187
0	159
0	563
0	0
0	0
61	119
10	33
0	13
5	0
0	29
0	15
62	862
0	15
0	7
0	7
0	0
0	0
0	0
0	0
0	0
0	1
0	1
0	1
0	1
0	0
0	0
0	1
30	1428
6	1396
0	1275
7	567
0	239
0	42
13	14
0	451
22	367
11	6
0	81
0	8
0	458
0	11
0	390
0	84
56	66
0	108
0	171
0	185
3	110
21	135
2	153
0	228
0	251
8	144
0	15
40	42
32	48
0	256
0	0
0	0
0	0
0	0
0	0
25	2112
4	1147
0	133
8	13
16	285
6	253
2	105
49	43
3	26
0	119
0	34
0	28
37	0
0	2159
0	78
0	100
0	64
0	64
0	54
5	0
0	15
46	0
1145	381
8	54
1	89
6	0
0	364
103	28
22	60
0	0
0	1
0	1
0	1
0	1
0	1
0	1
0	1
0	1
0	1
0	1
0	1
0	0
0	1
0	1
0	20
0	1
0	1
0	1
0	1
0	0
0	1
0	0
0	1
0	1
0	0
0	0
0	1
0	1
0	0
0	1
0	0
0	5
0	5
0	1
1501	745
196	591
0	624
0	617
4	619
0	578
0	450
0	44
17	31
1	12
0	0
0	0
0	0
0	375
14	781
0	674
3	417
60	174
8	175
8	153
5	205
28	163
0	25
1	103
42	408
8	0
271	729
10	39
0	110
10	105
0	57
0	18
0	8
16	7791
6	7701
37	7791
15	5
9	0
223	3643
0	125
19	125
0	13
0	5
1578	379
1	293
2	0
10	0
0	0
0	0
0	0
0	0
0	0
0	0
0	379
0	326
24	361
0	91
8	359
0	215
27	347
17	349
0	4
0	1002
26	647
0	158
10	209
1	260
8	90
8	104
0	38
0	430
40	195
30	168
9	10
12	10
0	0
2	429
24	786
0	288
38	566
0	192
0	164
1	340
40	15
0	57
0	57
0	56
0	49
23	57
0	32
0	4
0	0
0	0
0	0
0	0
0	31
0	28
0	40
0	0
0	6
6	0
3	0
0	0
0	0
0	197
4	55
121	253
0	251
5	99
309	36
3	179
557	1162
0	35
41	366
9	752
0	9
0	51
0	51
0	0
0	0
0	1
0	0
0	1
2269	302
0	116
3	88
8	98
0	26
2	23
0	12
0	0
0	3
0	0
0	3
0	0
0	0
0	0
0	0
0	6
0	0
0	0
0	0
0	130
0	9
7	32
71	934
0	15
0	26
14	9
22	94
0	66
7	777
8	100
10	7
4	396
0	60
69	39
0	272
0	80
258	2582
0	2599
18	322
0	302
0	322
0	1492
22	1433
26	720
0	41
0	1331
5	1284
0	129
13	95
0	95
0	246
0	513
0	334
0	188
0	111
0	166
8	1492
0	0
0	0
0	0
0	0
0	0
0	0
47	770
42	107
13	582
49	184
181	751
187	127
9	282
13	228
16	148
2	47
1	374
0	508
0	0
0	0
0	0
0	0
1	687
0	17
235	141
0	141
0	0
0	0
0	0
0	0
0	0
0	0
0	0
0	0
11	7
106	16
5	7
0	5
0	9
0	0
0	115
7	80
0	59
0	30
0	55
0	18
0	47
0	98
0	2
0	16
0	0
0	0
0	0
0	9
0	204
0	0
0	93
0	0
16	314
10	225
10	0
43	259
5	176
0	157
17	147
16	4
0	6
0	0
0	0
176	2525
0	1059
1	2497
9	701
37	414
7	279
137	163
1	263
1	95
0	279
0	199
4	756
10	65
35	51
16	825
0	634
43	66
8	485
3	161
28	280
5	101
0	30
0	0
0	0
0	0
0	0
39	26
27	17
12	884
0	3974
0	4880
13	2923
0	3090
85	4216
0	3301
0	2844
0	2770
295	3267
2	2323
0	1780
6	1632
6	1372
130	272
5	202
20	183
31	71
0	95
7	297
37	243
0	120
2	223
11	119
8	197
0	401
6	246
0	4297
0	4527
444	801
35	212
5	1
0	0
0	160
0	142
0	163
0	163
0	119
3	61
0	272
88	2969
105	1275
0	79
6	399
0	63
2	2190
0	1114
0	0
0	0
0	0
0	0
0	0
0	0
0	0
0	0
0	0
0	0
0	0
0	0
0	0
0	0
0	0
0	0
0	0
45	0
0	4509
115	6471
0	6637
0	6582
0	5464
25	15
2	103
0	121
31	320
0	103
58	78
23	1087
0	26
117	761
2	116
39	320
24	123
0	1128
0	6520
195	1418
7	110
1	164
0	0
1268	344
66	188
8	53
29	3985
9	479
0	1587
87	2
18	3420
0	355
0	277
0	2880
1	1350
132	3583
0	507
57	57
16	7
19	7
0	10
6	126
0	0
0	0
0	0
0	0
0	0
0	386
0	386
0	0
0	0
0	0
0	0
0	0
0	0
0	0
0	0
0	0
0	0
0	0
0	0
0	0
0	0
0	0
0	0
0	0
0	0
0	0
0	0
0	0
0	0
0	0
0	0
0	0
0	0
0	0
0	0
0	0
0	0
0	0
0	0
0	0
0	0
0	0
0	0
0	0
0	0
0	0
0	0
0	0
0	0
0	0
0	0
0	0
0	0
0	0
0	0
0	0
0	0
0	0
0	0
0	0
0	0
0	0
0	0
0	0
0	0
0	0
0	0
0	0
0	0
0	0
0	0
0	0
0	0
0	0
830	1504
0	451
43	852
24	460
0	278
16	168
19	131
74	170
2	451
6	101
0	92
9	79
0	11
5	5
0	5
0	1
0	1
0	0
591	8193
70	278
0	340
10	7953
0	1237
4	1026
0	0
13	0
0	781
2	5408
0	5442
811	3806
21	3906
20	5307
0	1815
0	421
0	3486
15	3292
2	3021
13	188
0	3018
14	323
1	483
0	180
55	120
16	283
0	199
12	155
8	412
0	216
0	232
0	326
0	347
0	255
1	222
1	213
0	105
0	94
8	7
0	0
0	0
0	0
0	0
0	3
0	3
0	0
0	0
0	0
48	147
0	5
13	905
3	1075
0	1070
0	1070
12	437
0	81
0	76
13	87
0	0
0	0
0	0
0	1070
763	545
21	545
25	240
0	14
9	69
0	0
0	0
0	67
0	2
0	45
0	2
0	2
0	2
6	104
0	2
0	2
3	51
0	0
0	0
0	0
0	21
0	12
0	40
0	18
0	0
0	0
0	0
0	0
0	0
5	45
0	48
0	33
29	389
42	368
8	27
5	31
23	33
3	33
50	795
0	88
7	632
0	17
0	808
0	75
0	73
19	35
3	998
30	215
78	94
4	0
9	462
16	171
0	34
0	47
2059	0
0	198
33	173
25	166
0	49
23	1
0	6
10	6
6	84
0	0
0	0
0	0
0	0
0	0
0	62
0	62
0	62
0	0
0	0
0	0
0	0
0	0
0	62
0	1
0	611
6	0
0	0
0	0
0	1
0	0
0	702
0	260
0	371
0	500
40	1794
0	289
0	192
0	180
0	4
21	49
0	87
60	625
10	36
0	50
2	40
6	49
0	49
0	16
0	29
0	42
28	722
0	50175
386	4058
54	9326
0	0
0	0
0	0
0	0
0	0
0	0
0	0
0	0
0	0
0	0
0	7
0	0
0	24
33	0
0	20
0	8
0	16
86	918
5	244
0	27
0	0
0	0
0	211
53	48
1	191
0	18
0	358
1	326
3	33
16	13
5	266
0	28
26	143
0	23
0	26
6	26
0	25
0	26
7	17
0	17
0	0
0	8
0	8
0	0
0	0
0	0
0	0
0	0
0	18
0	18
36	0
0	0
0	0
0	0
0	0
0	0
0	0
116	86
0	61
0	1288
0	45
71	499
5	18
1	61
0	1262
0	1268
0	106
4	22
0	689
1	59
0	157
0	54
1	73
0	64
0	0
0	0
0	0
0	0
0	0
0	0
0	0
0	0
0	0
0	0
0	49
0	0
0	0
0	0
0	0
0	0
16	1977
2	923
1	1438
11	946
2	132
2	43
78	816
0	120
7	134
0	256
0	207
0	70
183	784
0	0
0	1187
0	1122
0	1075
12	614
0	556
9	889
0	6
3	18
0	138
0	54
0	6
0	55
0	54
0	5
5	29
0	158
0	18
1	0
0	17
3	32
0	14
0	12
0	13
6	25
0	8
0	0
150	239
0	0
0	0
86	6
8	12
0	310
0	240
7	355
78	286
224	697
0	449
8	428
0	71
3	308
0	256
0	308
0	145
0	97
0	14
0	77
0	77
0	38
0	399
4	169
0	0
0	0
0	0
0	0
0	0
0	0
0	0
0	0
0	0
0	0
0	0
0	0
0	0
0	0
0	0
0	0
0	0
0	0
0	0
0	0
0	0
0	0
0	0
324	617
0	34
0	691
0	647
2	120
0	115
0	558
13	149
0	563
20	129
0	15
3	258
0	138
9	177
5	28
0	102
4	61
26	79
6	0
0	156
0	130
0	39
0	39
24	25394
5	2146
0	563
44	3661
0	711
18	58
3	25309
0	16
68	16
49	2684
79	2681
43	132
0	17
60	43
26	83
5	9
0	105
5	27
25	291
4	308
0	133
0	63
3	190
23	1383
10	892
10	1325
24	126
131	53
18	18
13	18
3	0
0	0
0	2120
0	2461
0	1813
21	76
0	203
0	97
0	0
0	0
216	861
4	842
0	65
0	0
0	0
0	0
0	130
0	1304
0	66
4	77
0	96
0	48
0	9
0	1269
0	108
0	4157
0	1755
12	764
18	528
3	2806
357	1694
1	2778
6	2982
96	1774
0	1971
5	314
21	373
74	228
0	36
1749	0
29	649
2	98
11	606
2	387
0	1450
0	1584
22	1157
27	207
0	86
7	201
0	1473
0	1650
8	647
0	1216
0	1218
5	323
4	682
0	898
0	1751
35	186
0	257
0	259
0	0
0	16
9	2
5	1645
386	602
0	1141
0	1199
0	1185
0	0
0	138
0	287
0	244
0	40
10	14
0	2
0	22
0	90
0	1
0	2
0	37
0	45
0	57
19	134
0	71
3	103
0	216
43	278
61	1724
45	1770
33	1384
0	1534
1	1356
133	408
105	332
0	378
3	73
0	1
14	24
0	1
0	0
0	1
0	0
0	0
0	3
0	0
0	0
932	11238
85	11955
0	9551
6	13420
148	12363
0	12366
227	8260
19	2306
1	1439
48	668
0	3891
0	3991
35	39
5	457
105	385
0	3991
15	201
0	0
0	0
0	0
0	15
0	15
0	0
0	15
0	0
0	15
0	0
619	5232
135	5232
0	0
5	277
0	226
0	182
0	47
0	45
0	0
0	120
0	18
0	18
0	15
188	248
0	54
0	133
0	5
10	46
0	75
105	1592
16	1392
0	443
0	334
2	0
0	0
6	0
7	1391
0	859
0	827
0	174
0	131
28	73
0	859
566	199
0	120
0	33
0	70
2541	4624
7	60
48	4346
0	25
39	366
0	156
0	1
0	1
0	1
17	93
0	100
0	100
0	71
0	1
0	1
0	142
2	552
52	1071
33	454
0	1070
8	663
6	13
0	140
0	140
0	577
0	564
0	287
116	337
0	810
0	555
0	1023
0	859
6	573
0	550
0	564
0	20
5	20
0	1
0	0
0	0
0	37
5	315
0	257
69	253
0	131
9	46
0	207
0	142
0	32
0	234
116	29
46	0
3	29
0	29
70	642
0	0
0	20
2	64
0	13
0	0
31	3
0	5
0	11
7	14
0	390
0	4
15	0
3	4
9	15
0	19
0	55
5	125
0	175
0	0
10	28
0	0
39	2278
17	2285
8	61
7	2260
2	1552
4	151
0	0
0	0
32	219
0	2
0	0
33	337
21	333
5	337
0	333
1137	1406
0	13
100	53
1	1340
14	69
0	116
0	2340
18	151
0	178
0	2201
0	2129
0	128
2	2198
4	149
0	126
1	221
0	457
97	7874
13	8144
14	6961
761	3289
7	3205
82	3100
233	1616
31	884
20	631
0	1070
147	0
0	0
2	0
0	0
0	0
0	0
0	0
0	0
0	0
894	2381
82	2358
88	122
21	34
7	107
4	0
0	728
0	472
6	851
0	108
14	196
0	101
0	85
87	488
0	113
0	337
3	99
84	362
0	59
0	7
0	728
0	818
276	0
0	0
0	0
0	0
0	0
0	0
0	0
488	0
0	111
0	123
0	110
0	110
0	111
0	110
0	123
0	119
0	87
0	97
0	41
0	41
0	41
0	2
3	145
2	185
85	111
0	0
0	24
21	24
112	3080
0	6151
387	5667
149	5248
0	968
0	605
51	7
18	882
3	43
17	20
0	24
15	505
0	62
0	133
0	168
0	34
45	1683
0	1553
0	814
0	524
9	606
0	689
0	365
0	211
0	254
0	683
0	679
0	10
4	30
0	30
0	2
1	2
10	63
0	14
7	22
0	683
441	1014
0	919
0	305
9	393
0	339
0	376
2	84
0	0
0	671
19	663
0	78
38	0
1	438
4	710
0	663
3	645
11	0
1467	1170
0	167
23	1083
10	94
0	275
0	309
27	112
47	7
0	75
0	0
0	13
0	13
0	0
0	0
0	0
0	0
0	0
0	0
0	13
0	13
2	30
0	0
0	23
0	78
0	40
0	14
0	13
0	23
0	78
0	8
0	38
0	25
0	30
0	8
0	17
0	0
0	1
0	23
0	0
0	0
0	0
0	10
0	0
3	0
0	263
26	251
0	1511
0	92
16	1270
0	1342
53	1107
39	34
40	49
4	94
113	483
0	1406
0	199
0	199
0	199
0	199
0	0
0	0
420	3409
13	3409
0	1698
0	1899
4	1753
0	1929
6	1905
36	1831
0	596
0	1821
0	167
0	1457
0	0
0	283
5	83
0	896
0	26
0	109
0	114
0	1007
0	309
0	850
0	308
0	598
0	328
10	33
0	201
1	537
0	196
0	268
0	214
0	92
7	325
0	889
0	287
0	886
0	928
0	187
3	298
0	83
0	185
0	933
0	388
0	1131
0	179
0	294
0	71
0	125
22	298
0	847
0	168
0	756
0	46
0	180
0	833
0	82
0	682
0	50
2	162
0	113
0	104
0	42
0	45
0	22
0	200
2	51
39	1102
132	514
298	414
0	1118
15	566
0	260
21	579
40	583
2	173
93	492
9	263
3	78
82	0
104	130
0	125
5	179
22	107
96	122
12	1106
4	1101
0	1019
0	1
0	0
0	1
0	1
0	1
0	0
0	0
0	0
0	0
0	0
0	0
0	0
0	0
0	0
0	0
0	0
0	0
0	0
0	0
0	0
0	0
0	0
0	0
0	0
0	0
0	0
0	1
0	1
0	1
4	2560
0	978
0	115
123	0
32	90
2	2137
0	55
0	3
0	74
0	74
0	0
0	55
5	71
0	233
0	0
8	9
0	3
0	55
53	10
0	0
0	0
0	1
7	0
0	0
0	0
0	317
0	56
0	71
9	2069
0	1975
0	2025
2	792
0	277
0	256
0	193
0	14
0	185
11	183
0	174
0	164
0	132
0	204
17	35
0	10
3	1
0	0
0	130
0	2152
0	1270
0	0
0	0
0	0
0	0
0	0
0	0
0	0
22	401
21	37
28	78
77	893
0	169
5	719
62	1123
0	140
0	64
19	201
1	252
0	85
0	39
6	36
0	35
0	21
0	13
0	10
0	4
0	1
0	3
0	6
0	0
0	0
0	0
0	6
0	6
0	0
0	6
0	6
0	0
0	0
0	0
0	0
0	0
0	0
19	82
172	741
0	30
21	656
0	172
1	172
3	13
0	59
0	159
25	84
0	0
0	8
0	102
0	0
105	84
0	330
0	328
0	6
0	2261
0	2384
0	2311
0	2313
0	2213
0	151
0	3
5	17
0	0
0	1
0	0
0	0
0	0
0	0
0	0
0	0
6	0
0	0
0	653
0	631
0	32
0	637
0	0
0	277
0	0
0	0
0	0
0	0
0	0
0	277
25	1
0	1
0	0
0	108
0	955
9	956
0	56
0	36
0	26
0	16
0	19
0	0
0	1
0	0
0	1
409	511
0	0
0	64
0	7
0	0
0	679
0	479
0	763
0	1326
4	95
0	52
0	1318
0	330
0	1172
0	886
0	990
0	14
0	14
0	14
0	0
0	0
0	26
0	14
390	252
47	198
4	195
0	192
28	54
219	5683
16	1222
76	670
0	4634
0	593
23	993
0	223
22	1353
0	1163
2	378
24	950
10	962
4	1130
0	1
25	604
13	843
0	598
0	203
6	917
14	185
1	454
56	316
9	160
0	274
0	123
0	0
0	0
0	0
0	0
0	0
0	0
0	0
0	0
0	0
0	0
0	0
0	0
0	60
141	198
0	173
8	256
7	255
0	36
0	3
0	175
22	133
0	14
12	11
0	32
2	21
0	0
907	244
0	47
23	157
1	53
0	0
0	0
0	0
0	0
0	0
0	0
0	341
13	480
0	95
0	396
0	396
0	0
0	0
0	0
0	0
0	0
0	0
0	0
0	28
15	231
222	1314
90	542
0	54
47	441
3	795
16	860
1	253
23	172
507	0
0	0
2	0
20	172
52	678
55	50
0	610
16	405
2292	739
4	130
0	258
7	351
35	315
0	100
469	235
3	208
0	177
5081	76
28	2055
48	2440
0	2256
0	1105
0	1206
29	411
10	272
1	32
6	176
0	83
24	0
0	74
0	0
45	1
7	1
0	0
0	0
0	0
0	0
0	0
0	72
266	951
5	18
0	158
9	533
7	117
683	0
6	18
0	1
312	44
7	60
25	33
0	17
7	9
0	19
0	0
0	0
0	0
0	0
0	0
11	1914
0	1870
0	1811
0	1730
0	1736
0	1775
0	1811
25	172
0	147
0	134
0	0
0	0
111	232
0	638
0	688
0	519
1	504
23	1
0	180
0	166
0	164
0	19
0	125
3	33
0	40
0	568
5	3
0	3
0	3
7	3
18	195
0	0
0	0
0	0
0	0
15	0
0	0
0	0
0	0
0	0
0	0
23	750
0	199
6	353
7	445
0	398
7	520
0	215
2	72
43	105
35	76
18	43
54	0
17	1113
124	503
0	187
0	12
0	106
0	17
2	8
0	4
0	3
0	7
0	3
0	828
0	0
391	99
5	77
0	145
0	157
0	0
0	0
0	0
0	67
0	0
0	0
0	4
0	12
0	15
0	168
0	0
0	3
0	7
0	156
0	3
0	11
7	280
0	0
0	0
0	0
34	311
0	4
0	4
0	4
1	0
1	125
18	176
2	519
0	44
0	65
0	75
0	332
0	135
0	173
0	285
1	510
0	177
0	458
0	69
0	35
0	122
14	102
0	11
0	37
0	18
0	0
2	116
5	4
0	4
0	0
0	0
286	501
0	473
3	216
0	44
0	0
0	0
0	30
67	415
33	39
19	346
1	129
0	25
0	3
0	47
0	15
0	2465
24	2285
0	1271
0	1478
0	1949
0	160
0	54
0	37
0	77
0	1012
4	406
0	536
0	672
0	1285
116	1128
0	1459
0	200
1	253
8	189
0	220
3	225
2	225
0	180
0	226
0	148
10	45
0	15
0	0
11	0
59	707
184	651
0	729
22	19
0	171
5	615
0	219
0	691
8	150
0	46
26	524
0	172
1	267
3	190
11	70
30	208
0	543
0	12
0	5
2	221
0	6
13	0
0	211
0	211
27	216
0	0
0	3
0	3
0	0
0	0
90	9596
0	2271
56	3841
31	558
269	584
4	298
0	54
0	135
172	193
0	9596
0	0
0	0
4	0
775	6837
2	44
28	604
9	519
0	4288
26	6932
960	167
0	8
0	159
0	0
0	18
0	0
0	37
1	156
0	24
22	136
3	58
0	9
5	0
0	32
0	32
0	13
0	13
0	13
0	13
0	13
0	13
0	13
0	13
0	13
0	0
0	0
0	0
0	0
0	0
0	0
0	0
0	0
0	0
0	0
0	0
48	0
2	85
0	136
0	971
248	1017
6	881
6	183
2	370
0	134
0	115
0	171
0	122
0	84
0	133
13	142
21	101
11	73
3	86
0	68
10	84
0	13
1	31
0	0
0	30
0	9
0	60
0	10
0	0
0	10
0	58
0	14
0	14
4	14
27	108
9	0
76	2454
3	2420
37	1686
1	426
0	964
2	630
212	84
0	32
0	66
20	862
0	23
0	173
0	30
0	32
0	12
3	947
0	12
0	0
8	13
21	625
0	69
2	69
9	5
4	58
79	4
4	57
21	170
5	46
27	153
0	4461
49	1751
53	675
0	4461
0	547
250	963
0	9
0	9
0	649
0	177
0	85
0	389
0	361
91	1266
4	169
0	140
5	1179
3	154
11	70
16	48
0	0
0	0
0	0
0	0
16	976
2	109
0	225
5	162
0	79
0	0
0	8
0	32
0	26
0	0
0	982
0	1004
2412	3
6	3
2	269
0	501
49	208
47	0
0	66
11	234
0	256
0	113
0	182
132	279
0	36
0	0
0	445
0	105
0	310
0	200
0	195
4	83
0	225
1	262
2	226
0	57
0	0
3	106
0	87
0	0
0	0
4	86
0	77
0	77
9	68
0	19
0	27
0	8
0	35
0	30
0	24
0	20
0	20
0	17
0	16
0	8
0	8
0	0
131	496
7	328
51	419
1	267
3	154
1	0
0	0
0	0
0	0
11	257
17	50
160	325
0	132
3	85
0	0
0	0
0	0
0	0
0	0
0	8
0	33
0	0
0	7
0	7
4	24
0	7
0	12
0	0
0	3
0	17
0	4045
0	3593
11	3209
0	2302
0	38
21	93
8	10
0	0
0	0
0	0
0	63
0	187
27	252
0	68
0	107
10	303
0	8
0	0
0	40
420	1736
6	10
12	226
0	5298
0	5614
28	1927
0	256
0	2731
11	445
5	77
10	988
0	5414
102	390
0	52
14	42
165	611
23	88
199	82
0	474
0	474
0	474
0	474
0	474
0	474
0	474
0	474
0	0
3	0
0	0
0	0
0	0
0	5
0	0
0	0
0	0
0	0
0	0
0	0
0	0
0	5
61	859
14	658
0	289
0	243
0	104
0	102
17	178
11	179
13	71
0	58
0	18
0	18
1	0
0	0
0	108
0	0
0	0
0	35
2855	12
0	2000
0	1960
394	1001
2623	1971
0	653
19	3
5	84
0	0
0	7
0	0
0	0
0	0
34	1438
1	185
5948	1444
10	1403
26	481
233	551
11	0
0	0
0	0
0	0
0	0
0	0
0	0
0	384
425	620
37	223
385	559
0	350
0	272
0	28
0	46
0	46
0	1
10	967
0	0
0	0
0	13
0	14
0	69
0	1
0	14
0	4
1	10
0	10
0	0
0	0
0	65
0	10
0	10
0	0
0	23
57	1368
3	1663
20	3932
36	40
6	4411
0	1538
5	950
0	160
0	102
0	153
0	83
0	0
0	887
0	0
0	0
0	0
0	0
0	0
0	0
0	0
0	0
0	0
0	0
0	0
0	0
0	0
0	0
0	0
0	0
0	0
26	54
0	0
5	53
0	54
67	39
0	0
0	0
0	0
0	0
0	0
0	0
0	0
0	0
0	0
0	0
0	0
0	0
0	0
10	175
1	807
69	1067
68	584
50	500
0	622
11	225
0	100
133	24
1	93
5	9
19	22
0	46
6	64
4	15
0	32
26	7
7	10
0	218
2	73
0	88
0	88
0	34
0	23
0	3
0	13
0	29
0	1
110	8310
69	578
73	302
0	15
1	247
1	34
2	62
0	195
2	82
7	31
0	3
0	49
0	37
0	0
0	0
0	0
0	0
0	0
0	0
0	0
0	0
0	0
0	178
1863	453
0	0
0	0
0	0
0	0
0	0
0	0
0	80
133	176
27	8541
137	3554
3	152
20	7685
15	1030
2	377
0	900
254	1558
0	109
0	247
60	800
0	405
0	262
0	19
25	155
10	0
8	1059
4	86
0	703
16	690
112	1374
24	1285
0	1525
0	1491
0	1477
0	1512
0	166
2	124
0	27
0	193
0	0
0	0
0	0
0	0
68	1558
13	2156
5	2156
7	119
7	18
0	167
13	794
0	28
53	270
0	3
0	9
0	9
1	1316
0	448
0	1094
0	1106
0	893
0	320
43	519
3	586
4	672
0	558
0	996
0	203
0	25
62	1009
0	484
0	508
0	465
0	40
0	1106
1331	4891
2	11324
4	228
583	5902
0	481
83	61
8	3396
0	343
10	348
18	289
69	357
0	485
42	148
0	0
0	0
0	11322
16	4417
2	1947
55	1566
4	3712
0	3815
91	1103
41	486
45	189
0	182
50	175
0	44
24	182
0	0
0	0
0	0
5	58
21	284
1	501
0	129
0	140
25	505
0	473
0	472
0	153
0	290
14	274
0	14
49	355
0	264
0	483
0	480
1083	0
0	2
0	1
0	0
0	0
0	1
0	0
0	0
0	0
0	2
10	3183
25	3127
0	30
24	61
12	358
28	95
0	56
0	30
1	59
0	2
0	0
0	0
0	0
0	0
1	17
1	1515
5	2661
0	5148
2	213
5	242
0	121
10	2702
60	5576
0	3029
3	56
4	169
0	268
4	2348
0	294
0	2227
0	53
0	103
18	134
0	337
82	713
68	208
0	261
744	8
54	1569
1	793
21	2150
185	2106
43	333
1	224
772	1179
0	144
0	1573
0	0
0	0
0	0
0	0
0	0
0	0
0	0
0	0
0	0
0	917
0	5
82	6
0	0
19	294
0	1
29	0
56	918
50	293
1140	2321
0	2294
0	446
9	2356
1	1693
42	212
0	589
0	439
0	181
0	69
0	130
1	167
0	104
0	280
0	311
0	128
2	96
0	150
0	225
0	63
0	163
0	0
0	0
0	261
0	343
0	366
0	787
0	210
0	69
0	92
12	81
0	48
0	664
0	707
0	677
0	712
0	618
0	589
0	49
1	103
0	57
0	102
7	186
0	146
1	113
0	54
0	230
5	147
0	18
0	22
0	434
0	529
6	36
0	20
7	119
0	36
0	27
0	24
0	2
0	0
0	13
0	0
0	0
0	0
0	0
0	0
0	0
0	0
0	0
0	0
0	0
0	0
0	0
0	0
0	0
0	0
0	36
0	36
0	36
0	243
12	806
0	808
0	10
63	700
0	881
1	537
0	614
0	730
2	231
0	224
0	24
33	47
0	808
0	0
0	0
0	0
0	0
0	0
0	0
0	0
0	0
0	0
32	91
13	33
0	18
0	57
0	0
0	45
3	59
14	18
0	22
0	57
0	42
5	106
0	106
0	0
0	0
0	0
0	0
0	0
0	0
0	0
0	0
773	256
0	223
0	19
0	0
0	0
31	0
0	1141
1975	1221
0	1026
40	34
107	980
1	172
0	447
0	341
0	206
0	108
0	86
0	364
18	0
46	119
1742	306
0	187
0	731
0	0
0	0
26	543
2	392
0	526
27	664
0	458
3	877
0	823
0	262
9	270
3	65
61	176
0	122
0	0
0	0
0	0
0	0
0	0
0	0
6	5
0	0
0	0
0	0
0	0
0	673
6	766
17	566
0	626
2	667
31	127
0	10
4	134
0	33
0	36
0	25
7	0
0	3
0	3
0	3
54	1090
9	1159
1	1292
48	1046
11	66
3	74
0	358
9	543
0	189
0	40
13	208
0	67
0	179
0	114
0	180
2	181
0	185
8	159
0	48
0	211
0	184
0	1292
0	1206
0	121
0	112
0	14
0	0
0	0
0	0
10	355
269	529
0	58
0	94
0	2
0	53
5	109
0	1
0	64
10	3378
239	3082
4	3902
323	5638
1117	4181
2	3840
8	3403
0	3565
0	1512
0	70
0	925
0	1597
0	1354
17	1300
2	1389
7	1172
2	794
10	798
71	877
4	899
0	178
0	603
4	190
0	643
0	390
0	419
0	462
0	332
0	317
85	384
0	66
9	105
20	66
0	59
2	430
13	59
0	269
7	161
6	127
3	49
0	41
0	72
0	97
0	96
0	96
7	25
0	0
0	0
0	0
0	0
0	0
0	0
0	0
0	0
0	0
0	0
0	0
0	0
82	1180
7	1180
34	315
0	472
0	3449
4	3434
32	3433
640	3834
36	2307
15	332
0	993
0	1777
20	293
0	123
0	106
158	4676
0	40
0	2662
0	104
0	230
0	294
39	3964
0	2738
0	2461
0	137
0	0
0	96
0	196
0	3125
18	143
0	257
30	76
5	162
0	12
0	9
3	233
0	377
17	112
6	30
5	127
6	0
0	60
0	40
0	365
0	134
0	213
22	1383
0	950
0	1416
8	694
193	1142
37	675
0	109
0	155
2190	232
20	415
338	230
6	80
0	64
2	79
0	62
3	90
129	114
1	32
0	1
0	1
0	1
0	29
0	29
0	21
0	30
0	9
0	9
0	0
0	9
0	9
23	155
18	0
0	0
0	7
0	64
0	5
4	5
247	82
0	352
214	2612
27	2617
71	141
5	17
51	0
426	35
0	19
0	16
0	68
0	43
0	78
0	17
0	17
0	17
0	4
0	0
0	217
0	246
0	256
0	32
39	0
0	475
663	1785
0	1770
0	35
0	202
0	33
0	31
0	86
2	132
0	149
0	25
0	1
0	80
0	0
0	17
0	26
0	82
0	94
0	38
4	73
0	103
0	51
0	78
0	0
0	48
0	5
0	0
0	21
0	21
5	678
16	702
0	105
0	86
12	69
1	27
6	44
0	487
6	0
0	0
208	226
0	187
0	35
67	1047
19	154
3	68
0	54
0	969
21	10
44	44
0	207
19	90
1961	71
0	0
0	0
0	0
0	0
0	4
0	4
0	15
0	13
0	2
0	0
0	9
2	229
2	203
0	1
0	4
32	85
0	4
0	172
4	198
0	9
3	57
1982	193
7	160
0	85
0	0
1815	7641
150	7597
86	120
13	1124
129	613
10	1111
7	483
98	2698
25	210
80	22
0	384
3	2854
2	121
0	159
147	2309
0	253
61	5703
46	503
58	5296
176	1137
0	810
75	563
136	3603
853	5498
9	5116
0	2658
722	2121
8623	13
0	0
0	13
0	13
0	0
0	5
0	5
0	0
0	0
0	5
0	5
4	11
0	0
0	0
0	0
0	0
0	0
0	0
0	0
0	148
0	0
0	0
0	148
10	13
0	13
0	5
0	2
0	390
1	8
29	441
14	317
2	45
0	66
13	241
18	25
13	120
0	63
11	108
25	815
0	155
0	13
0	0
0	862
0	42
0	414
0	758
0	1381
0	2
43	113
9	443
6	74
0	223
893	1316
21	207
8	129
16	790
2	65
0	76
0	76
24	54
0	0
0	11
0	11
6	138
0	49
9	174
0	37
0	74
6	0
0	0
1	62
0	31
0	141
0	159
2	141
0	410
0	412
54	220
11	111
0	229
0	234
31	6875
10	1684
3	7091
2	16
4	466
0	284
0	195
0	467
2	2966
14	229
0	411
0	0
0	0
195	12129
12	1480
31	9961
0	0
0	0
0	0
0	0
0	78
0	0
0	0
0	222
15	50
0	142
8	222
0	113
3	51
0	8
4	16
0	12
7	204
0	163
12	149
9	177
0	73
0	9
0	92
164	38
0	5
0	0
0	110
1	4
0	4
0	4
0	4
0	0
0	0
18	0
0	0
0	0
0	0
0	0
0	0
0	0
0	0
0	0
0	0
0	0
0	0
0	0
0	0
0	0
0	0
0	0
0	0
0	0
0	0
0	0
0	0
0	0
0	0
0	0
0	0
0	0
0	0
0	0
0	0
0	0
0	0
0	0
0	0
0	0
0	0
0	462
14	0
0	0
555	4057
0	0
9	94
0	0
83	3963
0	0
0	0
0	42
0	25
0	25
0	0
0	17
0	17
0	30
10	57
18	2
5	62
0	69
71	2476
0	2718
29	2718
78	75
112	84
0	84
0	0
0	0
0	21
0	19
0	19
0	0
0	0
0	249
0	9
3	251
5	258
0	7
22	106
5	241
0	185
0	146
67	190
0	200
13	177
5	190
1	165
0	209
0	202
0	198
0	64
0	64
0	38
7	21
0	29
0	8
0	21
0	1
0	15
0	1
13	40
0	245
9	41
9	0
0	41
13	183
0	7
0	0
9	2
3	2
0	56
4	488
24	127
0	108
2	64
7	21
125	1242
12	118
0	405
0	0
26	202
0	0
0	0
0	0
0	0
0	0
0	21
0	0
4147	0
41	121
0	126
0	70
47	119
30	145
13	42
1	64
4	55
0	0
0	0
0	0
0	0
0	0
0	0
0	0
908	0
33	1567
12	1786
12	1360
39	1421
7	1207
5	689
0	421
55	329
0	596
2	40
5	40
1587	1559
1	385
89	961
0	77
0	0
0	520
0	694
9	813
199	17
50	3172
3	992
1	3055
7	82
8	785
2	274
2	451
0	115
3	315
0	203
0	106
0	528
2	252
0	21
0	72
11	63
0	178
2	334
0	72
0	68
0	397
0	104
0	21
0	219
0	0
0	0
0	0
0	0
0	0
0	0
0	0
4	20
0	20
6	6
0	0
0	0
0	0
0	0
0	0
0	0
0	0
0	0
8	4007
1	8551
0	3962
1	189
3	5492
0	3857
1	3641
10	3252
214	555
0	1797
14	3657
0	7297
8	4956
12	4260
0	524
0	53
24	691
6	444
1	334
0	335
26	221
2	85
4	48
19	0
0	18
0	41
0	39
0	26
0	14
0	21
0	17
0	14
0	7
0	660
0	0
0	0
0	0
0	44
0	6
0	14
2	0
0	44
0	6
0	7
0	44
0	51
28	1658
4	1560
0	1574
0	1444
0	18
14	28
31	374
33	321
0	463
56	251
0	166
5	117
19	74
0	89
15	94
43	8
12	1669
0	0
0	0
0	0
0	0
0	0
0	0
0	0
0	0
0	0
0	0
0	0
0	0
0	12
56	12
13	246
61	1397
0	1228
0	1330
0	1161
150	695
34	533
3	403
0	180
0	69
0	85
0	8
0	403
0	1
0	104
0	0
37	1686
82	913
6	178
5	178
0	64
0	0
0	0
0	0
0	0
1	4762
124	4766
0	1257
10	618
3	5
0	17
0	0
64	380
0	61
0	163
0	14
0	37
0	135
50	45
12	144
4	125
7	114
0	173
24	74
17	177
31	68
41	3289
0	3899
29	2956
0	1094
0	319
15	2170
1	297
0	17
79	3498
0	821
6	2167
0	395
29	713
78	1826
383	1483
34	816
70	543
0	11
0	0
0	11
1	120
0	11
0	32
0	0
0	32
0	177
159	21
12	67
2	90
18	89
0	264
1	192
0	264
0	0
0	0
0	0
0	0
34	6516
0	5465
6	4199
79	3402
0	390
9	434
15	1774
51	79
23	639
1	639
93	631
23	1179
0	1232
0	10
5	100
1	936
6	717
6	233
2	126
0	36
0	10
0	43
0	7
0	36
0	43
0	43
0	0
0	40
0	187
0	1252
0	13
0	0
0	0
0	0
0	0
0	0
0	0
0	0
26	0
46	246
42	307
0	389
0	6
204	470
0	394
80	29
0	279
25	422
6	379
0	63
37	232
0	48
0	159
0	151
0	165
0	14
0	2
0	0
0	39
0	8
0	45
0	45
0	33
0	36
0	27
0	16
0	23
0	7
1	7
29	21
0	0
0	0
0	1
0	1
100	38
6	3
0	22
0	5
0	5
2	0
0	0
0	5
0	1006
0	1054
0	947
0	941
0	700
0	39
0	85
0	146
1	66
0	11
0	21
652	1067
0	115
0	251
0	5
0	0
0	0
0	9
0	9
0	9
0	0
0	0
0	0
0	0
0	0
0	0
0	0
0	0
0	0
0	9
0	9
0	9
47	17
0	43
0	17
140	1665
0	296
0	644
0	15
0	20
0	0
0	0
0	0
0	0
0	650
0	526
22	2194
0	1618
9	3503
0	3001
595	2871
247	66
384	2756
353	293
0	0
0	0
0	0
0	0
0	0
0	0
0	0
0	0
0	0
0	0
0	0
0	0
0	0
0	0
0	0
0	0
0	0
0	0
0	0
0	0
0	0
0	0
115	84
0	2
0	0
0	38
0	7
0	43
0	11
0	0
0	0
0	21
66	776
0	29
0	16
0	29
0	0
0	4
6	99
0	5
0	187
0	173
0	184
0	179
0	175
0	192
0	189
0	188
0	189
0	206
0	228
0	68
0	10
19	233
0	106
0	98
0	65
0	128
0	171
0	127
14	143
22	64
0	83
0	62
0	74
0	13
0	64
0	101
0	81
0	77
5	53
0	47
0	57
0	43
0	19
1	52
0	71
0	23
0	86
0	62
0	14
6	4
45	10
0	215
11	173
0	0
13	436
0	0
308	49
0	11
0	0
0	39
0	2524
0	686
0	2416
0	2426
0	798
3	2304
0	734
37	584
0	638
0	574
0	2424
0	2495
0	2303
0	630
0	2119
18	917
0	2308
0	2345
0	58
6	2308
2	2143
0	508
0	2332
0	2403
0	2190
0	2392
0	2269
6	648
0	784
0	384
0	28
0	14
0	167
0	4
0	27
0	1935
0	474
0	88
0	125
0	1727
27	68
0	11
0	120
0	50
45	287
6	1639
0	152
1	38
26	68
5	0
0	189
0	234
6	53
33	1165
0	1238
0	66
0	365
0	1005
0	946
43	1478
0	63
246	856
0	622
0	87
0	507
1	528
3	550
0	141
1	1
34	2831
3	22
117	2291
26	2831
0	117
0	91
0	117
22	15
2	15
0	0
0	0
0	0
4	0
0	0
2	0
0	0
0	0
0	0
0	0
0	0
17	849
0	404
9	328
0	373
0	473
42	482
0	357
23	526
1	195
0	81
0	34
0	0
1	1
0	15
0	37
3	30
109	982
0	54
0	26
3	26
0	54
0	0
0	51
0	8
0	8
0	0
0	2
0	2
0	2
3	24
3	7
42	48
0	0
0	0
0	0
0	0
0	0
0	0
0	0
174	4524
0	0
2	95
0	3520
0	3526
0	147
0	4477
0	3487
0	679
0	6
0	0
0	678
0	0
0	1298
0	182
484	894
34	129
0	1464
6	47
0	293
0	0
0	24
33	293
0	145
0	269
8	10
0	55
0	0
0	41
0	21
0	21
0	44
0	0
0	0
0	0
0	44
0	44
0	2358
0	2886
0	3510
0	3113
0	2537
191	999
0	3457
0	2933
125	160
0	1252
0	280
0	967
5	678
4	806
0	961
0	3186
0	2872
0	0
5	0
1582	378
0	230
0	288
93	12644
110	6024
139	6186
9	5293
0	6317
49	395
1104	12272
16	382
28	2064
29	442
198	2856
0	10
34	303
1	0
0	3
0	27
0	11
0	25
0	25
0	25
0	27
0	0
0	0
50	224
2	106
0	386
76	943
77	563
2	688
2	226
0	188
0	2262
12	1582
0	0
16	460
5	1844
0	0
0	1105
111	635
3	436
5	436
56	261
0	230
1	101
8	47
5	107
9	0
2	0
0	0
0	6
0	6
0	6
0	0
0	0
50	575
11	575
0	49
0	6
0	55
0	71
0	83
0	73
0	83
0	89
0	105
0	84
0	87
0	89
0	71
0	91
0	437
0	437
0	102
0	49
0	0
0	0
0	425
0	73
0	418
0	6
31	89
6	6
0	0
0	0
0	0
0	21
25	312
0	0
3	39
0	7
0	0
2	166
18	162
29	515
0	138
113	285
25	116
0	193
0	42
0	240
0	246
1	1372
0	314
0	1032
0	994
12	149
0	50
1	1456
0	1442
0	12
0	12
0	0
0	4
0	0
0	0
0	1371
51	3581
7	3343
0	1907
1	2054
0	390
6	349
63	502
15	259
45	49
0	0
0	0
0	125
0	169
0	112
0	125
0	12
0	23
14	331
0	59
4	103
0	31
0	0
0	0
0	0
0	0
0	126
27	244
0	174
0	244
10	14
0	171
0	257
9	324
0	392
0	515
6	330
0	276
12	219
0	257
0	39
0	294
0	526
0	16
0	185
3	480
25	501
13	142
0	0
0	309
0	399
0	150
0	30
0	47
10	0
0	0
21	0
0	153
0	136
9	252
0	61
12	248
0	0
0	173
0	0
0	14
0	14
0	8
0	8
0	0
0	0
0	0
0	235
0	105
0	17
0	35
0	0
1	1657
1	1658
0	425
0	7
8	39
0	0
0	8
0	0
0	25
0	11
0	8
0	0
0	0
0	364
0	145
0	0
0	42
0	41
0	36
0	1219
88	1107
0	18
0	17
0	75
0	551
0	556
0	8
0	30
0	30
0	27
0	544
0	10
0	173
0	19
0	32
0	29
0	29
2	549
0	30
0	3
0	9
0	2
0	29
0	0
0	108
0	544
0	110
0	546
4	654
5	766
4	249
0	779
3	219
390	823
0	34
6	120
0	6
0	159
0	161
3	670
2	690
0	127
10	655
0	0
11	212
0	0
0	0
73	794
0	13
0	13
0	20
0	0
0	0
0	0
0	0
0	0
0	0
0	0
17	41
0	0
815	1138
0	33
0	55
0	55
0	55
10	84
778	594
11	549
0	970
0	225
0	577
0	430
10	60
0	83
0	0
0	0
0	0
707	2099
0	3276
0	3351
11	3889
0	854
3	2915
1	2803
0	98
263	584
0	282
0	121
15	234
0	98
0	0
5	0
0	58
0	58
0	0
0	0
38	183
0	465
0	465
0	16
0	16
0	0
0	0
0	0
4	66
8	58
0	7
0	0
0	2
0	66
0	826
50	638
0	495
38	779
0	498
0	270
0	241
0	110
0	425
2	40
0	39
0	19
0	0
0	0
0	0
0	0
0	0
0	0
113	9668
105	10115
43	4287
3	704
9	4367
0	1917
49	1639
8	3271
0	3871
9	4417
28	2122
0	8783
0	0
0	0
0	0
0	0
0	0
0	0
0	1254
2	1400
70	1237
0	8
6	266
562	203
0	40
0	78
0	28
0	22
0	27
0	2
0	20
0	0
0	3
0	3
0	2
0	36
0	0
0	0
0	0
0	0
0	76
0	0
0	1
0	0
0	78
0	43
0	91
13	411
0	97
0	57
0	402
0	483
5	58
0	68
12	411
13	68
4	403
1	59
10	155
18	17
0	79
0	0
0	0
0	0
0	0
0	0
84	1384
7	1194
52	1324
24	248
7	0
3	512
11	289
0	132
0	244
8	277
711	423
57	327
21	293
65	54
0	23
0	429
0	387
0	107
0	414
0	38
0	10
0	192
0	46
0	35
0	47
0	33
0	0
0	0
0	0
0	155
0	226
0	269
0	171
0	220
18	81
0	55
0	195
26	116
0	58
0	5
5	3
0	185
0	183
0	176
0	153
0	41
0	364
0	20
0	19
0	0
0	0
0	0
0	0
0	0
0	0
0	0
0	0
0	0
0	0
0	0
0	0
0	0
0	0
0	0
0	0
0	0
0	156
0	150
0	161
0	198
0	95
0	17
3	2
0	19
3	638
0	30
0	301
0	313
0	463
0	554
2	601
5	710
0	391
0	321
1	330
0	20
8	414
367	0
0	0
0	1573
8	3286
0	3364
0	3340
69	3208
0	3389
0	3078
3	3430
0	3174
0	3172
0	1690
0	1701
0	96
0	180
11	1634
5	205
0	279
0	113
0	265
0	219
0	31
0	66
10	125
0	124
0	4
0	110
0	11
0	5
2	175
0	289
7	353
0	205
5	0
0	15
0	191
0	0
0	2
0	49
0	22
1	40
0	239
5	200
0	14
3	14
0	262
0	280
0	302
0	2471
0	1156
0	817
0	744
0	115
0	707
0	501
0	477
0	263
0	1
5	68
427	2022
54	66
50	336
0	87
0	65
0	789
12	1265
0	51
63	1697
0	56
0	3
0	685
0	42
0	38
0	1
0	4
0	0
50	882
16	366
4	549
0	97
0	2
0	167
0	73
0	60
0	30
0	15
0	868
0	466
0	6
0	63
0	0
0	0
0	39
0	16
0	68
0	0
0	0
0	0
0	0
0	29
0	0
0	3
0	0
0	0
0	0
0	0
0	0
0	0
0	0
0	0
0	0
0	0
0	0
0	15
0	0
0	0
0	0
0	0
0	15
0	0
0	0
0	0
0	0
0	0
0	0
1	2476
15	21418
7	21266
0	534
51	852
0	78
0	7
5	12218
24	10920
453	9155
111	1815
80	106
0	20833
0	2167
31	233
1211	718
0	136
0	134
0	100
4	160
6	441
0	0
0	0
0	0
0	0
0	0
0	0
0	0
0	45
0	45
0	26
18	0
0	42
8	64
0	15
0	0
0	3731
2	1285
12	425
0	102
3	3731
0	0
0	0
0	0
0	0
0	0
0	0
0	0
0	0
0	0
46	33
0	118
0	117
0	195
3	106
0	198
2	315
0	257
27	268
11	242
0	300
0	240
0	206
1	48
0	39
7	56
5	35
21	34
0	34
0	15
11	14
0	3
0	0
0	3
1	45
1	45
0	5
0	5
0	5
0	5
0	5
0	5
0	5
0	5
0	5
0	5
0	5
0	5
0	5
0	5
0	5
0	5
0	5
12	1096
31	305
3	905
5	106
82	540
0	91
0	46
1	132
0	41
4	486
4	1
0	10
0	0
0	14
12	103
0	23
176	675
62	523
12	123
0	32
69	73
0	23
0	0
1	0
327	125
16	125
28	23
194	354
0	354
0	396
5	28
26	407
9	271
9	17
16	6
11	23
0	13
0	13
0	13
0	13
0	11
0	2
0	2
0	2
0	0
0	13
0	0
0	2
0	2
0	2
0	2
0	2
0	0
0	2
85	0
0	55
7	696
0	47
35	5517
13	1135
0	66
0	8
11	5450
10	4693
0	0
0	0
0	0
0	0
0	0
0	0
0	0
0	0
0	0
0	0
0	0
0	0
0	0
0	0
0	0
0	0
1	7
0	0
0	0
0	0
82	3251
1	234
69	0
41	3062
11	3249
0	31
0	315
2	385
0	195
20	155
0	17
0	13
0	17
0	17
0	8
0	17
0	14
0	17
0	8
0	0
0	0
0	0
0	0
0	0
0	0
0	0
0	3
13	767
1	802
0	710
2	553
0	671
0	323
0	63
0	64
0	28
0	21
0	47
0	2
0	98
1	65
0	49
137	30
7	15
0	15
0	20
0	526
0	553
0	218
4	118
0	59
0	67
7	20
6	30
7	4
0	7
0	3
0	11
0	3
0	2
0	4
0	4
0	0
6	2
0	8
2	12
0	0
0	0
0	0
0	0
0	0
0	0
0	0
4	273
0	847
0	841
0	88
0	296
0	21
0	174
0	296
0	256
0	862
0	220
0	836
0	836
8	212
0	207
0	201
0	60
0	270
0	228
0	15
11	0
0	0
0	121
0	68
11	1569
0	87
185	1196
0	1391
1	308
0	428
2	92
1	213
20	93
30	165
4	279
12	72
1	78
8	160
0	63
0	11
0	9
0	9
69	377
4	377
7	26
0	38
0	6
0	6
0	0
0	0
0	0
0	0
0	0
0	0
0	0
0	0
0	0
0	0
0	0
0	0
0	0
0	0
0	0
0	0
0	0
4031	2008
0	1271
15	1281
27	655
15	773
14	499
15	180
4	0
1123	68
603	676
12	53
152	641
38	402
0	773
9	679
0	103
0	607
36	537
0	69
0	88
0	250
0	40
59	345
63	12
0	127
0	181
0	843
170	276
3	94
0	19
0	4
3	243
0	4
0	54
0	28
0	3
4	91
0	4
0	0
45	625
0	762
0	860
41	680
86	255
48	133
0	472
0	303
47	377
56	75
47	215
0	316
77	0
5	186
0	127
0	762
0	0
0	0
0	0
0	1775
65	1531
8	1447
23	6
1	0
9	1892
5874	1892
0	160
1	59
31	6
10	9
0	6
0	2
9	21
0	19
0	14
2	56
0	65
0	54
12	48
0	21
0	59
2	21
0	11
0	29
0	0
0	0
3	0
0	4
0	4
2	0
44	131
16	0
0	0
17	533
84	0
0	140
0	110
13	358
0	75
7	205
18	102
0	67
0	53
0	82
19	19
5	222
0	0
0	0
0	266
0	276
0	144
0	10
21	132
0	272
0	187
11	28
4	302
0	67
0	324
0	321
0	0
0	0
0	0
3	0
0	0
0	0
411	1156
6	412
32	419
0	432
0	0
0	0
21	122
0	0
0	0
0	0
0	0
0	0
0	0
0	0
0	0
0	0
0	438
0	0
0	0
0	0
0	0
0	0
0	0
0	0
0	0
0	0
0	43
18	1333
10	1261
0	66
0	110
0	28
14	75
0	111
0	138
0	189
34	59
172	905
0	13
0	183
0	0
0	18
0	176
0	25
0	18
0	14
0	0
13	0
0	184
1	6
672	438
133	592
1	49
10	41
4	7
1	20
0	13
5	93
2671	0
0	936
0	2233
19	2233
703	2095
11	1803
80	222
0	0
0	0
131	640
0	658
12	654
14	15
1	273
8	109
0	96
0	166
19	2017
0	64
0	177
0	64
6	79
21	81
0	0
0	0
0	0
0	0
0	0
0	0
0	0
0	0
0	0
0	0
0	321
0	294
0	24
0	0
0	0
0	0
0	0
0	0
0	0
3	0
0	0
0	0
0	0
0	0
0	0
0	0
0	0
0	4942
0	0
0	0
0	0
0	0
0	0
0	0
0	0
0	0
0	0
22	0
3	727
54	733
10	135
1	471
0	0
0	0
0	0
0	0
3598	4855
0	4855
36	1085
6	0
3	569
72	26
0	0
17	20
0	0
0	5
0	0
0	0
0	0
0	0
0	0
0	0
2	49296
0	6396
4	5361
48	4531
0	2151
0	739
50	2571
2	49415
0	16939
0	9
420	1130
0	42
0	93
0	1
0	26
0	0
0	0
164	185
0	70
0	154
0	0
0	0
3	12
0	0
0	0
0	0
0	0
0	0
0	0
0	0
0	0
0	0
3	0
0	0
0	0
0	0
0	0
0	0
0	12
37	9
2	1
0	9
0	9
0	12
0	1
0	21
1	0
0	12
0	579
0	579
1	1
5	456
0	135
0	28
0	513
0	172
0	189
8	60
0	157
0	450
4	221
0	0
0	3
0	0
0	3
0	3
0	0
0	0
0	0
0	0
0	0
0	0
9	22
1	196
11	22
0	14
27	1395
22	1223
18	1273
0	836
2	102
14	156
0	0
0	0
0	0
0	0
0	0
0	0
0	13
0	308
3	332
10	120
321	144
0	53
5	42
0	64
7	28
13	62
0	9
2	36
9	62
0	7
0	9
0	10
0	109
0	109
0	0
0	0
0	0
9	603
8	176
0	0
0	0
0	0
0	0
0	0
0	0
0	0
0	0
0	0
0	0
0	0
439	806
4	321
4	190
0	199
0	212
0	138
0	68
6	158
1	84
6	37
22	40
0	0
0	0
0	0
0	0
0	0
0	0
0	0
0	0
0	0
0	0
0	0
0	0
0	0
0	0
0	0
0	0
0	0
0	0
0	0
0	0
0	0
0	0
0	0
0	0
0	0
0	0
0	0
0	0
0	0
0	0
0	0
0	0
0	0
1	133
0	0
0	345
214	1451
0	286
0	88
3	81
0	80
0	286
0	100
35	290
0	179
0	189
0	512
0	286
0	290
0	0
0	0
0	19
0	3
7	243
0	6
0	0
0	0
0	0
0	0
0	0
4	0
2925	9657
194	8508
10	9840
29	402
294	567
0	381
45	212
25	94
77	565
180	3011
3	342
1	1307
28	287
0	454
0	426
48	411
40	144
242	2022
151	2022
119	753
0	95
7	80
0	0
5	533
14	752
48	8304
67	7988
0	3519
853	1158
0	8190
0	6000
0	6855
1	8366
2	5344
235	4531
0	99
0	35
0	329
0	4453
0	0
0	10
0	0
0	0
0	0
0	0
0	0
0	10
0	38
262	416
17	195
16	130
0	90
4	226
0	195
1	297
0	0
0	0
0	0
0	0
0	0
0	0
0	0
0	0
0	0
0	0
0	16
0	11
4	16
16	51
37	2
1	45
76	61
20	21
57	2183
19	2183
0	1293
0	0
0	0
0	2166
0	4
0	4
0	4
130	20534
0	15657
71	15095
191	16789
451	3735
16	5610
157	1118
291	5985
166	2874
0	22
0	1360
11	0
396	131
31	90
0	46
7	30
0	31
0	51
68	0
0	0
5	157
19	136
0	129
0	47
0	3
0	28
0	13
27	9391
99	13
100	2232
32	2
139	43
8	611
0	8788
0	24
13	274
3	10
0	262
0	0
0	5
0	6
0	64
0	6
0	6
0	5
0	0
0	64
0	6
0	392
16	2667
0	2500
59	1835
0	413
17	71
3	298
0	235
0	2546
51	105
0	98
10	104
0	105
2	1
0	0
0	0
0	0
0	4
0	0
0	2315
13	173
0	2301
5	357
0	1663
0	1127
68	969
0	302
0	17
0	2315
0	271
0	221
0	92
0	80
0	481
0	7
0	157
2678	280
5	52
23	66
0	240
0	67
0	0
8	789
238	852
35	859
257	859
0	852
17	0
204	0
0	0
0	0
0	0
0	110
0	12740
0	74
0	6585
0	145
0	12740
0	0
0	6159
0	203
0	93
0	129
0	8475
0	148
123	12748
0	551
0	94
0	145
0	0
0	12740
0	155
6	219
4	93
1	452
22	5869
0	1630
0	634
47	2468
0	1144
0	12325
9	2243
7	4205
0	6467
4	1218
35	6296
0	1554
15	1865
0	209
33	1133
3	2353
3	12261
7	623
1	1478
16	1128
23	493
85	273
0	12740
0	12786
3	0
0	0
0	38
7	46
0	23
0	305
7	44
23	603
1	146
0	37
0	43
0	36
0	605
0	613
0	595
182	1061
17	1061
0	420
9	158
0	110
4363	22
0	292
0	285
0	258
0	146
0	147
0	0
0	0
0	0
0	0
2	0
0	0
0	0
0	0
0	3
0	4
0	1
2	0
0	0
0	32
2	0
0	8
0	0
0	0
0	0
0	0
0	8
0	0
0	0
0	0
0	0
0	0
0	0
1	155
0	0
0	0
0	0
0	0
0	0
0	0
0	0
0	0
0	0
0	0
0	0
0	0
0	0
0	0
0	0
0	0
0	0
0	0
0	76
10	4
0	91
0	17
0	22
11	0
1968	0
0	0
0	18
0	0
0	0
0	18
306	1039
4	136
0	54
0	689
0	87
0	164
0	105
0	58
24	67
38	313
0	1080
0	448
46	994
13	333
5	267
100	275
9	938
0	128
0	376
0	376
0	313
0	471
2	378
3	457
0	94
4	155
0	216
0	462
2	473
0	0
0	0
0	0
0	0
0	0
290	53
3	432
18	365
8	164
3	62
0	31
0	0
2	392
0	23
0	27
0	35
0	6
0	0
0	0
0	36
0	35
0	7
7	4
0	3
0	4
0	24
5	4
31	789
0	714
10	190
0	76
0	79
17	58
1434	240
0	160
0	29
0	5
0	24
0	510
20	1399
3	1482
0	47
15	797
0	56
2	37
0	1464
0	322
0	284
0	326
0	0
0	300
0	213
0	193
0	0
0	22
0	4
0	16
9	0
55	323
11	11
0	0
0	11
0	0
0	0
0	9
0	0
0	0
0	0
0	0
0	0
0	9
0	0
0	78
0	0
0	0
0	0
0	0
0	0
11	230
0	0
0	9
0	0
0	9
20	0
0	0
0	394
0	470
217	10853
150	10690
28	8889
0	9230
0	1399
50	321
7	960
208	644
4	1366
2	10402
0	0
0	0
0	4
0	4
0	0
0	4
0	4
0	0
9	263
10	256
0	215
0	243
7	104
35	20
0	10
1	10
0	7
0	7
0	0
0	0
0	4
0	4
0	0
0	0
0	0
0	4144
87	7114
0	6964
0	15538
252	15152
0	830
733	3188
0	384
6	0
74	5847
12	4303
8	2051
0	2090
0	2215
8	982
4	789
77	691
0	620
6	623
0	556
15	73
0	316
0	224
0	166
0	317
0	112
20	154
1	105
0	99
0	99
16	703
0	15539
6	6985
0	14823
124	74
6	36
0	66
1045	204
143	231
0	50
2	16
0	25
0	6
1	12
2	4
0	1
8	25
0	7
0	2263
0	2263
416	1530
8	225
0	257
0	161
18	142
0	2
0	2
0	2
0	0
0	0
0	0
0	0
8	0
0	0
0	0
0	0
0	2
8	0
0	0
0	0
26	90
0	0
0	0
0	0
0	7
0	7
0	0
0	0
0	4
0	0
0	0
0	0
0	0
0	25
6	1
0	11
0	25
0	18
0	18
2	19
0	0
0	0
0	1
0	118
0	129
0	124
0	23
0	4
0	21
0	0
0	291
0	0
0	0
0	0
0	0
0	0
0	0
0	0
0	0
13	2026
0	2089
0	491
6	411
0	437
0	290
14	0
14	161
6	161
0	100
18	107
0	3
0	23
2	4
0	2025
0	1980
0	421
0	0
0	0
0	18
0	1744
1	720
0	1711
0	546
0	0
6	528
0	2093
0	16735
193	17920
6	536
5	12
0	60
10	16748
0	46
5	1567
0	1782
0	463
0	4533
1	16725
0	16110
11	860
0	1269
117	137
20	1407
5	16853
9	326
0	61
0	290
0	0
0	0
0	0
0	0
0	0
0	0
0	0
0	0
0	0
0	0
9	343
17	3345
2	3089
84	127
4	247
0	577
0	1408
676	611
0	0
0	0
0	0
0	0
485	2184
0	1615
0	1525
0	1434
1	390
1	231
0	161
0	24
0	13
72	579
2	868
0	284
0	0
161	2335
19	157
0	133
23	138
0	207
0	83
2	148
0	10
0	119
0	44
0	272
0	223
0	372
0	356
710	1873
20	708
0	15
0	6
0	6
0	6
0	6
0	6
0	6
0	0
0	0
0	31
0	28
0	10
16	31
0	0
0	24
0	0
0	18
0	0
352	348
2	23
0	60
0	37
4	118
2	76
3	55
0	124
0	122
0	0
0	28
53	7
0	7
0	7
0	7
0	0
13	0
0	50
15	133
0	57
0	483
7	2
0	2
108	1844
0	17
0	55
0	63
0	117
0	174
0	50
0	65
0	41
0	23
0	125
23	135
16	8
0	8
0	0
0	0
0	0
0	0
0	0
0	0
0	0
0	0
0	0
0	0
0	0
0	0
0	0
0	0
0	0
0	0
0	0
0	0
0	2
799	129
0	129
0	227
0	115
0	122
0	51
26	196
0	140
47	113
54	97
4	16
3	53
0	40
0	30
15	283
1	72
0	148
14	368
7	79
0	1329
107	1571
0	220
0	184
1	99
0	360
0	0
0	0
0	0
11057	3626
378	3627
112	391
206	149
0	457
6	380
0	45
16	240
28	238
0	168
0	143
0	20
0	0
0	0
0	0
0	0
0	7
4	135
0	7
0	7
0	0
0	0
0	7
0	7
0	7
0	0
0	0
0	0
0	0
0	0
25	1170
3454	5185
0	7
42	5079
4	133
0	108
9	53
2	42
6	3521
3	0
0	28
14	273
1	180
323	1906
0	53
0	12
0	0
0	0
5	0
0	0
0	0
0	0
0	0
1999	0
142	346
6	283
2	102
0	0
0	102
0	82
34	243
0	136
0	204
0	204
0	1
0	0
0	0
0	0
0	0
0	0
0	0
0	0
0	0
0	0
0	35
0	0
0	35
0	0
0	0
0	0
0	0
0	0
0	0
0	0
2	0
0	0
0	0
0	0
0	0
0	35
549	383
0	291
106	160
0	6
0	0
0	1
40	113
23	183
76	181
0	7
4	0
0	0
0	0
121	2745
0	84
10	577
52	615
239	2624
368	552
0	0
9	15
12	344
0	358
0	334
0	43
0	343
0	340
0	343
0	355
0	341
0	43
4	358
0	45
0	0
0	43
0	29
0	358
0	341
0	343
0	340
176	6708
2891	1563
180	6302
62	3223
29	5382
92	977
12	3010
5	3326
0	2664
4	1054
1	611
0	1449
0	2
107	444
0	93
0	70
9	426
0	0
0	0
0	0
0	167
10	177
0	0
0	0
0	0
0	0
0	0
4	0
0	0
0	0
21	4657
0	6110
0	268
0	2100
0	294
7	25
0	178
0	322
0	285
1	224
22	0
2	300
5	79
34	1185
7	5942
0	0
0	0
0	0
0	0
0	13
0	1924
1	1934
0	1939
0	1924
0	400
30	2463
56	671
0	1743
54	1414
0	1138
6	1763
0	0
0	0
0	0
0	0
0	0
0	0
0	0
0	0
0	0
0	0
0	0
0	0
0	0
0	0
0	0
0	0
0	0
0	0
0	0
0	0
0	194
0	0
0	0
0	0
0	0
0	0
0	0
0	0
0	0
0	0
0	0
0	0
0	0
0	0
0	0
0	0
0	0
0	0
0	0
0	0
17	1745
87	1745
0	0
0	13
0	0
0	0
0	115
0	0
0	0
0	13
0	13
0	0
0	0
0	0
0	18
0	22
0	18
0	22
0	18
0	18
0	18
0	12
0	0
18	5945
0	5042
0	2081
0	1721
9	215
10	724
0	640
0	1671
13	1131
14	10
0	268
0	2451
0	0
0	0
0	0
0	0
0	0
0	0
0	0
0	0
35	203
0	0
7	180
0	165
0	185
0	10
0	0
0	0
0	41
0	0
0	0
0	0
0	22
10	1
1	1
6	0
0	0
54	47
14	133
11	0
3	125
0	383
0	44
7	62
36	62
0	15
20	1082
0	1082
0	5
0	51
0	0
0	6
0	14
0	27
10	75
0	10
0	10
0	368
0	368
0	368
0	73
0	0
21	0
0	0
0	0
0	0
0	0
2	0
0	0
0	14
0	7
0	14
0	9156
0	4659
1	3951
0	3913
0	4003
0	3574
59	3151
0	373
8	220
0	221
0	221
0	220
0	221
58	60
0	60
86	9088
0	6311
0	81
0	442
6	293
0	0
0	0
0	0
0	0
0	0
0	0
0	0
0	0
0	0
0	0
0	0
0	0
0	0
0	0
0	0
0	0
0	0
0	0
0	0
0	0
0	0
0	0
0	0
0	0
0	0
0	0
0	0
0	0
0	0
0	0
0	0
0	0
0	0
0	0
0	17
0	0
5	13
0	17
3	31
0	17
0	17
0	10
0	20
0	4
0	4
0	4
0	4
0	0
0	4
0	0
0	0
0	4
0	0
0	0
0	0
0	0
0	0
0	0
0	0
0	0
0	0
0	4
0	4
543	1852
12	1854
306	2
6583	0
0	1
83	1014
0	872
0	583
0	513
0	282
0	46
0	36
0	36
0	22
0	4
0	872
0	25
0	38
0	0
0	0
0	0
0	0
0	0
0	0
0	0
0	0
0	0
4	8
0	8
16	558
0	277
73	1089
4	766
20	71
10	285
0	119
0	20
19	197
9	138
0	92
0	387
1	279
0	3
0	1
3	50
0	70
0	22
0	231
0	71
0	60
360	292
18	292
4	2
0	0
0	0
0	1
0	0
0	0
0	1
0	93
0	126
30	753
15	250
63	511
285	871
0	35
5	108
13	871
0	37
5	49
0	0
0	15
0	0
0	0
2	840
0	0
0	0
0	0
0	0
0	0
0	93
380	118
8	23
0	47
0	81
12	130
6	2
3	11
0	19
0	41
0	0
0	0
0	0
0	3
492	409
0	89
0	27
0	1
6	58
0	11
0	158
2	178
0	19
18	3677
0	0
19	136
0	267
2	3681
6	359
54	434
0	0
0	3751
3	140
0	185
200	1363
1	52
0	1
54	42
65	128
0	3849
0	0
0	0
0	1
0	1
0	1
0	0
1821	437
20	162
14	311
24	129
0	48
0	135
0	64
0	84
0	18
41	49
0	2086
1	361
14	281
151	276
112	220
15	1984
1	1773
0	1713
31	5266
0	5324
0	5095
366	299
6	0
30	78
31	117
0	408
0	185
0	228
0	153
0	116
6	23
3	10
0	5279
0	2129
0	0
0	1259
180	803
12	1258
9	969
0	1540
2	1388
3	1223
0	848
0	773
0	105
0	17
4	40
0	268
0	32
0	137
23	382
6	89
0	146
0	112
0	105
0	366
0	7
0	168
0	7
0	10
0	0
0	0
0	0
0	0
0	1
55	0
0	0
0	0
45	67
0	7439
12	4838
22	7387
0	6632
0	105
294	224
2	168
9	0
15	4607
0	0
5	2851
0	444
0	149
0	357
12	141
20	2357
4	2217
0	951
152	1984
0	0
666	136
21	43
0	85
0	0
0	0
0	0
0	0
0	0
0	0
0	0
0	0
0	0
3	66
0	0
0	0
0	0
0	0
0	0
0	0
0	0
0	0
0	0
0	0
0	0
0	226
0	226
113	991
178	1074
4	957
0	288
13	518
0	771
11	301
0	332
292	932
13	384
60	305
3	276
0	876
0	35
0	6
0	35
0	250
48	529
4	649
0	395
0	343
0	293
0	282
0	269
0	534
6	503
4	0
0	0
0	0
0	0
0	17
0	30
0	262
27	26
0	218
19	0
0	249
0	1
0	26
0	22
0	113
2	222
0	2
0	6
0	6
0	6
0	6
0	6
0	6
0	6
0	0
0	6
0	0
0	0
0	0
0	123
277	945
5	943
19	1
4	114
9	12
76	468
35	80
25	271
45	152
4	0
90	78
0	2737
60	2881
40	3774
0	3399
0	2871
0	3399
0	586
0	104
0	407
59	116
58	93
11	573
0	181
0	161
22	152
0	140
0	121
0	111
0	37
0	0
0	3388
13	3389
0	3393
0	2870
0	890
0	834
225	962
0	306
27	23
0	0
710	0
0	11
0	11
0	11
0	0
0	2
0	38
0	180
0	167
0	162
0	135
0	0
0	0
0	0
0	0
0	0
0	0
0	0
0	0
0	0
0	0
0	0
0	0
0	0
0	0
0	0
0	0
0	0
0	0
0	0
0	0
0	0
0	0
0	0
32	89
0	0
1	0
0	12
0	23
0	22
0	88
5	76
249	146
81	0
129	146
9	0
0	0
0	0
0	10
0	1043
0	16
0	999
5	1035
0	15
0	784
0	113
7	1055
0	1014
0	224
0	197
0	1090
0	675
0	746
0	165
0	119
0	126
0	976
0	1053
0	241
0	273
106	1203
15	55
123	1012
6	19366
0	18292
16	1073
0	6275
0	1647
0	3294
0	7937
3	8470
0	2264
0	626
40	5972
0	3524
132	3242
0	1377
32	2798
0	1103
75	1544
0	1346
3	1165
20	794
6	530
0	464
69	393
7	552
33	1034
0	80
0	105
0	12
196	16
6	28
7	38
0	69
42	140
2	47
172	67
38	2548
32	6
23	2498
2	130
5	0
0	0
0	0
0	0
0	836
0	271
0	301
4	841
2	0
0	77
0	35
0	17
0	13
0	0
0	10
0	335
0	369
0	375
0	424
0	426
0	206
0	410
6	0
0	0
0	0
0	5
0	5
918	265
29	248
8	61
0	0
9541	5
0	1161
1	1183
2	120
0	92
8	11
0	3
0	6
1	0
0	489
0	190
0	0
16	108
65	112
111	6
0	254
0	74
0	66
0	27
0	6
14	1085
13	10299
80	186
0	533
5	1244
0	10628
8	886
2	10038
11	10318
0	616
4	15
7	1897
0	389
62	85
210	3374
0	819
12	2122
37	920
7	503
0	204
16	10357
39	575
0	342
0	38
0	42
2	151
0	104
0	21
0	78
0	0
0	3
0	148
103	38
6	73
11	156
5	0
0	485
50	95
64	655
13	90
0	3
3	0
0	0
115	227
7	114
536	40
0	17
0	1
0	21
0	10
0	21
0	0
0	9
0	9
0	9
0	9
9	0
0	0
0	0
0	0
0	21
0	21
0	10
302	4074
26	3237
0	4082
0	1195
17	1085
0	1099
0	1095
9	1027
0	204
891	896
0	819
17	384
0	107
0	71
8	49
1232	0
595	0
2521	2661
0	122
15	1744
0	1104
99	2015
10	57
0	3
0	145
0	144
0	0
0	145
0	15
0	16
0	9
0	1
0	1
0	150
0	21
0	50
0	0
0	0
57	1078
0	1030
0	0
0	63
12	96
33	66
8	86
0	1391
0	1466
10	407
0	13
0	7
2	35
0	29
0	106
0	29
0	38
0	57
0	29
0	35
12	5
5	0
0	106
0	1442
131	1663
23	392
9	237
9	344
0	136
11	44
0	155
0	161
0	146
0	1772
0	39
0	24
0	15
0	24
0	37
0	46
0	14
0	20
0	31
0	52
0	27
0	10
0	28
0	0
0	1
0	1811
0	10
0	10
0	10
0	3526
12	0
0	0
0	0
0	8603
2	8606
0	8835
0	5184
36	1121
11	6051
0	6031
0	5347
1	427
28	461
2	540
0	8835
75	2464
55	2464
0	546
25	288
21	322
0	151
0	102
0	0
0	0
0	0
0	0
0	0
0	0
0	0
0	0
0	0
0	0
0	0
0	0
468	604
0	430
0	420
9	442
0	108
162	126368
846	128363
936	12400
24	16959
10	1308
18	302
20	1325
0	29899
114	2144
47	524
229	300
6068	61954
39	243
147	2576
338	31
257	46
19	45412
457	1994
195	37003
41	1796
0	1259
13	1259
0	6
0	323
88	607
0	65
0	613
0	0
397	165
0	117
0	151
123	124
0	0
0	125
13	276
11	205
35	64
109	305
0	127
8	27
5	109
0	60
0	22
0	9
0	112
2	1390
46	9
8	1407
154	1390
910	186
10	101
0	85
0	66
1	46
1	288
32	160
1	146
4	57
0	5
0	43
0	134
41	175
20	12
0	118
0	27
0	286
0	680
0	408
0	919
0	952
0	980
0	1264
0	1420
0	1355
0	1388
0	1177
0	0
0	194
0	78
0	0
20	324
0	149
0	329
0	93
85	63
0	1392
0	307
5	13
0	13
2	87
0	12
0	34
0	7
0	33
0	0
3	21
0	5
0	87
0	520
0	151
0	520
3	429
17	108
0	34
1	111
7	15
0	12
14	109
5	41
0	46
0	79
4	44
0	62
0	39
0	268
0	1429
49	1331
0	751
15	754
0	321
6	267
4	502
24	260
0	0
0	0
0	0
0	1
0	1
0	180
13	227
0	195
5	344
0	0
0	0
0	0
0	0
0	0
0	0
0	0
0	0
0	0
0	0
0	0
0	0
0	0
0	0
9	0
0	0
0	0
0	0
23	100
17	8
165	12
56	27
21	340
579	675
261	759
37	64
0	77
0	433
0	3
0	3
0	0
0	0
6	0
0	59
0	7
0	7
0	7
0	7
0	7
0	3
0	3
0	3
0	3
0	4
0	4
0	4
0	0
0	0
0	0
44	7
0	0
0	0
0	0
4	0
0	0
0	0
0	0
0	0
0	24
0	0
0	0
0	0
0	0
15	42
0	6135
12	5983
0	5991
22	1577
0	2595
0	4366
5	2332
0	1942
0	4991
1	2143
2	5759
0	1364
7	224
9	4274
0	117
0	169
0	0
0	84
0	62
0	62
0	0
0	0
0	0
0	0
0	0
0	0
0	0
0	0
0	0
0	37
28	37
0	695
8	511
5	92
0	38
0	252
6	58
0	619
0	598
0	102
36	582
12	12
0	429
0	0
0	0
0	214
0	192
0	181
0	232
0	57
0	68
0	14
0	28
0	72
0	19
0	35
47	4952
0	4728
0	4757
0	0
0	0
0	0
0	0
0	0
0	0
0	0
0	0
0	0
0	0
0	0
0	0
5663	17
3	12156
5	12603
214	2114
324	544
16	3113
0	7188
12	9000
40	294
8	2052
0	6119
0	12600
0	9363
0	15844
0	1630
1	8562
603	12727
1	9000
14	7131
46	6754
0	5955
520	5318
293	5498
0	578
0	6421
3	4498
0	5340
45	115
1	4994
1	4197
101	7168
1	5230
3	7212
0	1388
13	1409
0	7152
0	0
0	0
0	0
0	0
0	0
0	0
0	0
0	0
0	0
0	0
0	0
0	0
122	411
0	29
11	356
0	9
0	6
0	402
0	0
0	3
0	0
0	0
0	3
0	3
0	3
0	21
0	21
0	21
0	21
0	20
0	30
0	20
0	21
0	20
0	21
0	21
0	21
0	19
0	20
0	7
0	8
0	8
0	5
0	4
0	5
0	5
0	3
1	3
0	2
0	0
0	2
0	2
0	5
0	2
0	2
0	2
0	3
0	2
0	2
0	3
0	3
0	2
0	2
0	2
0	0
0	0
0	0
0	1
0	0
0	1
0	0
0	1
0	0
0	1
0	1
0	1
0	1
0	0
0	1
0	0
0	1
0	1
0	0
0	1
0	0
0	3
0	0
0	0
0	0
0	0
0	0
0	0
0	0
0	0
0	0
0	0
0	0
0	0
0	0
0	0
0	0
0	0
0	0
0	0
0	0
0	0
0	0
0	0
0	0
0	0
0	0
8	89
0	0
0	0
0	20
0	121
0	103
12	119
2	168
3	8
4	51
0	7
19	323
0	0
0	0
0	0
126	664
0	653
89	1115
0	521
0	992
12	0
0	12
0	41
0	41
0	208
0	46
0	992
0	991
0	0
0	0
0	0
0	0
0	0
0	0
0	0
0	0
0	0
0	0
2	39
0	0
0	0
0	0
0	0
0	0
0	0
0	0
0	0
0	0
0	0
0	0
0	0
0	0
0	0
0	0
0	0
0	0
151	226
11	235
6	27
15	51
3	1164
18	2289
11	2441
685	4365
19	239
1	2470
0	2833
76	2840
5	1761
5	558
50	262
83	227
0	287
0	284
14	169
12	56
0	0
0	0
0	0
0	0
0	1251
24	859
0	453
6	253
13	211
5	35
28	29
0	1238
0	1235
71	3558
0	282
45	3665
19	177
0	164
5	72
17	121
957	897
10	0
778	2388
2	16
465	1906
0	27
158	1348
0	425
2	1175
0	1350
0	288
0	404
0	42
0	5
0	84
2	51
11	166
109	367
0	40
12	99
0	357
0	178
14	40
6	3
0	53
10	65
0	54
0	47
0	3
0	19
0	6
0	0
0	0
0	0
1	158
0	18
0	24
0	38
0	43
2	0
0	11
0	39
0	6
0	33
1	1
0	26
0	36
0	0
0	1
0	12
5	0
0	0
0	26
25	0
0	0
0	0
0	36
0	0
0	4
0	0
0	0
0	0
0	0
0	0
8917	0
151	340
1	6
0	71
0	80
0	80
6	2
29	14
0	14
0	198
0	6
0	6
0	6
1	0
0	0
0	0
0	0
13	472
62	1228
30	1229
0	12
0	105
0	1
0	83
0	115
2	0
0	0
0	225
4	1715
0	45
0	36
0	401
131	2012
2	1241
0	740
1	1861
16	103
16	1655
0	420
0	959
0	2364
21	869
2	724
44	1515
1	196
10	107
5	663
32	90
85	1324
0	23
9	193
0	98
0	367
0	1864
10	5929
0	3186
0	1571
0	1588
58	69
0	1640
0	6001
19	169
0	6
5	3027
11	3344
0	0
0	0
0	5
0	5
0	0
0	0
0	0
7	116
0	21
0	117
0	0
0	55
0	66
0	94
4	164
2	1105
150	1183
0	132
0	765
33	29
0	116
0	0
7	866
4	33
7	679
70	0
0	121
0	18
0	40
1	902
5	96
0	0
0	0
0	0
18	0
0	0
20	258
0	0
0	0
0	0
0	0
0	0
0	0
0	0
0	0
414	0
0	0
0	0
0	0
0	0
0	0
1145	2560
116	2484
88	161
99	0
0	260
178	700
35	77
0	29
0	290
63	156
0	45
0	0
0	0
44	256
0	38
0	0
0	0
0	51
0	51
0	0
20	0
0	2
0	2
0	49
0	324
3	391
0	1658
3	1003
14	535
3	106
0	107
1	40
0	347
5	23
0	40
0	56
0	304
0	980
38	315
0	168
0	356
29	28
0	429
47	332
0	253
0	1658
0	0
0	268
0	1805
0	1810
82	128
2	122
14	105
0	268
0	63
0	54
0	164
0	155
0	947
0	347
12	580
4	369
5	462
8	546
0	400
0	398
0	358
1	89
0	64
0	129
0	18
17	72
0	768
7	782
454	0
0	0
343	196
69	196
3	70
0	44
0	0
0	0
0	0
0	0
0	0
0	0
0	0
433	1882
0	1281
11	68
0	7
15	122
0	6
0	6
0	6
12	46
497	238
63	132
34	25
6	15
0	280
0	265
4	294
473	224
4	232
0	0
0	0
0	0
0	0
0	0
0	0
0	0
0	0
0	0
0	0
0	0
0	0
0	0
1	731
0	91
3	45
0	45
0	639
0	797
0	84
4	678
0	637
0	3
0	33
0	39
0	29
0	84
0	81
0	18
0	18
13	123
0	0
32	1209
6	11
0	110
0	0
0	0
192	2140
19	2126
0	204
0	242
0	284
3	103
59	466
0	7
26	0
0	0
0	0
0	0
0	14
12	128
1	117
3	129
29	4
2	128
0	0
0	117
0	134
15	35
8	1117
0	114
0	1050
0	0
0	0
0	0
0	0
377	276
0	28
0	88
0	209
2	884
0	14
5	414
0	0
21	4817
0	4819
0	1067
0	3744
0	3822
0	1681
0	1665
0	2781
1465	145
2	144
0	4
0	22
38	5553
16	684
31	5683
0	2242
10	5315
923	8621
6	5182
0	12
144	594
2744	5229
379	331
13	326
9	14
0	541
126	5418
12	5142
0	2688
63	5543
0	5799
3	3711
0	1032
20	487
0	1168
1	44
0	3225
0	52
0	254
0	178
0	199
0	38
0	168
51	197
4	46
63	8
6	58
0	59
0	406
0	109
0	311
4	136
0	168
0	1
0	0
6	552
0	13
0	425
0	16
0	353
0	16
5	552
0	5
0	24
16	0
1	38
5	552
10	4467
938	4101
15	4428
29	4455
0	8386
0	8410
1	4548
21	6867
3	1305
21	154
31	1079
33	266
63	226
0	341
96	306
308	481
88	104
0	106
17	23
334	68
0	82
32	321
238	8162
19	396
79	794
0	380
32	75
0	291
0	18
0	735
4	0
149	2734
3	2432
0	1166
0	37
1	51
6	119
2	60
7	40
3106	4062
9	1073
7	136
3	1124
0	830
7	2129
0	384
0	65
0	37
0	1147
0	574
0	361
0	373
0	582
0	564
0	41
0	33
0	709
0	738
0	402
0	622
0	344
4	1013
0	433
4	1038
1	742
0	1059
0	760
0	368
0	344
0	13
10	8
0	130
0	193
0	44
0	357
2	730
0	0
0	0
0	0
83	2026
0	0
0	0
0	0
0	0
22	507
7	507
0	76
0	65
0	24
0	0
0	0
0	0
0	0
0	0
0	0
0	0
0	0
0	0
0	0
0	0
0	0
0	0
0	0
0	0
0	0
0	0
0	0
0	0
0	0
0	0
3969	1393
0	74
88	859
0	466
0	425
0	0
21	1
0	0
0	0
0	0
3	1
3	5
0	5
0	0
0	12
0	0
0	24
0	187
17	36
0	5995
84	6193
35	5989
0	5079
0	5618
42	712
3	2475
4	99
0	179
42	11
24	11
0	502
3	1772
44	1677
159	1204
126	836
4	125
0	234
88	70
0	1
0	5590
0	5040
0	34
0	27
0	0
0	48
0	156
0	169
0	153
0	27
0	25
0	8
0	26
0	11
0	62
0	30
0	1
0	0
0	160
2	291
4	291
3	166
4	0
0	34
0	1475
0	1453
0	39
7	1123
139	240
6	22
0	13
4	215
0	114
0	15
14	0
0	76
2	10
0	36
4	34
0	1
0	0
0	90
0	3
0	13
0	135
0	553
7	567
0	12
0	46
5	35
0	0
1	31
20	0
0	53
11	244
0	27
0	151
0	151
12	4
0	0
0	55
0	0
7	56
0	0
0	0
26	174
0	20
7	1
2	165
21	1051
0	0
0	0
0	0
0	0
0	0
0	0
0	0
0	0
0	0
0	0
0	0
0	0
0	0
0	0
0	0
19	2580
0	11
0	433
34	140
0	140
0	5
0	5
0	0
0	0
0	0
146	881
0	551
0	507
1	132
34	106
4	23
1317	1326
510	1326
69	1743
0	1743
752	1074
68	2481
342	2858
0	2165
132	2222
0	1236
35	1046
1	163
21	710
0	917
0	398
75	1401
4514	2061
21	1564
0	650
128	877
17	695
11	246
0	5
2	15
2	22
0	1
4	14
0	13
3	13
9	1262
0	1260
44	860
39	510
31	1212
4	1101
4	97
9	268
0	105
0	264
0	254
4	109
23	205
0	410
0	805
0	210
16	482
0	85
11	423
10	133
0	541
4	405
0	478
13	869
0	609
69	2263
71	161
66	51
10	80
305	2254
2	332
177	1070
0	281
0	281
0	21
13	8
0	8
0	8
0	0
0	0
0	0
0	0
0	0
0	16
0	16
0	0
0	0
0	1
0	0
10	15
4	0
0	0
0	16
0	0
12	21
0	21
0	15
0	0
0	0
0	0
2	32
0	2148
0	392
0	1936
0	2135
0	1960
0	534
0	688
0	428
0	375
1	28
0	309
0	2048
0	47
0	2050
0	375
0	1606
0	2215
0	185
9	507
0	377
0	782
0	457
0	394
0	526
0	417
0	2032
0	30
0	114
0	147
0	191
0	252
0	472
0	105
0	105
0	50
12	242
30	379
42	201
29	180
0	200
2	25
0	13
0	3
0	15
0	10
0	3
0	3
0	22
0	15
0	3
0	0
0	16
0	3
0	3
0	13
0	2784
1	47
0	22
0	0
5	47
1	0
2	8
0	8
0	0
0	36
0	0
0	36
2	5
0	22
0	4093
0	2096
3	717
39	53
70	659
39	438
0	128
0	4093
0	446
0	1857
0	875
0	1526
2	1407
3	204
0	184
0	104
0	251
0	244
0	315
0	308
0	116
298	166
20	588
0	536
54	454
0	918
16	1051
0	940
0	892
0	935
0	935
3	930
0	897
0	428
0	0
46	127
0	2995
24	2138
6	3123
0	1962
94	1522
39	1319
0	67
0	133
0	143
0	34
0	67
6	6
8	108
25	33
13	26
0	18
0	55
3	49
251	409
0	0
0	0
0	0
0	0
0	21
39	1151
14	1151
11	83
29	832
8	725
12	503
4	108
59	69
45	154
16	16
21	79
48	118
0	23
4	58
0	5
58	152
0	58
2	89
0	153
49	150
0	47
0	83
0	94
0	20
0	53
0	3
0	4
0	43
0	4
0	43
0	0
0	0
4	453
0	0
0	0
5	20
0	29
0	23
24	332
0	79
0	20
0	20
0	17
0	3
14	3
2197	455
27	271
60	184
20	16
197	61
1414	1271
0	1284
0	13
0	64
1	130
10	99
0	148
0	0
0	30
122	611
0	391
0	58
0	587
11	183
263	179
0	517
0	62
0	41
0	66
18	402
0	15
13	94
0	14
17	59
12	25
37	1032
45	390
0	472
0	581
0	335
1	547
0	230
0	71
0	173
70	716
0	438
0	258
0	617
0	127
0	532
12	0
58	0
52	335
48	295
11	257
4	110
28	3
44	14
0	1
148	1291
0	321
0	59
0	1
0	0
0	0
1	1250
0	14
0	14
0	3
6	14
0	7
0	3
0	0
0	0
0	0
2	14
0	0
2	0
88	4240
8	4196
0	191
2	145
0	251
0	277
3	10
0	213
0	118
64	139
3	225
149	41
141	203
0	896
0	153
9	123
4	249
26	4196
0	56
909	228
0	27
31	100
0	140
17	61
0	52
0	55
0	37
3	169
0	8
3	3
0	3
2	152
0	0
0	0
0	10
0	0
3	0
1	5
0	0
0	0
0	0
0	0
0	5
0	0
0	276
0	265
0	257
0	266
4	266
0	6
0	247
0	276
0	0
0	257
23	0
22	209
0	5535
0	7311
1	14012
0	15062
0	14461
0	14372
0	14268
0	16026
0	7125
0	3751
0	7392
29	3268
0	7381
0	3
0	3
0	7
0	12
5	7
0	7
0	12
0	3
0	0
2	1
0	0
0	1
0	0
0	1
0	0
0	0
0	0
0	1
1	4048
35	3881
20	231
43	824
49	276
7	276
2	109
4	2479
3	2498
0	68
0	2506
0	45
0	42
8	12
0	55
0	5
35	2516
0	29
16	63
0	0
0	2248
723	2161
25	157
0	2248
4	174
0	124
0	208
2	45
11	454
5	616
1	662
28	636
4	163
0	711
0	711
26	271
0	407
0	637
1037	668
0	486
0	687
8	509
0	386
0	462
13	284
2	82
0	256
0	123
0	460
0	269
0	10
0	2
70	1028
6	247
0	26
0	9
14	256
0	6
0	142
0	21
1	184
0	257
0	0
0	0
0	902
0	854
0	98
0	909
0	164
0	115
0	994
0	851
0	0
0	0
0	0
0	0
0	383
0	28
0	24
8	16
0	376
0	433
35	230
5	497
0	292
16	148
52	160
2	35
0	0
0	0
0	0
0	0
628	2254
48	2733
1	2254
0	2254
0	1943
10	1059
23	138
0	2037
17	21
2	21
0	0
0	0
7	18
0	972
0	972
31	1116
134	858
5	737
0	922
71	652
26	139
54	34
0	87
0	344
0	72
3	85
14	63
0	23
0	26
0	26
9	28
0	132
103	12260
36	11043
0	11221
10	8470
4	10938
0	10617
112	8238
0	9545
2	6047
7	10699
0	7887
0	7803
5	5381
0	4738
92	7419
0	4470
3	1827
0	1768
5	2409
0	368
53	1168
0	618
1	3639
0	224
25	294
2	233
0	83
0	7
0	0
0	13
563	353
1	191
0	96
0	313
2	196
0	8
0	23
0	169
7	67
0	48
0	1122
0	50
0	793
0	1073
0	63
0	1144
0	125
11	1122
10	120
0	1118
0	1084
2	64
3	0
0	101
0	5
0	88
4	914
0	0
0	0
0	0
0	0
0	0
18	1575
176	1088
0	1455
9	1131
3	649
17	648
0	934
6	1097
8	69
0	348
0	212
0	161
21	593
0	2
0	2
1241	2292
0	20
10	507
0	547
9	1453
12	0
20	507
0	4
46	598
24	40
7	0
0	315
0	0
1	4
10	57
2	2305
3	2063
0	1756
111	2083
26	2301
0	667
0	161
0	107
0	93
16	135
0	306
0	319
1	319
0	325
155	150
3	112
0	142
6	2067
0	425
0	422
0	0
0	23
0	4
1	0
0	3
0	0
0	0
8	22
1952	375
111	82
0	260
0	0
0	5
0	0
99	2180
50	1783
40	1885
0	319
2	261
0	92
6	91
0	73
12	121
40	20
29	20
1	2114
0	0
0	0
1	717
0	0
0	0
0	0
0	0
0	0
0	0
0	0
0	0
0	0
0	0
0	0
0	0
0	0
0	0
0	0
419	0
363	5764
2	1232
14	1623
0	231
0	5914
0	222
3	328
69	127
0	321
6	74
39	38
96	49
0	471
4	980
19	497
0	160
0	388
38	224
9	208
443	202
0	57
0	5870
7	619
83	663
0	321
0	38
0	0
0	4
0	49
31	645
43	719
6	545
0	135
0	31
7	63
0	1
0	38
4152	229
0	42
0	106
0	49
22	14
0	11
0	96
0	0
0	0
0	0
0	0
0	0
0	0
0	0
0	0
0	0
0	0
0	0
7	1109
0	2305
149	2512
0	16068
0	16026
751	14764
0	16388
0	12726
58	11463
0	155
6	3945
0	4769
0	14505
2	130
0	0
0	0
0	0
4	0
0	8
0	8
0	0
0	0
26	1
0	1
1221	1638
30	1518
36	533
0	381
25	276
5	275
0	0
0	0
0	5762
31	11
22	3084
99	6001
0	51
31	3539
55	1624
0	0
451	5327
16	5177
30	5846
941	2267
0	5796
5	636
122	198
22	876
0	9
0	9
9	9
0	8
0	1
0	0
0	118
0	26
1	126
6	158
0	122
3	33
7	229
0	94
0	315
0	17
81	1009
0	6
1	592
0	20
0	40
0	466
11	136
0	43
0	1004
6	628
0	64
14	707
0	697
0	450
1	496
0	90
0	95
0	652
0	548
19	493
0	68
0	84
2	472
0	432
214	399
1	399
10	416
61	38
0	33
0	16
0	10
0	0
0	0
0	0
0	0
0	0
0	0
0	0
0	0
0	0
0	5
0	0
0	5
0	5
0	5
0	0
0	5
0	0
0	0
0	5
0	0
0	5
0	0
0	0
0	0
9	0
0	5
0	5
0	34
0	34
19	113
0	0
4	1
0	1
3	42
40	10515
0	447
1	9245
1	557
0	220
5	513
8	7786
5	547
0	401
1	232
6	130
0	11
3	118
0	1
564	2977
269	1560
3	720
0	0
0	20
0	20
0	0
0	0
0	0
2	116
0	0
0	0
0	0
0	0
0	0
0	0
0	0
0	0
0	0
0	0
148	1871
1450	2037
0	0
0	0
0	0
0	0
13	1431
0	2145
3	1767
0	1176
4	1926
0	0
0	0
0	0
0	0
0	0
0	0
0	0
0	0
0	0
0	0
0	0
0	0
0	0
0	0
8	2337
0	1105
21	187
2	1243
75	2440
1	1213
0	204
0	950
0	51
0	194
0	168
17	122
33	82
17	69
0	0
0	0
0	0
0	0
0	0
0	0
0	0
10	324
0	320
0	4
2	2
0	27
0	55
82	193
0	49
0	0
0	0
0	0
0	0
0	301
8	446
206	2012
49	2012
23	498
0	239
0	0
0	0
0	31
0	0
0	0
319	85
4	63
5	28
0	23
0	23
0	23
0	23
0	4
0	4
0	4
0	4
0	4
0	4
0	4
0	4
0	4
0	4
0	4
0	0
0	4
0	4
0	4
0	4
0	0
0	4
0	4
0	4
0	4
0	4
0	4
0	4
0	4
0	4
0	4
0	4
0	4
0	4
0	4
0	4
0	4
0	4
0	4
0	0
0	4
0	4
0	4
0	4
0	0
0	4
0	4
0	4
0	4
0	4
0	4
0	4
0	4
0	0
0	4
0	0
0	4
0	4
0	4
0	4
0	4
0	4
0	4
0	4
0	4
0	4
0	4
0	0
0	4
0	0
0	0
0	0
0	0
0	0
0	0
0	0
0	0
0	4
0	0
0	0
0	4
0	4
0	0
0	0
0	0
0	0
0	0
0	0
3	0
0	0
0	0
0	4
0	4
0	36
0	36
0	0
0	0
0	0
0	27
963	760
0	232
3	121
4	341
10	168
0	36
858	909
35	721
0	479
9	120
0	7021
0	7065
89	3817
15	1172
0	48
0	89
0	152
0	1442
0	106
0	47
0	6811
0	6917
0	6767
0	273
0	156
0	41
3	311
0	318
1	14
33	154
3	5
2	26
3	0
3	1805
7	2264
214	0
0	276
0	485
0	999
3	219
5	241
0	787
0	0
12	0
3	739
5	17
0	8
0	12
2	23
0	23
0	23
0	22
0	20
0	17
0	17
0	0
10	0
0	0
0	0
0	0
0	232
17	56
155	595
20	0
0	0
36	246
5	236
11	313
21	6
0	221
9	249
559	2011
0	379
63	46
0	435
0	28
3	137
0	25
0	24
25	18
0	0
377	141
2	78
6	68
0	63
260	93
2	47
1	101
14	71
0	140
0	194
0	189
0	130
0	71
0	5
0	41
5	3
0	102
0	99
0	43
0	25
0	28
0	28
0	10
0	0
0	2
0	0
4	57
0	43
0	28
0	31
0	31
0	28
0	3
0	0
0	3
0	0
0	3
0	3
0	0
0	0
0	0
7	27
0	15
1	271
0	55
0	66
26	89
10	0
0	4
7	33
0	14
0	18
0	0
0	0
0	0
0	33
0	0
3	108
0	18
0	4
0	0
0	0
0	0
0	3
0	3
0	0
0	0
0	89
0	258
0	136
0	37
4	2
0	256
0	131
0	0
0	0
0	0
0	0
0	0
0	0
0	0
0	0
0	136
0	145
0	136
4	159
0	0
0	3
0	136
0	15
0	0
0	0
0	0
0	142
0	14
0	13
0	94
0	0
0	12
0	18
0	0
0	9
1	6
3	41
2	49
0	256
11	14
15	40
0	6
0	0
0	0
0	0
0	2
0	12
0	12
0	12
0	12
0	12
17	98
0	653
0	1004
0	1013
0	41
0	29
0	62
10	431
6	402
0	315
0	90
8	90
0	190
10	89
2	14
0	426
123	4917
349	5890
0	18661
157	29500
0	3739
0	12011
393	9998
0	12404
0	9457
0	2798
0	0
259	3367
151	2321
6	1247
15	788
5	806
0	0
0	0
0	47
0	56
114	516
0	512
0	999
3	6
0	932
0	1084
0	1073
0	992
4	646
0	709
0	917
0	814
0	728
0	51
0	843
0	820
0	995
0	43
0	54
0	621
0	4
0	48
0	677
0	25
1	420
19	355
0	426
7	847
458	510
0	235
0	311
0	234
3	102
0	66
0	58
8	11
12	2712
0	125
29	439
0	505
2	721
0	1595
129	885
8	6528
1	3663
1	4938
43	1814
0	4164
5	5011
70	2795
2	5085
0	4676
0	3792
0	2136
0	965
0	634
0	767
20	68
0	0
0	0
0	0
0	0
0	0
0	0
0	21
0	0
0	0
0	0
0	0
0	57
5	57
0	12
0	12
0	0
2	21
0	14
4	1659
15	650
0	52
3	1431
65	1666
0	17
0	0
0	216
0	7
18	34
0	335
15	85
5	243
0	244
0	52
0	122
51	3
0	101
30	115
7	41
0	18
39	3
0	1326
141	603
3	592
1	445
0	53
1059	384
2	3696
22	3734
7	116
2	3006
0	371
0	921
0	144
0	0
0	0
0	0
0	0
0	0
0	0
0	0
0	0
0	0
0	0
0	0
4	0
0	0
0	0
0	0
0	0
0	0
0	0
0	0
0	0
0	0
0	0
0	0
0	0
0	0
0	0
0	0
0	0
0	0
9	37
1288	120
4	118
58	3644
38	99
26	3676
7	8
0	3945
38	3964
36	3284
129	134
93	425
39	613
20	1018
0	739
43	485
49	1009
3018	1783
0	784
0	911
0	1896
3	115
0	43
0	184
0	115
6	1
0	275
0	23
0	0
0	0
145	973
0	837
69	787
18	766
0	147
13	260
266	916
79	653
0	23
0	841
0	763
7	450
7	473
0	340
17	227
0	62
3	120
0	29
0	35
0	5
0	889
1926	264
0	58
0	193
0	37
0	210
1	679
21	97
0	79
0	144
0	80
0	166
0	0
4	22
0	627
0	625
7	86
0	1857
0	338
0	345
0	48
0	35
0	81
3	76
0	102
1	51
1	46
0	23
0	0
0	0
0	0
0	2
0	0
2	0
0	0
0	0
0	0
0	0
0	0
0	0
3	34
0	12
0	0
0	2
7	2
0	34
0	0
0	0
0	0
0	0
0	0
0	0
0	0
0	0
6	353
0	4
0	75
0	20
0	339
51	30
0	30
12	18
0	16
0	4
0	20
0	20
0	0
0	185
86	198
0	185
9	184
0	188
9	188
0	133
0	4
0	67
0	23
0	0
0	0
0	0
0	0
0	0
0	0
0	0
0	0
1	1
0	0
0	0
14	1443
0	1096
8	113
0	222
3	793
3	306
0	177
26	293
0	137
14	348
1	1508
1	139
0	1123
0	115
0	327
0	70
5	228
0	145
0	873
0	292
5	201
23	152
25	19
35	679
37	117
0	113
0	2588
10	2584
1	344
0	16
0	27
0	858
9	40
0	64
51	22
18	35
20	5
0	41
0	315
0	253
29	455
0	410
0	468
0	52
1	455
39	1
5	538
0	334
0	43
13	23
28	37
38	74
0	44
0	108
0	215
0	11
24	73
0	6
0	329
1	17
0	25
0	105
0	45
0	25
0	70
0	88
0	0
0	0
0	355
0	35
0	73
0	40
0	35
10	433
0	35
0	13
0	68
0	433
0	433
0	433
0	433
0	433
16	611
0	195
1	16
0	34
0	22
0	4
0	1
0	1
0	3
0	623
0	74
0	45
20	854
0	289
0	42
0	60
0	24
0	14
0	6
0	21
0	5
0	0
1	851
0	0
0	0
0	0
0	0
0	0
0	0
0	0
44	1573
0	679
0	1988
0	1862
60	2026
3	2932
7	785
263	1923
0	2986
6	1735
7	584
11	56
4	447
5	666
0	0
5	0
1	354
0	255
0	245
0	245
0	245
0	245
21	245
0	22
0	12
0	1
0	245
0	255
0	245
0	2
0	2
0	0
0	0
0	0
0	3365
108	3358
4	5706
0	503
15	45
12	28
19	2296
2	20
59	238
71	120
26	85
15	105
0	5
0	1116
12	103
6	21
0	59
26	5755
0	5516
1	184
12	962
0	1072
1	762
0	17
5	58
4	2
0	32
0	11
0	45
0	147
0	50
0	89
0	0
20	558
0	146
0	0
0	0
0	0
0	0
0	159
259	159
5	123
0	105
0	858
0	601
0	83
0	695
0	671
0	679
0	744
0	743
0	760
0	630
0	729
0	727
0	735
0	602
0	493
0	576
0	558
0	425
0	413
0	17
0	38
0	154
0	38
0	1
0	159
0	48
10	216
3	46
0	64
0	42
0	830
978	1240
0	83
18	101
0	9
6	5
0	12
0	4
99	279
0	236
0	277
0	23
0	23
0	0
2	976
0	817
0	928
0	647
13	589
0	87
2	250
0	313
1	35
0	194
0	1394
395	1662
0	66
25	157
0	240
4	261
21	48
10	22
7	10
6	765
49	1047
0	0
0	15
0	0
0	0
47	191
0	159
0	191
0	0
23	1442
0	1677
0	1809
0	1697
281	443
0	190
0	1677
10	1725
0	1713
0	1251
0	1697
0	1377
17	115
12	186
0	482
10	130
0	188
0	48
2	265
9	149
0	142
0	178
0	472
3	91
0	214
5	196
14	212
17	76
1	13
47	588
0	5
0	5
0	0
0	5
0	5
3	0
0	0
0	0
0	0
0	0
0	0
0	0
0	0
0	0
0	383
1493	0
0	0
0	0
0	0
0	0
0	0
0	0
0	0
0	0
0	0
5	96
0	0
3	0
0	0
0	0
0	0
6	0
0	0
0	0
0	0
0	0
0	0
0	0
0	0
0	0
0	0
0	0
13	103
0	7
0	102
0	0
0	0
0	0
0	0
0	0
0	0
0	0
0	0
0	0
0	0
0	0
0	0
0	0
0	0
0	0
0	0
169	56
0	0
0	0
0	0
137	1058
0	906
0	152
2	21
0	111
0	65
0	0
0	0
0	0
0	0
0	0
0	0
0	1323
6	1538
96	1376
0	104
39	228
65	352
0	201
0	160
0	91
6	104
0	47
63	95
1	0
1286	60
0	0
0	0
1653	0
0	3891
0	0
0	3
0	6
0	0
0	55
0	1
0	0
47	0
0	0
0	1
0	0
0	58
0	55
0	0
0	1
9	1744
7	1520
0	334
0	142
0	318
6	219
10	0
69	109
0	233
28	183
0	0
0	0
0	0
1	5
0	0
0	5
0	6
0	0
0	0
0	79
0	6
68	162
0	135
12	112
0	1
0	1
0	1
0	56
0	1
0	1
0	1
0	0
0	0
0	0
0	0
0	0
0	0
0	260
0	0
0	131
0	286
34	164
7	121
0	304
0	3
3	0
93	251
0	13
0	7
0	7
0	7
0	7
0	7
0	0
0	0
0	0
0	0
0	0
0	0
0	3
0	0
0	0
0	0
0	0
0	0
0	0
0	0
0	3
0	3
0	3
0	3
0	3
0	3
0	0
0	72
0	13
0	13
0	10
0	6
0	68
0	80
0	72
0	88
0	80
0	66
0	8
0	15
0	1
0	12
0	6
0	1
0	10
0	10
0	4
0	5
0	0
0	9
0	55
0	0
0	0
6	6
0	37
0	41
0	12
0	51
0	282
0	0
12	24
0	0
0	0
0	0
0	0
0	0
0	0
0	18
2	617
25	719
1	497
0	66
0	41
0	464
0	52
11	60
0	23
0	668
0	37
7	25
0	5
0	5
0	1
0	55
0	133
0	0
0	56
4	55
0	46
0	81
7	87
11	15
0	20
0	1
0	11
0	1
0	0
3	0
82	0
0	708
0	0
0	0
121	465
0	469
21	469
0	17
20	0
0	21
0	219
0	42
4	353
103	423
0	271
19	73
36	129
0	1
0	0
0	0
0	2
4	2
0	2
0	0
0	0
0	0
0	0
0	0
0	0
0	0
0	2
0	0
144	810
2	2116
0	638
0	2116
0	1375
28	1323
30	1424
15	2040
0	1640
0	0
0	0
0	0
0	0
0	0
0	0
0	0
0	0
0	0
0	0
0	0
0	0
0	1405
0	1323
0	0
0	0
0	0
0	0
28	0
9	790
39	843
0	392
15	77
3	23
0	39
4	43
0	28
0	0
0	0
0	0
0	0
0	0
0	0
0	0
0	0
2	520
0	0
0	0
0	0
0	520
11	0
0	0
0	20
0	520
12	0
0	0
0	0
0	0
0	0
0	0
0	0
0	0
7	0
0	0
0	520
4	49
2	343
1	19
6	121
576	58
0	0
0	18
0	311
0	276
0	285
0	251
0	11
0	2438
21	31
306	570
0	25
0	3
6	275
40	252
0	114
5	70
0	248
10	243
0	34
8	29
7	130
13	67
0	48
23	139
5	98
0	65
0	0
0	0
0	0
0	0
0	0
6	0
2	102
1	308
0	73
0	23
10	58
0	16
0	32
0	0
0	0
0	0
8	68
0	14
0	0
0	19
0	73
0	71
0	30
0	479
326	1480
19	62
0	12
23	759
1	108
0	276
0	80
0	28
14	43
0	66
0	5
0	5
0	5
0	0
0	0
0	0
0	0
0	0
0	0
0	0
0	0
0	0
0	0
0	0
0	0
0	0
0	0
0	0
0	0
0	0
0	0
0	0
0	0
1	71
0	0
0	0
0	0
0	0
0	4182
99	1940
0	279
25	192
7	115
0	398
0	54
5	4
0	4062
156	128
0	128
10	125
0	2509
11	101
5	13
1	131
3	504
22	16
10	516
0	476
0	1
0	75
0	24
0	53
0	50
0	42
7	19
0	26
0	2510
0	0
0	0
0	0
0	0
0	0
0	0
0	0
324	69
0	911
0	957
28	892
12	832
275	560
1	68
86	53
33	126
0	126
15	0
1	180
0	242
0	236
0	200
0	75
0	6
0	242
3	585
201	1403
8	1081
0	248
5	1456
23	1335
0	447
0	174
48	4075
1465	4109
5	1718
4	933
5	788
17	2680
178	2680
42	3
0	674
2	16
0	0
0	0
0	4
0	4
0	0
0	262
0	262
0	262
0	0
0	0
0	262
4	359
573	5111
3	208
0	127
0	125
0	242
3	1019
34	2330
19	2342
0	2997
0	96
0	127
0	281
0	382
4	96
60	34
107	594
7	239
11	270
21	279
0	267
0	91
0	89
0	37
0	59
0	72
3	54
0	15
0	24
27	0
0	1
0	1
0	0
0	0
0	0
0	0
0	1
0	0
0	0
0	0
0	0
0	0
0	0
0	0
0	0
0	0
0	0
0	0
3	129
8	119
4	197
0	590
0	176
0	1017
2	371
0	771
0	990
0	131
0	271
8	293
0	1017
0	0
0	0
0	139
28	5056
15	2187
2	5210
0	5551
0	12
3	2700
55	404
2	1338
0	538
1	457
187	352
267	136
0	334
44	646
0	0
76	14
0	0
0	0
13	0
0	0
0	0
0	0
5103	842
0	197
0	96
8	73
19	191
3	177
32	250
10	21
1	7
0	72
0	37
0	2
0	17
0	785
0	135
44	99
0	0
0	27
0	0
5	29
0	259
0	1
0	1
0	1
0	0
0	0
0	0
0	0
0	0
4	0
10	439
3	373
22	170
0	279
0	57
0	196
0	76
0	180
0	117
0	76
0	29
12	21
0	2
0	0
8	3137
0	2784
20	0
0	27
0	5405
175	6880
3	4680
0	5319
0	1573
0	5791
5	2888
0	2066
0	6723
0	2798
55	6723
0	6408
0	6000
236	2168
2	2109
0	536
19	1732
0	5446
0	1611
0	6
0	6
0	6
0	0
0	0
0	0
0	0
636	2575
26	363
0	1801
0	2310
22	195
1	224
0	218
0	364
0	1116
0	1658
0	1766
0	77
0	274
0	183
0	321
0	3
4	513
9	53
5	680
2	27
6	73
0	15
0	83
0	246
0	201
5	0
0	239
54	1
491	1659
0	2418
0	2888
0	4106
0	4075
0	1613
35	1655
0	3117
0	2416
7	2546
0	4025
0	4025
16	1449
0	1829
0	1916
83	1931
29	63
0	272
5	23
0	96
21	197
0	21
0	172
0	68
0	141
2	28
0	16
0	0
0	25
0	0
0	4
0	4
0	4
0	4
0	4
0	4
0	4
0	0
0	0
0	0
0	0
0	0
0	0
0	0
0	0
0	4075
0	0
0	141
0	525
0	1072
5	914
0	879
13	594
16	198
0	239
0	239
5	8
0	531
0	244
5	822
8	69
0	879
0	882
0	879
0	879
6	880
2	0
4	0
0	2
0	0
0	120
0	17
80	760
24	775
6	676
1	413
0	31
0	670
0	0
0	26
19	80
12	221
0	64
131	618
17	496
250	968
98	1481
7	1844
169	4237
6	3859
17	1119
88	419
15	74
213	203
0	591
0	90
0	171
12	27
15	178
12	123
0	177
0	2
0	30
36	41
0	189
0	913
58	526
4	743
23	1091
0	580
10	219
0	675
0	608
8	33
19	5
5	68
4	159
0	94
0	39
0	33
0	41
34	45
0	32
0	21
0	0
8	112
462	824
0	595
0	333
0	111
2	26
221	131
0	91
10	52
45	34
19	72
6	144
11	130
528	72
0	0
0	0
0	0
0	0
0	0
0	0
0	0
0	0
0	2
3	3164
18	855
290	841
1	886
14	457
0	690
559	1863
1	864
8	1763
0	857
0	3164
0	470
163	129
87	455
3	1084
129	520
0	890
43	463
37	15
0	0
0	2
0	2
2	2
0	0
0	0
0	0
0	0
0	362
0	970
3	85
0	406
0	863
0	105
5	62
0	0
0	87
0	107
0	192
0	136
0	168
0	6
0	177
0	145
0	164
0	152
0	116
0	147
0	126
0	148
0	146
0	156
0	84
0	65
0	118
0	0
0	67
0	149
0	199
0	102
0	58
0	91
0	43
0	22
0	39
504	6986
85	2006
0	3509
5	2835
0	1375
11	745
4	2482
0	1681
0	14
0	1357
28	1777
83	484
0	6481
0	6452
65	1373
0	1113
0	3583
36	3533
4	2522
0	1380
22	60
0	140
70	71
0	1049
0	58
0	59
0	14
620	756
12	29
0	59
0	87
0	0
0	123
6	74
2	0
0	99
0	132
10	145
0	46
0	114
0	64
0	105
0	43
0	103
0	37
0	43
0	0
0	0
0	0
0	0
0	0
0	0
0	0
0	0
0	0
0	0
0	0
0	0
0	0
0	0
0	0
0	483
0	399
0	141
815	15
14	14
1	1
0	942
31	112
0	185
0	19
0	1043
0	504
0	50
0	22
5	85
0	20
0	97
2	659
2	272
90	1348
4	402
0	36
1	12
0	24
0	12
1	1537
0	0
572	756
7	6
9	756
50	1117
3	996
0	905
1	144
0	122
44	242
5	3
0	3
7	414
0	0
0	0
385	697
0	117
31	354
0	20
0	8
17	0
24	520
5	520
4	21
9	0
0	8
0	9
0	9
0	9
14	0
0	0
0	0
2	313
333	434
0	51
10	228
0	8
0	224
0	0
0	0
0	0
0	0
0	0
0	0
0	0
0	0
0	0
0	0
0	0
0	0
0	0
0	106
0	0
0	0
0	1
0	1
28	510
0	37
17	180
0	12
0	10
0	0
0	13
1972	445
16	421
0	7
0	0
1426	0
0	0
0	0
22	280
0	0
0	0
0	126
0	0
0	0
0	126
0	0
0	0
0	0
26	170
0	0
0	0
0	0
0	0
11	368
0	161
0	5
0	0
0	5
0	5
0	7
0	0
0	5
0	0
0	2
0	0
0	0
0	11
0	11
0	11
0	0
0	0
0	0
0	0
0	1
0	11
0	59
0	5
0	40
0	17
0	0
0	0
0	0
0	0
0	0
0	0
8	89
0	284
0	322
0	57
8	42
0	23
51	165
0	9
0	3
0	234
0	161
0	24
0	13
8	8
0	186
0	65
0	0
0	0
0	0
0	0
0	8
0	100
0	100
0	7
0	0
0	85
9	73
0	86
116	2201
0	267
2	1910
10	63
9	115
18	385
45	1448
0	251
40	37
0	2201
0	0
0	0
9	0
0	0
0	0
2	400
130	1276
237	6311
0	6307
0	571
0	289
33	5739
4	883
5	273
82	1257
149	4079
9	324
0	536
0	1748
6	96
0	0
655	482
653	326
458	244
6	26
0	32
0	6
0	5
0	1
0	17
0	17
6	4
3	22
3	4
0	32
0	0
0	0
0	0
881	526
120	110
9	416
0	0
9	13831
8	295
0	374
95	615
0	0
0	0
0	0
147	13610
0	10995
0	6288
0	11184
1	8873
0	187
0	185
0	33
0	172
0	176
0	161
0	20
0	372
0	46
0	79
0	1
0	1
0	11
0	0
0	0
0	0
0	0
0	0
0	0
0	0
0	0
0	0
0	0
0	0
0	0
0	0
1326	1242
13	952
19	246
11	603
2	1089
0	703
0	1065
0	1130
12	1240
0	257
0	1245
0	1060
0	1120
0	1086
362	1097
0	213
0	739
0	806
0	759
0	715
0	628
0	723
0	644
0	100
0	585
0	607
40	367
37	509
10	103
0	201
4	142
0	53
3	13
8	2
0	0
6	2
0	113
1121	632
12	1
0	45
0	390
0	332
27	372
143	0
0	47
0	168
0	10
0	24
0	49
0	29
0	0
0	48
5	598
0	51
0	535
0	66
5	403
0	80
45	298
0	133
25	238
2	153
0	28
0	140
0	64
0	60
0	4
2	0
0	0
0	6
0	0
0	0
0	0
0	0
0	0
0	0
0	0
0	0
0	0
0	0
0	0
0	0
0	6
60	0
9	42
9	0
0	0
0	2
0	2
0	0
0	0
0	0
0	0
0	0
0	0
0	0
0	0
0	209
0	209
0	0
0	2
0	0
265	647
11	514
8	244
10	159
0	209
0	206
0	0
11	178
25	0
111	234
2587	998
31	718
11	605
33	69
0	12
2	183
0	12
0	0
0	0
0	12
4	4
0	12
9	12
0	12
0	0
0	0
0	0
0	0
0	3
0	3332
0	1951
126	2188
0	2656
1	272
0	537
0	3181
1	322
4	3236
0	16
0	16
0	5
0	5
1	16
42	1892
20	2017
0	392
99	439
0	76
0	96
0	88
5	11
3	0
11	63
0	806
1247	2174
27	975
0	13
0	1563
47	1545
7	353
0	691
3	546
4	474
0	121
4	438
0	505
2	459
0	5
0	4
0	137
0	12
0	24
0	126
0	132
0	119
0	122
0	109
0	75
0	130
0	22
0	45
0	105
0	91
1	55
0	36
0	82
0	11
0	24
0	95
0	28
0	7
0	53
0	45
0	32
0	19
0	15
0	31
0	23
0	877
0	1225
0	1063
4	1172
0	1316
0	1124
0	1210
0	1230
0	1084
0	1209
0	1170
3	1247
0	1010
0	1336
0	1181
0	1245
0	1275
0	1113
0	926
0	1290
7	1152
0	1214
0	1069
0	1008
0	1239
15	1041
0	1183
17	141
0	1183
0	1213
0	943
3	2
0	16
0	124
727	1192
0	33
19	149
23	133
0	44
0	77
0	599
1	30
0	139
7	42
0	142
0	0
0	0
0	0
0	0
50	31
0	0
0	0
0	51
0	0
0	2048
0	2757
19	2756
2	3057
19	22
6	91
32	39
0	3058
0	219
4	289
0	305
0	139
79	189
59	138
12	87
0	33
0	70
28	141
0	6
159	39
149	1310
3	50
0	94
2	1291
6	38
0	28
17	6
0	23
0	161
0	1091
0	11
4	78
13	39
125	55
7	37
0	55
0	181
128	149
8	28
0	1145
0	3
0	3
0	3
0	0
0	0
0	0
0	0
0	114
41	121
0	140
0	51
0	132
0	103
0	30
0	21
0	97
0	0
0	91
0	99
0	4
0	39
0	0
0	0
0	70
0	45
0	5
0	0
0	91
0	99
0	20
12	63
0	36
0	11
0	20
0	0
0	0
0	0
6	792
23	512
7	675
0	482
0	495
59	83
0	73
0	56
0	64
0	39
33	105
0	105
0	147
0	154
0	25
0	25
0	23
0	12
5	141
0	2
0	154
0	1005
0	945
0	939
0	940
0	937
0	907
3	989
0	937
0	643
0	264
1	250
0	67
0	314
0	86
2	361
0	279
36	280
3	18
4	16
0	73
0	55
3	0
0	52
2	108
0	71
3	24
11	39
192	165
0	165
1	37
0	36
20	155
0	0
0	16
0	0
0	0
0	0
0	0
0	1423
0	983
0	1004
14	0
0	0
0	0
0	1
11	127
0	0
0	0
0	0
0	0
0	0
0	0
0	0
0	0
4	711
8	1074
0	1311
12	985
0	1027
2	1239
51	1408
27	552
68	878
3	221
102	192
389	294
1	145
199	214
1	554
1	724
0	447
0	272
0	290
0	158
0	300
0	216
0	228
0	293
0	291
0	139
0	201
0	211
0	235
1	254
0	298
0	270
0	290
0	231
0	215
0	197
0	268
0	214
0	133
0	192
0	206
0	287
0	255
6	233
0	246
0	113
0	82
0	217
0	142
4	137
0	217
0	136
0	190
44	19
4	126
0	76
0	72
12	134
0	89
0	76
1	119
0	88
0	109
0	20
48	0
0	4
0	0
0	142
0	0
1	17
0	0
0	0
0	0
0	0
0	0
529	0
1458	148
3	109
0	87
0	21
0	0
0	4
0	69
0	69
0	0
0	0
0	0
0	0
0	0
0	0
0	0
0	0
0	0
0	0
0	0
0	0
0	0
0	0
0	0
0	0
0	0
0	0
0	0
0	0
0	0
0	0
0	0
0	0
0	0
0	0
0	0
0	8
0	0
8	1215
0	2264
0	1272
2	1482
9	716
0	1262
22	2131
67	326
0	1256
0	741
24	1260
8	0
30	307
7	894
0	30
0	30
0	24
0	18
0	18
0	14
0	0
0	0
0	0
0	14
0	14
0	0
0	0
0	0
0	0
0	0
0	0
0	0
0	0
0	0
0	0
0	0
0	0
0	0
0	0
0	0
0	30
14	226
13	1348
0	1477
0	1131
0	0
11	377
0	379
2	42
0	379
12	122
26	111
60	16
2	41
0	67
0	114
0	0
23	6
0	55
1	846
0	18
0	0
0	0
0	0
9	38
0	24
0	7
0	24
0	0
0	0
0	9
0	9
0	3
0	0
0	0
0	17
0	17
0	0
0	0
0	0
0	0
0	160
0	0
0	0
0	29
0	30
11	6536
0	6625
7	1661
390	2422
3	3114
82	137
0	3149
113	15
4	1010
36	663
15	447
0	1084
15	642
39	352
10	89
4	78
0	64
11	69
0	73
0	175
8	199
0	176
0	262
0	75
0	173
0	231
0	234
0	120
0	117
8	8
0	10
0	104
0	127
0	193
0	10
0	58
0	26
0	0
0	20
1	0
0	118
0	4
0	1
0	1
0	28
0	15
0	11
0	8
0	8
0	265
0	209
25	229
0	58
0	79
0	25
0	25
9	1
0	55
0	0
620	280
0	11
8	260
0	2
0	17
0	260
0	147
23	0
0	3
0	0
0	75
0	124
0	127
0	116
0	18
0	131
406	16
5	0
0	18
126	2926
3	15
0	0
0	0
11	15
9	15
7	13
27	2159
1158	3589
20	435
8	714
0	310
0	269
0	1816
8	285
1	83
5	1722
0	188
0	2120
8	106
0	173
0	415
16	128
20	471
0	520
0	256
0	0
0	3
0	0
0	61
22	53
0	257
0	49
5	177
0	18
0	59
0	59
0	64
0	248
0	238
5	120
0	4
0	12
0	11
0	12
0	12
0	0
0	11
10	0
0	1
0	1
0	1
0	2777
1	2644
0	138
13	55
0	74
0	8
0	221
0	10
0	87
13	2627
0	1150
37	2549
0	3699
245	1797
19	1856
54	3193
2	28
0	148
3	297
24	165
37	216
2	81
87	26
0	187
60	173
4	3699
179	639
6	57
11	145
0	649
0	24
0	30
0	127
0	19
6	39
0	21
0	0
43	0
19	277
5148	3298
0	3013
35	1410
13	149
0	182
0	189
0	271
3	187
0	293
13	297
0	65
3	189
6	200
6	66
0	193
0	1
0	14
0	16
0	14
0	16
0	0
0	0
0	0
0	0
0	0
0	0
0	0
0	0
0	14
0	0
0	20
0	6
0	20
58	1413
340	3278
52	2431
92	2554
179	3732
0	0
0	0
0	11
0	11
0	18
0	0
0	18
0	18
0	18
0	67
0	67
0	74
0	77
0	18
0	3
0	3
11	151
0	0
0	15
0	41
0	59
0	23
0	14
3	14
1	53
0	65
33	873
5	853
15	5
0	8
0	5
0	28
0	19
1	0
6	64
16	11
0	864
0	0
0	0
0	1688
33	1644
0	0
563	157
0	151
0	0
6	0
0	24
9	15
0	31
0	24
0	22
0	361
0	361
0	0
0	0
0	217
0	0
0	45
0	930
3	176
0	106
0	1050
0	356
0	722
5	61
0	1328
0	118
0	764
0	73
0	207
30	1128
12	260
11	971
100	996
0	62
1	168
0	350
0	172
3	75
22	84
0	102
58	546
0	96
0	102
0	930
0	319
0	321
0	92
0	139
0	345
0	281
0	59
0	11
2666	1588
3	1519
9	94
0	112
1	2265
0	117
0	310
68	852
2	61
254	1304
0	2126
0	311
39	507
30	507
7	43
9	77
0	57
0	658
0	209
0	392
1	511
3	286
26	408
0	581
0	537
0	478
1	232
0	165
0	329
59	337
0	46
0	0
0	29
9	8
8	72
0	80
0	73
0	58
0	48
0	28
0	27
0	222
0	590
42	807
0	626
123	699
0	747
10	685
1	8
0	195
13	160
0	190
0	190
0	0
0	22
0	0
0	16
2	41
0	0
7	485
146	479
0	538
0	0
0	0
7	136
6	27
0	0
0	68
0	0
0	0
7	604
0	0
0	0
0	15
0	75
0	24
0	1218
2	94
0	64
0	36
0	29
0	116
0	341
19	0
29	565
0	0
0	0
0	0
0	0
0	0
0	0
0	0
0	0
0	0
0	0
0	0
5	3
76	656
1	19
0	33
0	247
0	22
0	635
0	63
0	27
1	22
64	180
12	42
0	63
274	877
1	166
34	112
7	540
0	60
0	145
7	42
0	81
26	52
0	7
16	82
0	82
0	76
38	56
35	125
432	175
4	16
0	170
0	257
0	297
0	251
0	38
0	41
0	22
0	70
0	261
0	285
0	221
0	0
0	0
0	0
3	0
0	0
1	97
15	94
13	806
62	806
1497	0
219	200
8	224
0	57
0	0
0	0
0	0
0	0
0	0
0	4
0	0
0	0
0	0
0	0
0	0
0	0
0	0
0	0
0	0
0	4
0	4
10	0
2718	901
0	218
3	836
77	30430
286	16376
36	14885
11	10350
22	6854
52	13782
23	1869
0	12120
6	13524
0	1533
28	1272
5	59
6	1404
14	13822
0	1907
0	107
1058	91
0	0
536	265
37	101
14	0
0	0
0	0
0	0
0	0
113	305
0	0
0	0
13	42
0	8
0	0
0	1
0	4
7	30
0	8
0	24
11	479
248	13052
7	5980
3	5104
67	187
70	303
14	86
565	996
332	2165
54	7101
0	11
0	40
0	34
0	40
144	1262
0	1078
66	1
0	150
0	266
106	276
0	50
0	183
0	131
0	263
0	193
0	92
0	25
0	35
4	29
0	192
0	3
0	9
0	36
0	3
0	0
0	0
1360	105
6	105
15	15
18	1
1751	6009
89	5968
0	1498
74	2073
18	127
7	16
21	62
8	300
0	0
0	0
0	0
11	1644
41	1453
20	242
0	168
0	72
1	59
9	0
0	34
0	36
0	93
0	93
0	0
359	1877
0	899
1	1344
0	1707
0	2058
1	1331
27	334
1	131
0	1204
0	345
10	0
0	1872
9	4
0	4
0	0
0	0
0	71
0	71
0	0
0	10
0	35
0	71
0	0
0	0
0	0
0	0
0	0
0	0
0	28
0	28
0	6
0	10
0	0
0	4
0	4
0	65
0	4
3	4
0	61
0	61
0	12
0	0
0	22
0	15
0	12
0	71
0	0
0	0
480	1206
42	293
6	263
14	1122
7	86
415	13
13	13
0	0
0	0
0	0
7	252
11	44
0	38
0	39
5	7
0	0
5	263
0	115
134	376
6	289
0	240
0	23
33	47
2	69
12	73
0	26
15	9
0	0
0	0
0	0
0	0
0	0
0	0
0	0
0	0
0	0
0	0
0	0
0	0
0	0
0	0
0	0
5	3
0	0
0	3
0	0
0	0
0	0
0	0
240	965
10	295
0	799
0	533
14	265
7	165
0	126
0	126
0	14
0	155
6	0
953	1646
0	1459
3	192
10	1211
4	128
27	1271
0	544
11	129
0	507
0	19
0	23
0	23
0	135
0	108
0	343
10	83
0	243
0	229
5	23
17	22
0	183
8	4
0	3
0	24
6	91
0	27
251	77
0	80
0	154
0	150
1	699
1	359
0	318
0	178
36	16
0	516
0	172
0	181
20	505
51	521
2	427
1	37
16	250
4	5256
5	12601
0	5806
0	452
0	1612
20	361
104	21
7	4780
43	2099
3	221
0	4136
0	0
0	0
0	0
0	0
0	0
0	0
0	0
0	0
0	0
0	0
0	0
0	0
0	0
12	733
0	200
0	47
0	35
0	0
0	4
6	26
11	689
0	1393
0	1424
0	1501
0	1419
4	247
2	94
2	124
15	11
43	0
0	15
0	6
0	73
0	33
0	2
0	1443
4	6886
135	7464
18	3843
323	4477
57	166
452	873
19	536
0	679
0	82
9	255
0	387
1	426
9	260
0	240
12	44
12	0
57	1283
0	163
29	470
7	1165
71	714
1	0
0	0
0	0
2302	374
40	66
21	308
19	185
21	389
49	385
104	170
6	164
2	71
30	46
0	0
15	106
0	0
263	203
0	4
0	3
0	13
1	8
0	156
43	208
0	149
0	9
11	70
6	23
6	267
31	410
7	161
1	217
0	129
0	83
2	410
18	37
0	0
0	0
0	0
0	0
0	0
0	0
0	0
0	0
0	20
0	347
0	444
44	535
0	277
0	209
8	302
30	93
2	26
0	535
0	2344
13	2073
0	2162
18	1959
0	1432
0	974
48	62
327	114
19	2630
17	6066
20	3500
0	18417
0	8662
21	923
0	12019
0	144
0	635
6	16911
14	16717
185	13973
0	14545
0	11697
0	16891
70	12889
0	13349
0	13700
0	12350
7	5952
282	4734
7	15193
40	11795
8	4101
0	10803
9	7695
0	977
9	3943
193	3977
0	1797
25	2297
19	1896
4	185
0	185
0	0
0	0
0	0
0	0
0	0
0	0
0	0
10	0
0	0
0	0
0	0
0	1959
0	2002
0	2252
0	1942
0	2235
0	76
17	2005
0	122
0	57
0	1223
7	89
67	3647
0	1959
33	3749
0	3641
0	1991
0	2241
0	1984
0	2234
0	2234
0	2240
0	25
0	401
0	8
1	402
14	112
3	254
58	254
4	182
0	49
42	0
0	18
11	10
0	31
0	0
0	0
0	0
0	10
0	6
0	1
0	4
0	4
0	2
0	0
0	2
0	0
0	0
0	0
0	0
0	0
0	4
83	268
0	400
8	353
12	358
11	73
0	57
12	70
1	63
2	54
418	886
187	310
0	308
0	70
9	31
14	117
36	124
154	591
5	515
0	445
0	445
0	455
7	441
0	387
0	355
0	338
0	279
42	257
0	189
0	156
1	23
0	17
0	2
0	6
0	36
5	0
0	1
0	11
11	14
0	10
0	4
7	0
9	398
0	445
0	438
69	393
26	237
13	193
0	158
0	241
0	236
0	229
0	233
0	229
0	130
0	5
0	4
3	4
0	4
481	164
0	57
5	103
0	0
0	356
0	786
261	1048
33	400
0	262
3	242
0	772
4	162
3	161
0	234
0	4
0	5
3	262
0	405
0	172
5	137
0	131
4	148
0	15
0	150
0	61
16	110
0	152
0	0
0	0
0	0
0	0
0	0
0	0
0	0
0	0
0	0
0	0
0	0
0	0
0	0
0	0
0	0
539	3135
67	237
8	2929
8	945
2	2672
11	141
0	362
3	267
0	245
0	13
1	20
0	9
0	3
0	3
1	76
0	9
0	0
1	0
0	0
0	0
2	137
0	136
127	443
0	46
3	35
0	42
1	287
10	72
0	75
0	72
0	24
0	18
0	35
5	13
0	8
0	0
0	0
0	0
516	299
419	2090
23	759
0	2003
0	99
0	59
14	160
3	65
0	20
0	107
0	0
0	46
54	57
26	57
170	553
105	208
15	149
30	385
644	0
3	156
0	36
15	152
0	10
0	43
0	1
37	287
59	369
0	8
0	0
0	16
40	102
0	0
0	0
109	4
0	541
0	541
0	0
0	0
0	0
0	0
0	0
0	0
0	0
0	0
0	0
0	0
0	0
0	0
0	0
0	0
0	0
0	0
0	0
0	1539
0	1944
58	1591
0	1321
0	2831
0	1530
0	1535
0	612
0	1209
0	1349
87	116
223	195
8	99
43	50
0	163
56	138
0	26
0	4
0	6
4	341
53	542
0	640
34	480
13	444
0	505
2	353
4	29
0	82
0	158
243	547
0	1082
0	1155
0	1393
41	1310
51	565
35	743
0	788
5	607
9	704
0	769
10	364
7	293
4	116
0	714
28	8683
114	5108
12	16996
16	8964
63	12955
10	8176
0	5525
26	2129
0	8272
6	1045
7	1037
383	1182
0	699
14	129
20	169
0	87
4	179
12	14
3	61
0	91
30	97
49	66
0	0
0	0
0	0
0	0
0	0
0	0
0	0
0	3
0	3
0	0
0	180
0	52
2	52
8	0
0	4
0	10
0	4
0	0
0	0
0	0
0	1688
0	37
0	30
0	21
0	23
0	16
2	25
0	61
0	52
0	52
0	36
0	13
0	0
1	10
0	10
0	3
0	0
0	0
0	0
0	0
0	0
0	0
0	19
0	4
0	24
0	44
0	49
0	12
11	33
0	6
0	0
0	16
0	1
0	5
0	8
0	7
23	0
3	0
0	0
3	0
1	5
0	20
0	0
8	4333
0	2189
200	4373
72	210
29	619
30	7
98	1842
34	637
92	414
54	1907
23	53
10	136
3	0
0	0
0	19
1467	0
0	136
0	7
0	84
0	8
0	8
0	64
4	79
0	26
0	15
1	59
0	27
0	34
0	52
0	20
0	41
7	7
9	41
0	25
5	37
0	807
0	549
0	774
18	803
13	650
8	1301
0	572
6	323
0	114
0	139
0	57
0	0
28	10
64	11
0	9
43	0
0	0
92	1
0	112
0	1218
0	404
43	18803
144	12244
0	6027
360	8927
30	8964
27	8294
0	12550
45	10695
0	7851
20	17836
0	10170
2	2915
0	14661
0	8224
3	2475
11	1085
4	5759
95	3920
0	2006
8	3142
6	3907
311	4027
159	3344
92	3344
42	0
0	768
9	495
107	269
0	28
2	93
25	127
0	585
0	10
2	546
23	437
0	473
1	553
0	392
8	266
32	461
3	398
1	109
0	116
0	89
0	73
0	65
0	57
0	16
1	25
0	392
0	536
2	1951
0	1883
0	162
0	613
0	144
5	652
0	153
0	196
0	86
33	219
0	0
0	0
0	0
0	0
0	0
0	0
0	0
0	20
9	0
0	0
0	12527
1939	10342
7	11476
0	10818
27	11166
1	9834
0	10491
14	3804
0	12707
25	9514
19	0
0	314
0	236
0	0
0	216
30	326
0	130
0	462
57	1561
1	1452
0	1518
0	1397
0	1507
0	1397
116	1246
0	1395
0	1482
0	118
0	69
0	0
0	0
48	95
2	27
18	42
31	128
0	70
10	27
1	87
0	50
0	28
0	33
0	32
6	6
12	5
0	23
0	8
0	0
913	30
4	30
0	387
0	62
9	480
0	178
0	48
1	106
0	65
0	0
0	37
0	91
0	74
0	24
2	23
0	116
0	26
0	391
0	9
0	17
0	38
0	35
0	49
0	49
0	40
0	8
0	34
0	9
0	0
102	2805
0	2510
0	513
4	339
27	497
26	69
14	311
0	816
3	267
0	445
0	411
2	1134
1	645
0	608
0	666
37	241
6	242
0	270
2	503
0	93
0	195
4	14
0	249
0	226
35	148
0	110
7	410
15	414
0	9
0	187
3	391
0	63
13	1
3	115
2	377
0	627
0	624
2	625
0	0
0	0
0	0
0	0
0	0
0	0
0	0
0	9193
106	4164
0	1834
125	6911
15	1279
0	230
50	2115
321	1189
15	1060
0	233
0	631
12	2752
0	1263
9	1700
23	910
0	1207
0	1057
0	958
0	639
6	267
0	403
0	9109
0	0
0	0
0	0
0	0
0	7
0	0
0	0
0	0
0	0
0	0
0	0
0	0
0	0
0	0
0	0
0	0
0	0
0	0
0	0
0	0
0	0
9	0
0	11
0	11
0	64
2	285
206	362
36	0
0	5
0	29
0	5
1	12
0	10
0	0
0	0
0	0
52	511
783	527
11	508
29	106
7	35
0	0
0	0
0	0
0	0
0	0
0	0
0	0
0	0
0	0
0	0
0	0
0	0
0	0
0	0
0	0
0	0
0	0
0	0
0	0
0	0
0	0
0	0
0	0
0	0
0	0
0	0
0	0
0	0
0	0
0	0
0	0
0	0
0	0
0	0
0	0
0	0
0	0
0	0
0	0
0	0
0	0
0	0
0	0
0	0
0	0
0	0
0	0
0	0
0	0
0	39
0	0
0	0
0	0
0	0
0	0
0	0
0	0
0	0
0	0
0	0
0	0
0	0
0	0
0	0
0	0
0	0
0	0
0	0
0	0
0	0
0	83
6	14
0	75
0	13
0	58
0	75
0	5
0	552
127	764
12	82
10	185
0	211
4	70
4	108
0	93
9	88
0	65
16	0
0	0
529	2429
11	1591
0	1570
0	346
0	312
10	232
0	917
27	119
0	0
0	0
0	0
0	0
0	0
0	27
12	64
0	144
0	142
0	1
0	0
0	165
181	75
0	25
0	35
0	0
11	0
0	535
19	604
0	215
14	94
0	101
0	102
0	167
0	104
0	69
0	12
0	121
0	1
0	565
12	2068
0	77
5	193
16	896
0	69
1	77
0	99
0	150
35	1283
0	1144
17	2100
212	293
5	0
0	293
0	118
0	170
0	107
10	107
14	48
3	77
0	48
30	0
84	42
0	7
0	0
0	0
0	0
0	7
0	0
0	0
2	0
0	0
65	2278
22	27
0	7
0	2276
0	0
0	30
0	0
21	5
0	0
0	0
0	5452
0	5182
74	2724
0	3342
65	3347
17	197
0	2503
8	105
0	41
0	114
11	72
0	255
2	37
0	677
0	176
0	1159
0	572
0	1221
39	77
0	1273
11	1256
6	50
36	86
7	16
27	147
22	10
1	43
0	53
4458	5022
0	703
0	3808
2	1207
3	109
1	66
1	66
0	22
108	77
0	37
0	0
9	41
0	645
0	234
0	97
0	45
0	0
0	0
0	0
0	0
0	0
0	0
0	0
0	0
0	0
0	0
0	0
0	0
0	0
0	0
0	0
0	0
0	0
0	0
0	0
151	1605
59	1560
0	243
0	1534
0	0
0	0
0	0
0	0
0	0
40	1195
45	777
0	102
0	27
0	1178
0	1170
0	14
0	292
5	175
0	494
0	105
0	176
3	38
7	110
28	1740
0	0
0	0
2	0
0	0
0	0
0	0
0	0
0	0
0	100
0	0
0	0
0	0
0	0
0	0
0	0
0	0
0	0
0	0
0	388
0	388
0	151
0	0
0	0
0	4
0	388
0	4
5	151
0	120
43	76
0	38
0	38
0	298
0	2
0	0
0	0
0	3
0	162
1	276
49	168
0	16
22	278
0	56
12	124
0	124
0	0
2	121
0	124
0	209
0	388
0	124
43	133
0	0
0	0
1	11
0	0
0	5
0	5
0	5
0	5
0	5
0	0
0	0
0	0
0	0
0	0
106	136
0	25
10	28
2	122
0	277
9	577
3	687
0	782
9	403
0	210
0	50
0	465
0	283
0	140
0	123
6	186
0	50
1	36
0	2
22	86
134	2826
3	202
1	2727
3	2516
0	5159
0	1010
0	10
0	10
0	0
0	137
0	1392
0	73
2893	2766
134	547
0	1455
90	1413
131	178
10	170
0	34
5	166
0	0
0	0
51	1088
0	830
8	501
19	168
0	159
8	119
0	8
0	0
9	342
2	0
0	347
0	342
0	20
0	20
0	0
0	1
0	3
0	1
0	3
1	157
0	20
385	343
0	343
140	721
50	543
19	635
262	501
3	425
0	144
0	17
0	1
0	0
0	1
0	0
0	1
0	1
0	0
0	0
0	0
0	0
0	0
0	0
0	0
0	0
0	280
15	298
0	31
6	8
0	9
0	24
6	0
7	0
0	14824
1	13991
293	11530
6	12839
0	13702
0	2808
33	4580
521	1335
4	2552
31	1840
158	269
35	1224
502	435
17	3609
355	3573
0	2879
129	2266
1	2159
75	2265
0	1936
0	1843
0	1808
0	1557
0	1933
0	1266
39	269
14	843
0	355
4	14189
0	0
0	0
0	0
0	0
0	16
0	0
0	0
0	0
0	0
0	16
0	16
0	0
0	0
0	0
0	0
0	0
0	0
0	0
0	0
0	0
0	0
0	0
0	0
0	0
0	0
0	0
0	0
0	0
0	0
0	0
0	0
0	0
3	75
18	132
1	73
19	245
0	1504
0	2114
0	1504
0	50
0	44
0	6
0	0
0	0
0	50
5	13
0	13
0	0
0	0
0	0
0	0
828	1151
0	1149
17	551
1	292
0	0
0	0
0	0
0	0
0	0
0	0
0	3351
0	3351
0	0
0	0
75	30
0	0
0	14
0	8
0	8
0	7
0	7
3	7
7	45
0	28
10	16
0	2
0	2
0	2
0	14
2266	622
76	272
22	10
16	57
430	204
57	124
0	25
17	11
30	285
573	156
0	503
0	421
0	49
0	54
0	81
0	407
0	166
7	38
0	0
0	3
0	170
0	0
0	0
0	0
0	1710
1	1769
0	645
0	206
0	473
3	157
10	163
0	113
33	0
1	162
4	105
0	48
14	1721
0	3674
93	3288
0	2295
2	3437
3	2697
0	1465
4	6
0	787
0	567
0	277
398	140
0	304
0	501
0	527
6	8
0	454
0	286
9	455
0	184
0	197
2	174
107	407
9	188
9	219
7	31
0	2956
0	2720
0	3405
1	1775
0	3096
0	3165
9	3259
0	427
0	209
132	494
0	1880
0	20
0	119
37	8
0	147
0	0
0	1282
5	1351
0	35
0	5
0	3097
170	2
21	2
0	2
0	703
0	638
0	836
0	401
3	824
0	840
5	1023
994	982
0	589
26	194
0	857
9	82
0	200
53	4
4	33
1	33
0	88
0	499
9	3115
98	1078
40	345
0	13
42	0
8	246
2	284
26	435
0	282
0	199
2	2440
0	0
19	4
0	4
0	4
0	4
1	15
0	4
0	0
2	0
0	4
0	27
0	98
49	125
0	11
23	405
2	824
361	1205
15	219
0	450
3	394
1	315
0	234
13	320
0	190
0	0
0	0
0	0
0	0
0	0
0	0
0	0
7	699
4	51
0	172
0	704
17	47
26	623
0	93
0	91
32	22
0	22
0	22
1	7
0	20
461	0
0	0
33	24
0	1
0	0
0	0
0	0
0	0
511	1406
0	0
0	1406
10	250
9	6988
4	4232
65	1481
1	903
8	58
38	0
1	429
4	1051
2	4258
186	1325
614	5952
0	30
0	419
0	829
26	272
0	245
0	6965
0	3053
0	6911
127	704
11	128
10	146
0	121
0	27
0	120
9	84
0	111
0	48
0	112
1	78
31	107
0	13
0	14
26	0
0	2
0	0
23	0
0	6
0	0
0	0
0	0
0	0
0	1310
0	1099
0	1280
0	1134
0	1302
0	17
0	16
0	17
2	623
5	451
31	414
10	140
0	15
0	311
3	217
0	121
0	108
1	168
1	20
0	13
0	25
0	10
1116	0
18	21
0	21
0	3903
0	3903
71	3903
10	4
0	28
0	68
0	38
0	380
5	29
1	0
0	70
4	7
5	349
0	380
0	380
0	384
2474	36
0	0
0	0
98	36
4	36
0	0
0	0
10	4008
747	4023
54	1764
76	197
0	1430
18	562
36	681
0	201
0	200
0	245
0	177
0	249
0	0
0	0
0	0
0	0
0	0
0	0
0	0
0	0
0	0
0	0
0	0
0	0
0	0
0	0
0	0
0	0
0	0
0	0
0	0
0	0
0	0
0	0
0	0
5	626
0	3
0	623
61	17
26	48
0	7
3	0
0	8
0	0
0	0
0	11
0	0
0	8
13	1537
4	26
109	1563
0	24
5	24
26	40
0	16
21	16
0	787
1	134
34	134
0	37
0	54
4	149
2	0
17	772
1	740
1425	185
3	185
0	78
5	65
0	407
0	0
0	0
13	292
0	0
0	0
970	249
0	132
45	160
0	0
399	197
0	41
0	96
0	0
44	173
32	22
0	2865
21	2667
99	1858
31	3456
69	6200
5	3814
14	4539
0	5043
0	1536
8	2167
4	489
7	447
0	536
34	589
0	1337
79	90
8	347
67	5
23	130
0	2239
0	7
0	10
7	59
0	6
0	10
0	10
0	10
0	59
0	10
0	10
0	11
0	10
0	11
6	6
0	21
0	0
0	0
0	0
0	0
0	19
0	72
0	97
0	88
0	13
0	14
0	0
0	21
0	11
0	8
0	87
1	10
0	12
0	26
0	0
0	13
2	209
2	196
0	18
0	8
7	8
0	185
0	0
3	0
0	46
0	183
6	0
0	445
0	378
6	641
0	1135
0	841
0	1192
0	1435
0	1261
23	1152
1	89
0	176
0	3
0	3
5	675
0	48
0	2592
0	50
0	6
0	8
0	2
0	487
1	16
77	67
0	8
235	729
0	664
0	0
0	0
6	315
3	99
0	15
0	0
5	1
0	315
0	0
0	1554
0	1568
0	962
0	977
0	1039
0	1061
0	1055
0	737
0	851
0	720
102	471
0	52
0	3
0	0
0	1615
0	1573
11	1513
7	1564
0	1154
0	1547
0	1519
2	0
22	11
0	11
0	11
0	2
0	0
0	9152
59	9152
84	1272
32	1492
42	3878
53	441
3	1403
0	864
0	276
0	645
0	654
0	0
0	0
0	0
0	0
0	0
23	14
2076	233
0	85
9	120
25	14
0	123
417	398
13	272
8	263
0	122
0	168
0	0
205	724
0	286
7	277
0	243
1	242
0	195
0	147
0	119
0	82
6	74
0	35
4	71
0	38
0	53
0	7
0	6
20	244
1	1
7	0
0	1
0	0
0	243
0	5722
0	845
0	0
0	0
0	0
0	0
0	0
0	0
0	0
0	0
0	0
0	16
0	13
0	12
0	16
0	12
0	1
9	0
0	0
0	0
123	117
5	277
0	0
0	5
40	282
1	635
0	1513
0	1331
19	400
22	368
19	43
0	195
0	1663
0	1176
0	118
14	1185
0	1345
0	1224
0	1202
0	1310
0	193
15	451
0	0
0	218
0	170
22	24
106	143
0	20
4	112
1	1140
0	2048
13	2742
112	2522
4	3750
0	3695
0	4681
0	4088
0	4125
0	4187
0	4265
0	4076
0	5040
1	4315
21	4279
0	4102
0	4331
1	3892
0	4226
2	2168
0	3356
0	3335
0	214
0	2158
39	278
5	20
63	2262
0	1927
0	1950
0	1269
0	702
19	775
0	1957
8	263
0	326
0	21
0	65
11	1
0	78
0	139
0	37
1	13
0	932
0	884
0	868
0	803
10	34
0	0
1	13
11	0
0	0
0	0
1301	914
88	211
0	684
0	1542
0	11
0	1535
182	0
0	5
0	5
0	5
0	0
0	5
0	0
0	5
0	5
0	5
0	5
0	5
0	5
0	5
0	5
0	5
0	5
0	23
0	5
0	5
0	5
0	5
0	5
0	0
0	5
0	5
0	5
0	0
0	5
0	0
0	0
0	5
0	5
0	23
0	5
0	5
0	5
0	5
0	0
0	0
0	0
0	5
0	5
0	5
0	0
0	0
0	0
0	0
0	0
0	0
0	0
0	0
0	0
0	0
0	0
1411	109
8	109
104	0
0	0
26	72
2	328
0	563
2	144
0	1412
0	182
9	105
403	1365
317	1282
17	201
98	843
0	111
0	47
0	747
0	20
0	118
0	399
0	58
0	653
0	139
0	17
0	131
0	36
4	600
0	93
0	126
11	145
7	141
0	131
7	166
36	535
0	30
18	26
0	275
0	254
0	244
13	254
3	207
0	87
0	121
60	126
3	4
3	123
2	98
0	11
7	0
0	14
35	14
0	0
0	0
0	0
0	82
185	1405
0	8
0	452
0	1124
850	2023
11	550
12	103
0	61
0	621
5	32
0	446
0	428
0	1113
199	285
9	235
24	263
0	0
0	0
0	0
1168	8971
13	8
1	9109
1	6002
26	6774
4	7726
0	1347
6	1099
0	75
1249	10477
2180	4840
0	8724
53	2861
53	2469
49	2263
96	840
12	711
62	707
295	451
53	2383
0	202
0	4
0	198
0	0
439	1073
6	5
2	0
0	636
26	506
26	1901
6	552
55	1950
0	1985
371	75
38	29
6	29
0	0
38084	8971
0	2607
3	2620
17	1163
0	532
1	0
31	1078
8	402
0	1202
0	2211
0	345
0	0
0	0
115	1950
1	30
0	1716
0	40
0	117
0	629
26	19
17	92
26	8
0	1448
0	0
2	1263
1	1265
0	128
7	128
4	64
0	100
0	61
3	16
16	0
6	0
21	505
0	503
0	49
0	29
0	0
0	0
0	0
0	0
0	0
0	0
0	0
0	0
0	0
0	0
0	0
0	0
0	2
0	3
0	0
0	0
0	0
0	0
0	0
0	0
0	0
0	0
0	0
0	0
0	3
0	2
1099	119
35	132
0	27
0	0
0	0
0	0
0	0
0	0
0	0
0	0
0	0
0	0
0	0
0	0
0	0
0	0
0	2
0	2
0	0
0	0
0	2
0	0
0	2
0	0
22	24
0	0
0	0
0	2
0	0
0	0
0	0
45	149
4	283
3	52
0	301
0	241
0	266
35	88
2	121
77	242
0	112
7	78
0	15
0	36
0	60
0	45
0	60
0	71
0	47
0	63
0	58
7	60
0	71
0	60
0	60
0	63
0	58
0	45
0	26
1	58
0	42
0	2
0	0
0	0
0	0
0	0
0	0
0	2
0	1
0	2
0	2
0	2
0	3
0	0
0	0
0	0
0	0
0	0
0	0
0	45
791	505
10	101
2	46
0	22
8	133
1	21
13	27
0	45
0	45
0	72
4	319
32	139
0	259
34	7581
1	78
7	96
43	203
5	7486
50	5149
51	441
0	259
26	420
11	417
0	294
102	0
6	299
0	125
0	514
125	70
0	7227
0	1
0	17
0	10
0	7
0	0
2	0
0	0
0	0
0	0
0	0
0	0
0	17
1	152
4	135
6	156
3	170
1	9
9	26
7	51
0	0
0	1363
0	41
0	10
0	25
8	1394
10	1361
7	61
0	290
0	619
0	6
3	290
0	765
24	791
0	254
1	94
86	75
7	183
41	160
38	192
0	9006
0	9006
3	4602
243	9014
0	46
0	5933
17	14
3	712
96	506
68	9101
0	18
59	50
5	464
0	469
6	305
5	259
0	71
0	4
0	2
4	0
0	6
0	54
0	54
0	47
0	27
0	8
27	15
0	0
0	6
0	1
0	0
0	0
0	0
0	0
1	51
0	0
0	56
0	0
0	0
14470	12
11	41
0	401
12	1682
10	2304
0	821
0	905
0	931
3	1065
0	507
0	900
5	708
0	90
6	18
0	6
1	676
5	40
0	29
9	679
0	63
0	42
0	42
19	574
0	19
0	266
24	266
0	266
19	194
0	252
0	2232
1	1941
0	468
18	1825
4	2038
0	2209
52	252
437	3007
0	884
1	1744
0	638
0	388
0	1386
0	1726
1	660
1	475
0	1312
3	502
10	734
0	569
0	354
18	451
34	390
0	584
9	131
113	71
0	487
3	23
2	1763
0	42
0	50
0	4
0	196
3	68
21	198
0	13
0	83
0	59
0	46
0	50
0	198
0	194
0	0
0	6
0	0
11	82
0	0
0	0
0	0
0	0
0	6
0	0
0	0
0	0
0	0
0	0
0	0
0	0
0	0
0	0
0	0
0	1
0	703
0	712
14	662
0	141
0	195
0	52
0	151
1	58
0	0
0	29
0	47
0	34
0	29
0	0
0	897
0	843
14	73
62	607
0	9
29	0
0	7
18	63
0	37
0	37
0	46
83	69
0	543
13	592
0	576
0	63
0	60
0	42
0	125
3	598
0	0
0	0
0	0
0	0
0	0
0	0
0	0
0	0
0	0
0	0
0	0
0	0
0	0
0	0
0	0
0	4242
39	2484
0	3920
305	4148
13	670
2	439
14	3758
26	3759
24	577
34	195
0	21
0	3
0	0
0	0
0	0
0	0
0	0
0	0
0	0
0	0
1375	2031
4	1993
25	2058
0	1990
0	1923
0	2122
0	2053
0	1917
0	1905
0	1754
25	449
0	1157
0	255
38	248
5	84
0	35
0	2
7	0
0	0
0	0
0	0
0	0
0	0
0	0
0	21
517	104
1	73
0	76
0	62
2	24
153	208
0	0
0	184
0	598
0	597
0	598
0	288
0	0
0	109
0	6
13	153
2	117
0	0
0	31
0	35
0	39
0	39
0	16
0	3
0	4
0	0
0	3
0	3
0	0
0	0
0	0
144	96
0	23
0	33
0	70
0	60
0	0
0	0
0	55
104	0
0	5
0	9
0	28
0	25
0	37
0	79
0	12
0	8
0	63
0	20
0	118
0	71
0	2
4	92
0	7
0	91
3	0
8	0
1	182
0	39
0	43
0	31
1	326
24	171
76	342
0	27
0	86
0	17
2	4
0	0
0	0
0	0
0	0
0	0
0	68
0	5
0	21
0	0
0	83
0	112
0	91
0	80
0	5
0	5
0	5
0	5
3	0
0	0
0	0
0	0
0	0
0	0
0	0
0	0
16	1328
179	1330
0	1345
8	3718
1	713
9	224
0	212
0	3229
51	2662
0	0
0	0
0	0
0	0
0	2
4	2
0	0
0	1166
50	5199
5246	8849
4	430
29	502
83	1389
0	2008
3	6416
13	4364
14	2103
622	2432
6	4565
0	3531
24	420
0	525
171	850
91	462
0	5521
7	474
65	144
0	175
0	272
0	288
11	144
0	197
0	96
0	197
0	144
1	388
0	0
0	0
8	1021
0	21
1	0
0	1
1	67
0	1020
0	24
87	343
1	66
0	888
0	0
0	0
16	16
6	5
24	12
0	12
0	0
0	0
0	0
7	257
0	19
17	11
0	7
0	3
0	0
0	19
58	62
145	1881
7	7
24	36
0	1814
0	116
74	384
4	2
0	85
25	33
319	142
5	91
0	0
30	51
1	3
0	0
0	0
0	0
0	0
0	0
53	639
18	369
4	226
21	132
0	100
0	70
43	75
10	26
12	4
0	451
73	504
4	529
0	424
2	59
0	62
0	190
8	12
10	2
0	113
0	101
0	97
0	58
0	32
0	33
48	14
0	23
5	25
0	0
0	2
0	30
0	7
7	100
0	2
6	88
0	82
4	0
0	0
10	0
0	8
0	19
0	16
0	0
0	0
0	10
0	10
0	0
0	37
0	0
34	4
1786	2158
16	1023
50	1122
0	2
39	138
36	23
3	0
0	0
0	0
0	0
0	10
0	10
0	0
0	6
0	6
0	6
0	0
0	0
0	0
0	0
0	0
0	6
199	681
16	231
244	466
41	5
88	417
0	110
2	20
0	287
0	175
8	441
1	905
0	1661
15	1586
3	155
0	476
0	82
2	19
0	2
0	2
0	0
0	0
154	5952
0	92
8	517
133	145
7	347
229	5721
144	466
15	7
0	61
8	484
14	569
1	137
0	64
0	36
0	419
3	64
0	35
0	27
0	6
0	0
0	8
0	1152
685	0
0	17
145	1087
0	274
5	0
53	206
0	196
1	196
0	13
0	0
0	0
0	7
0	3
2	6
0	4237
0	72
0	2529
0	19
0	535
5	1575
0	2462
0	1112
0	3004
7	4016
2	23
0	4602
0	115
7	1074
0	2122
15	3416
0	81
0	2399
0	841
18	18
0	2352
15	174
44	0
462	2015
8	102
165	1370
30	41
0	172
0	30
74	1285
0	4100
0	4026
0	0
0	0
0	4
0	4
0	0
0	4
0	0
0	0
39	132
25	99
0	16
0	58
0	13
0	6
0	1
0	22
0	23
0	69
48	324
0	4
0	73
0	78
4	5
26	0
3	1570
0	193
0	138
0	130
0	161
0	123
0	126
0	19
0	56
0	37
0	74
0	10
0	2
0	7
0	14
0	0
0	21
0	14
0	13
3	23
0	28
0	22
0	28
0	1506
645	630
18	635
0	0
0	0
0	952
0	0
0	952
0	0
0	0
0	0
0	0
0	0
0	952
4	28
4	57
0	13
0	57
1	93
1	49
0	14
0	0
0	0
0	0
0	0
0	1
26	1
38	114
0	1
0	1
6	1197
8	1005
0	1186
35	442
0	312
3	73
26	231
0	42
6	4
0	64
27	261
0	40
0	28
0	105
0	337
12	7605
420	7815
396	2304
37	486
0	7812
90	7234
13	4912
392	5013
0	7586
98	55
0	3683
366	3151
0	3016
10	2684
104	2169
34	58
0	1319
20	73
0	91
17	1384
0	31
24	4
0	4
0	0
0	0
0	0
0	0
0	0
0	0
0	0
0	0
0	30
0	30
0	30
0	30
1	30
0	30
0	17
0	1
0	0
0	0
247	304
2418	568
0	568
0	374
600	0
0	30
7	0
0	0
0	0
609	2907
64	3109
0	210
9	232
14	237
29	20
0	1
3	0
0	0
0	0
2	0
0	0
0	0
0	0
0	0
0	0
0	0
0	0
0	35
0	35
0	0
0	0
0	35
0	1
0	0
1	92
0	35
0	35
0	35
0	0
0	0
0	0
0	0
0	0
0	35
0	35
0	35
0	25
0	25
672	277
0	218
27	44
23	214
6	85
0	0
0	42
11	201
0	44
0	45
0	413
1	475
0	110
0	273
9	385
98	1463
4	683
0	680
3	1186
0	62
15	136
69	467
0	369
0	1340
0	290
0	346
0	817
0	552
30	699
0	48
0	0
5	0
2628	574
61	487
12	134
0	31
768	395
0	382
35	17
11	0
0	8
9	28
0	7
4696	2259
301	167
0	1428
2	882
45	242
20	1
14	5276
69	4957
161	5441
21	50
0	221
420	354
552	427
1	280
1	284
12	281
0	8
0	279
1409	0
0	80
0	1
0	0
0	0
0	0
5	207
21	1724
157	1740
0	2287
2	2287
0	2246
0	1809
0	2235
706	1122
0	501
0	0
49	621
2	433
552	174
0	118
31	70
0	21
0	26
97	4
0	4
2	0
0	9
1	316
0	18
0	31
0	31
24	10
17	47
0	33
0	287
0	570
6	747
61	690
24	358
0	64
0	38
2	50
11	22
0	59
2	52
0	13
22	420
4	526
0	230
9	73
0	518
0	526
0	482
4811	738
18	128
51	156
4	206
123	71
0	113
8	404
5	480
11	93
18	85
0	21
0	238
28	41
5	201
26	179
1	93
0	0
0	0
0	0
0	0
0	0
17	0
61	26
0	26
0	0
0	0
3	0
0	0
32	18
0	1131
0	1131
0	4
0	0
0	0
0	0
0	0
0	0
0	0
0	0
0	0
0	0
0	0
0	0
0	0
0	0
52	7
0	7
0	81
0	81
0	3
0	38
2	30
0	58
27	498
0	17
0	384
0	192
11	36
0	27
840	12135
80	3665
30	7545
402	315
55	1009
54	2029
156	1257
7	1507
0	959
7	10412
293	192
0	0
0	0
0	0
0	0
0	0
0	0
0	0
3	78
0	293
0	281
0	105
0	81
0	120
0	107
0	58
2	310
0	207
0	100
3	178
0	326
0	49
0	192
0	148
0	45
0	22
0	51
0	0
0	23
0	224
26	1558
0	356
0	1358
178	1255
38	1129
26	1032
22	22
0	110
8	119
0	0
0	798
4	753
3	780
0	798
23	805
0	779
0	769
9	4
3	47
0	825
0	46
0	52
151	14
78	738
7	739
5	584
0	585
90	4898
44	4557
96	4279
259	114
315	157
0	77
1	205
0	278
0	238
0	243
0	278
0	59
0	20
0	3
0	3
0	66
0	63
0	41
0	90
0	63
4	75
0	19
0	27
0	31
0	0
4	21
7	16
0	16
5	61
3	84
15	29
0	25
0	16
0	39
0	29
72	455
5	36
21	476
24	195
2	91
0	197
0	135
27	7
0	29
0	104
65	2473
0	944
2	1086
24	635
0	768
5	0
5	302
0	100
0	0
0	0
0	0
9	22
6	158
0	26
0	0
182	180
0	22
0	0
0	18
6	1
0	0
3	0
30	0
7	0
4	0
0	0
110	974
102	898
105	85
0	766
16	0
0	327
11	211
15	278
6	70
0	5
0	0
0	0
0	0
0	0
0	0
0	0
0	0
0	0
0	0
0	0
0	9
0	0
0	0
0	0
0	0
0	0
0	0
0	9
0	9
0	0
0	0
0	0
0	0
0	0
0	0
0	0
0	0
0	0
1	1068
0	2164
28	470
283	1519
33	1
32	129
47	4
77	104
0	1945
78	1754
0	387
10	1002
0	49
0	364
3	87
7	139
123	1123
9	31
6	0
0	4
0	7
0	0
12	25
0	0
0	0
0	0
4	3028
0	66
1608	1479
0	1262
7	166
0	166
0	1236
132	556
2077	2562
0	2309
4	6
1	2297
18	283
0	224
2	181
6	22
15	1943
1157	7594
8	7594
0	0
0	0
0	0
0	0
0	0
0	0
0	0
0	0
0	0
0	0
0	0
0	0
0	0
2	1128
10	791
0	979
0	885
0	772
0	482
0	444
2	238
0	370
0	191
0	158
0	0
0	6
0	6
0	0
0	352
310	2698
17	440
2	2057
0	2187
12	1349
5	1625
9	1635
0	1721
0	1866
0	34
0	0
0	284
0	0
0	0
0	153
0	0
0	0
0	0
0	0
0	0
0	0
101	315
4	289
5	211
5	1
4	120
103	4
0	46
0	24
19	54
0	0
11	0
0	0
0	0
0	0
0	0
0	0
0	0
0	0
0	0
0	0
160	33
148	139
0	66
0	0
13	31
0	138
0	142
0	141
193	555
83	693
0	552
31	248
20	160
37	0
0	112
0	65
0	85
4	118
0	14
0	27
0	18
0	0
0	11
5	12
0	1
0	0
14	0
0	0
0	0
0	0
0	0
0	0
0	1
0	6
0	13
0	7
0	7
0	12
0	0
0	7
0	1
0	0
0	0
0	7
0	0
0	0
0	1
0	1
1	141
0	0
0	141
0	0
0	0
0	0
0	0
0	0
0	0
0	0
0	0
0	1061
39	1423
191	383
1	626
0	1392
0	410
0	279
5	38
1	27
0	193
0	12
0	0
0	12
0	0
0	12
0	31
0	14
0	29
3	28
3	16
13	7
26	20
44	85
0	0
82	23
0	3728
162	3629
11	3676
0	2533
0	186
112	111
17	1287
4	115
19	32
14	32
13	1
21	0
1815	1111
0	147
31	823
95	753
14	205
0	3051
0	2756
46	265
0	354
2	516
0	541
57	270
0	3051
0	1244
9	1256
6	1079
0	680
0	603
6	540
0	35
0	1256
0	3
0	3
0	3
0	0
0	0
0	0
0	173
67	886
0	967
0	46
0	85
8	78
0	873
0	797
0	807
0	316
0	156
0	943
0	123
0	227
0	189
0	249
185	316
25	160
0	0
0	0
0	1
0	1
0	1
0	0
0	0
0	1
0	1
0	1
0	1
0	1
0	1
0	0
0	0
0	0
142	600
0	38
0	14
0	64
2	3
0	296
4	49
1	301
0	234
55	235
0	90
0	0
8	43
0	70
0	0
0	53
0	0
120	192
19	192
0	43
9	2435
102	2435
35	142
4	1
2	37
8	0
16	124
489	7329
73	8673
37	7773
5	2372
67	1329
18	839
293	358
0	8136
4	0
0	0
0	0
0	0
0	6788
321	9032
0	16658
0	30488
0	2004
0	15872
0	15688
0	13377
46	3
10	13178
0	1973
16	649
0	775
12	8622
0	8408
5	352
202	1953
0	1787
0	1604
4	1418
0	2232
0	9105
3	9135
27	1546
0	1026
0	11422
3	6878
0	2626
8	4480
1	2648
162	7794
15	7155
0	11437
0	1
0	0
0	11
0	11
0	0
0	0
17	19
0	18
5	1
0	0
0	0
0	0
0	0
0	0
0	0
12	811
0	502
8	500
36	1211
5	101
0	75
0	0
0	8
0	8
18	25
11	50
0	310
0	1194
17	915
2	17
0	128
0	1176
0	107
0	404
0	0
0	822
15	331
14	30
0	27
0	39
0	66
0	57
0	0
0	15
0	9
0	92
1	139
0	1194
0	821
7	62
121	62
1005	3040
8	2422
0	1007
1	2025
0	1061
0	808
44	147
0	829
1	429
0	292
0	165
0	295
0	895
0	3030
125	2968
0	1481
38	2764
33	233
0	2360
0	2337
3	30
2	17
12	700
0	18
15	141
0	73
17	400
8	24
0	13
0	0
0	27
0	0
0	69
0	11
0	53
1	68
0	0
30	0
0	0
3	76
0	0
0	0
0	57
3	57
0	28
5	25
0	13
5	5
454	668
130	548
0	384
0	0
0	38
0	25
0	45
0	3
0	0
0	0
0	0
0	0
0	3
4104	4662
12	4597
4	4067
0	3286
0	3200
3	3161
1	2467
0	3006
0	2381
4	3076
0	3036
0	3022
8	2496
0	542
17	130
6	65
15	2790
10	3069
4	2790
0	13
12	318
0	2952
0	190
39	2782
0	302
0	11
0	219
5	2518
0	301
9	125
1	31
0	0
0	0
0	0
4	0
0	0
0	0
4	525
0	443
2	502
1	63
0	38
6	0
0	0
144	28
292	214
0	43
0	67
0	93
0	26
0	51
0	0
26	737
0	590
0	21
0	737
0	0
0	0
0	0
0	0
0	0
0	0
0	0
0	0
0	0
0	0
0	0
0	0
0	0
0	0
0	0
0	0
0	0
0	0
0	0
0	0
0	0
0	0
0	0
0	0
0	0
0	0
0	0
0	0
0	0
9	668
0	1580
0	772
0	11
0	774
0	1847
42	446
18	1031
5	0
47	1596
14	788
0	691
0	162
0	627
0	176
0	64
18	7
4	378
33	99
60	55
0	1081
0	0
17	260
0	0
0	0
0	0
0	0
0	0
0	0
0	0
0	0
0	87
0	87
0	10
1	21
0	93
1459	1221
0	15
84	151
0	1094
0	455
0	0
2	0
0	4
0	0
7	5
0	1
0	0
0	994
0	743
0	900
0	841
0	335
0	745
0	834
0	854
0	834
0	1080
0	914
0	763
0	836
0	827
0	838
3	746
0	720
0	993
0	595
0	540
0	619
0	503
0	685
0	859
0	782
0	682
0	785
0	716
0	664
0	629
0	527
0	684
0	751
0	689
0	665
0	693
0	598
0	430
0	468
0	222
19	9
0	16
0	161
0	7
0	86
0	29
0	154
0	74
0	72
0	53
10	203
0	380
0	176
0	167
0	75
0	54
0	88
0	258
0	90
0	89
0	82
0	77
0	2
0	131
0	100
0	1
0	2
0	1
0	1000
0	0
0	0
0	370
9	0
0	0
0	0
0	0
191	36
0	5
0	25
0	0
3	6
2	8
81	453
0	211
0	316
12	212
65	348
0	46
3	158
0	46
0	197
0	182
20	107
21	105
3	2212
0	268
0	263
0	1911
0	0
0	295
0	381
23	363
0	416
0	156
2	161
0	329
18	283
0	117
0	0
0	10
0	10
0	0
0	0
0	10
0	4
18	4
0	0
18	0
0	370
0	0
0	0
0	0
0	0
0	0
0	0
0	0
0	0
0	0
0	0
0	0
0	0
0	0
278	1291
64	1019
1	483
7	647
1	1072
107	905
850	724
0	481
12	488
5	56
8	8
0	3
0	0
0	1081
85	1385
14	1320
0	85
8	90
3	0
17	153
0	12
0	25
3	110
0	86
13	58
4	93
27	595
10	557
5	534
37	85
2	27
0	235
31	25
54	247
9	261
0	82
0	383
5	1585
0	143
97	1261
0	814
0	434
3	391
4	418
12	177
0	284
0	77
1	163
3	252
7	29
0	110
0	0
0	0
0	0
0	58
0	0
0	0
0	58
11	144
12	149
0	57
1	57
0	17
5	17
0	57
64	0
0	0
19276	3720
77	1407
5	1647
8	8
110	1346
226	766
0	6
44	1078
1	771
3	354
0	114
10	227
0	219
16	299
5	143
32	141
13	69
0	1111
14	1423
0	1202
0	1196
1	585
0	0
0	30
0	7
10	4117
0	1240
49	48
10	3872
0	3656
12	1
24	1084
0	179
4	988
0	232
0	931
0	2637
22	188
0	94
32	32
6	168
0	80
0	2541
253	442
0	39
0	222
0	563
0	11
5	430
0	60
0	519
0	6
0	5
0	45
0	44
0	0
0	0
0	0
0	0
0	0
0	0
0	0
0	0
0	0
0	0
0	0
0	0
0	0
268	0
0	508
0	448
0	428
0	478
0	404
2	419
0	500
111	458
0	0
0	84
0	7
0	31
0	1
0	6
0	36
0	26
0	76
0	74
0	6
14	0
2	30
0	121
0	38
0	45
5	38
3	210
0	26
0	55
124	114
0	10
0	485
2	447
0	0
0	0
0	0
0	0
0	0
0	0
0	0
112	444
14	446
23	464
0	512
8	223
0	179
0	136
0	150
0	151
1	101
0	107
8	42
0	47
0	29
0	31
3	30
32	5
0	431
0	208
0	0
0	0
0	0
0	0
0	0
0	0
0	0
0	0
0	0
0	0
0	0
0	0
0	0
0	0
0	0
0	0
0	0
0	1650
0	296
505	358
52	347
0	204
5	363
7	346
1	86
0	68
20	36
0	9
3	27
0	17
7	165
5	613
0	31
3	507
0	551
0	0
0	0
0	0
0	1
217	159
0	13
0	13
0	13
0	7
0	1
0	12
0	0
0	6
0	6
0	6
0	6
0	0
2	0
0	0
0	0
692	1031
1	655
0	366
2	301
25	632
2	572
0	168
2	322
14	15
40	3
31	403
60	8
0	8
0	63
0	3976
1	3676
0	5167
3	3747
0	3325
0	4068
0	176
0	31
8	1291
8	3125
12	236
44	5
55	102
13	4
22	5203
3	4291
0	4873
1	5033
0	2687
0	5078
0	2670
263	54
149	1158
62	1456
18	331
192	876
0	238
43	136
19	397
0	4
0	0
23	628
54	637
169	622
0	1
0	1
0	1
0	1
0	1
0	0
0	0
0	1
0	1
5	147
0	1
0	0
0	1
0	1
0	0
19	425
0	0
0	0
0	0
0	0
0	0
0	0
0	0
0	0
0	0
0	0
0	0
0	0
0	0
0	0
0	0
0	0
0	0
0	0
0	0
0	0
0	1
0	0
0	1
13	1146
19	1090
2	16
3	380
0	248
1	63
0	33
30	940
0	858
74	485
0	258
0	3064
0	521
34	10470
163	9998
13	5755
2	34
0	11640
58	5274
1	9459
0	10417
0	8941
0	99
12	87
0	118
0	129
0	40
0	54
40	0
0	63
0	146
76	985
0	971
32	372
0	223
22	983
95	903
0	293
7	985
13	37
5	226
1	2
1	985
724	1816
13	945
23	1071
22	803
8	718
0	243
0	19
0	0
0	19
0	388
0	388
0	0
0	0
0	19
0	19
0	19
0	1
0	1
0	0
0	1
20	481
7	464
0	130
5	26
22	33
2	94
0	63
2	0
187	285
0	29
7	270
276	269
16	24
513	1632
7	77
544	922
12	1033
0	76
3	231
12	27
0	69
41	471
0	35
47	15
2	9
0	8
23	157
0	268
1	52
0	38
0	22
0	52
0	26
18	141
10	15
0	471
30	458
0	0
4	8
3	602
0	84
0	31
0	130
0	40
348	627
0	0
0	240
0	127
21	1081
259	1081
0	489
0	205
0	133
0	50
0	88
0	150
3	99
59	917
3	473
18	140
0	89
2	876
9	63
0	0
0	0
0	2
6	5
33	52
0	61
0	906
0	272
14	0
0	0
0	0
0	0
0	381
0	259
12	2647
0	21
0	195
0	177
0	2622
0	1
0	1
0	4
0	1
0	176
0	1
0	1
1	179
0	1
0	45
0	5
0	124
0	265
0	45
0	189
2	2010
0	436
0	1723
9	0
19	366
13	527
181	1880
0	115
0	137
0	260
57	131
2	435
0	810
0	0
0	839
178	2691
0	182
0	974
0	749
0	2091
7	1966
0	1907
0	1878
0	1697
0	1437
0	1151
0	19
305	1153
5	897
0	455
0	909
0	1107
0	86
0	609
1	764
0	28
0	365
0	11
0	117
0	19
0	0
0	0
0	0
0	0
0	0
0	30
0	11
0	11
1	30
0	0
0	30
0	0
0	26
5	26
0	0
0	0
0	0
0	0
0	0
0	11
5	113
0	4
0	6
0	19
0	19
0	1
0	1
0	0
43	2156
43	2156
0	0
0	0
0	0
0	0
15	131
0	1
0	13
2	250
0	11
0	16
0	12
190	3392
0	4959
0	4959
0	2379
3	3591
11	32
0	97
0	61
0	0
0	33
0	16
0	23
0	4959
0	5357
26	5984
0	1374
0	4814
12	1648
34	277
4	1290
19	574
5	773
33	1009
133	328
38	3
3	98
32	196
6	9
0	90
0	0
0	8
0	8
0	0
0	8
0	0
0	8
2	8
410	10185
0	0
2	534
0	24
14	1982
36	2010
1	491
109	285
30	205
0	325
0	263
0	5
0	287
0	12
7	7
0	98
0	0
0	0
0	0
11	1008
18	243
0	805
2	700
92	797
20	88
25	152
0	361
0	99
0	3444
0	31
0	116
12	2625
42	2014
0	92
0	1578
15	0
0	21
32	32
4	131
0	3379
0	60
0	1382
0	9526
0	1386
2	80
54	153
0	1507
24	2057
43	512
2	7930
32	9537
8	46
13	1339
0	7803
0	207
10	144
5	9647
12	1502
572	2249
0	126
0	128
2	127
8	91
21	2030
6	444
0	0
0	0
0	0
0	0
0	0
0	0
0	0
0	0
0	0
0	0
35	1864
220	1864
0	494
0	629
0	1879
0	1
0	1
0	44
0	44
0	10
0	17
0	38
0	0
4	4
0	0
0	9
0	0
0	19
0	19
0	1
0	8
0	8
5	577
0	0
0	0
0	0
0	4
0	202
0	1547
0	1547
0	122
3	148
0	0
0	0
0	0
0	0
0	0
0	0
0	0
0	0
0	0
0	0
0	0
0	0
0	0
0	7
0	7
0	0
606	208
0	67
0	98
0	124
28	81
0	103
38	96
0	6
29	66
22	6
0	4
0	84
10	5
3	24
6	120
0	0
0	11
4	19
0	19
0	19
31	17
0	11
11	11
1	308
0	576
0	308
0	0
0	26
0	26
0	7
0	17
12	30
0	11
2	4
0	13
0	16
9	17
7	14
0	6
0	574
60	265
685	546
16	546
0	325
8	116
5	0
0	517
0	657
0	921
0	300
0	921
0	463
0	6025
0	65
0	2311
0	4521
3	570
11	114
104	516
0	516
58	797
0	268
0	252
0	1506
2	1380
0	440
80	408
102	0
123	0
0	83
2	471
0	130
0	6025
0	5808
3543	1852
29	0
0	0
0	0
0	0
0	0
3	0
0	31
21	3495
0	3482
4	137
16	91
14	202
0	113
27	331
0	20
202	2022
0	0
0	1854
0	14
13	2
10	2
0	83
315	765
17	1235
23	704
0	0
0	1
0	1
0	1
0	1
0	0
0	0
0	0
0	37
0	0
0	0
2	608
30	504
15	577
78	243
42	243
9	248
12	437
9	333
4	0
90	432
0	246
2	82
10	92
0	92
16	0
0	0
0	8
1	0
0	40
0	102
0	39
0	0
0	0
0	69
0	48
0	63
7	66
0	0
0	46
0	66
17	110
18	146
194	697
0	140
28	124
11	80
0	43
180	117
0	178
0	178
2	48
18	257
563	133
0	133
0	14353
0	16026
0	557
45	414
914	531
28	3
0	0
0	0
1088	110
26	3
0	0
0	236
0	8
0	0
0	0
0	0
0	236
0	1367
0	9
205	917
15	309
0	258
0	0
0	20
0	28
1	288
14	66
0	12
11	657
4	621
13	604
88	190
11	103
0	140
0	67
0	0
113	121
0	123
0	566
13	648
5850	1004
11	1004
119	3
371	3752
8	3299
3	2492
71	2319
4	156
2	145
0	19
57	275
32	0
10	272
0	272
0	864
0	144
0	42
0	852
0	375
0	368
0	389
0	389
0	68
0	344
47	1126
54	287
0	499
47	187
0	972
13	0
0	3618
0	3226
0	0
10	401
0	3234
0	3031
0	0
0	0
0	0
0	0
0	2
0	2
0	0
0	0
0	0
0	0
13	0
0	0
0	0
12	6
68	287
11	252
0	386
0	154
0	589
0	530
0	582
0	45
0	124
28	39
0	40
0	216
0	169
0	188
0	31
0	173
1	0
0	83
5	15
9	29
7	22
0	33
40	53
0	16
7	851
13	1996
5	275
29	694
4	1387
0	0
0	0
0	0
0	0
0	0
0	0
0	0
0	1339
0	490
14	505
1	807
87	1048
0	1075
0	1034
52	490
0	601
0	1006
69	2686
42	176
0	124
2	2
0	2685
41	0
0	11
23	289
2	29
1	18
0	39
0	0
0	8
0	31
0	39
0	8
4	31
0	4
16	31
0	15
97	11712
0	10980
0	0
0	0
0	0
0	0
0	570
5	538
2	522
4	522
0	255
7	346
0	130
6	78
6	124
0	147
1	85
14	25
10	38
0	7
9	19
1	153
2	1606
0	8
0	91
0	136
3	1593
0	78
0	5
0	6
0	48
0	1539
0	0
0	30
0	49
0	25
0	0
0	1416
0	0
0	0
0	0
0	0
130	221
24	253
0	114
0	77
0	37
0	68
0	81
3	111
5	27
0	80
6	50
5	60
6	0
27	36
62	0
4	0
0	1636
0	8913
0	8657
0	8379
0	8958
0	8441
89	670
1	561
7	312
14	354
0	222
8	67
120	754
0	434
0	395
17	263
1	388
0	138
0	16
6	0
0	2844
0	2784
0	111
0	41
0	47
0	50
0	23
0	20
0	36
0	36
0	0
0	3
2	3
15	0
0	3
0	0
0	9
0	9
81	19
1010	5595
0	1455
0	3153
194	589
1	2850
0	2748
0	1306
0	3390
0	3342
0	1131
0	1131
0	1092
7	0
0	0
0	56
0	5
0	73
0	0
11	56
0	16
0	24
0	16
0	8
0	10
0	0
0	0
0	0
0	0
0	15
0	0
0	0
54	2835
0	2816
0	2772
0	155
41	199
0	2368
5	2457
49	2639
1	2185
30	1172
0	146
7	434
0	455
0	2815
44	17
0	17
0	0
0	0
0	0
0	0
3	439
0	4629
0	26
0	18
10	53
3	3507
0	3578
5	3496
16	1463
0	4598
0	3169
68	48
0	4551
2	0
0	187
0	3100
5	1726
0	83
11	2171
14	2562
1	126
180	345
45	565
18	25
0	150
11	68
2	593
31	400
26	192
0	54
0	25
7	400
2	3
0	0
41	817
0	1
0	24
0	0
0	0
0	0
0	4
0	0
0	0
0	0
0	0
0	0
0	4
0	0
0	0
0	0
0	0
0	0
0	0
0	68
55	107
158	195
0	44
0	98
0	0
208	98
8	98
8	98
0	0
0	0
0	0
0	0
0	0
0	0
0	0
0	0
0	0
0	0
0	0
0	0
0	0
0	0
0	0
0	0
0	0
1	0
6	0
0	0
0	0
0	37
4	55
0	65
0	27
0	42
0	53
0	80
13	463
0	60
0	67
0	23
0	93
0	96
0	0
0	0
0	0
0	0
16	232
0	25
0	230
0	199
0	5
0	256
1	1106
0	12
0	12
0	244
0	5
0	0
0	853
0	235
6	263
0	6
0	1
0	10
0	5
0	266
0	24
0	235
0	26
0	235
0	0
20	29
0	20
0	22
0	2
9	37
0	256
0	5
895	492
56	492
7	0
0	51
2371	642
40	527
0	115
0	329
0	365
28	391
0	415
0	201
0	331
0	133
1	244
11	154
0	209
0	173
11	24
0	146
0	64
0	73
0	73
0	73
0	0
0	73
0	0
0	0
4157	307
79	307
52	1367
20	20
0	309
31	172
0	126
0	219
0	196
44	136
0	335
7	364
14	58
0	95
22	1327
4	0
0	7
0	0
2	6
6	0
0	4
1	0
1	93
7	93
0	0
0	0
0	387
0	530
0	664
46	486
0	564
0	529
0	386
0	372
0	366
0	545
0	203
4	155
0	299
7	413
1	458
0	343
13	51
0	51
0	75
0	89
5	30
0	4
1	0
0	0
0	0
0	0
0	1504
0	2
4	592
0	661
219	879
0	739
0	787
0	98
0	37
33	52
14	40
0	49
2	53
8	53
0	20
0	716
0	171
0	0
0	0
0	0
0	0
577	418
86	131
47	287
1	25
0	0
0	0
0	0
0	0
0	0
0	0
0	0
0	0
0	0
0	0
0	0
0	0
0	0
9	0
0	0
0	0
0	0
0	0
0	0
0	0
0	0
0	0
0	0
0	0
0	0
0	0
0	0
0	0
0	0
50	2115
0	865
0	467
0	2115
0	2703
20	953
0	2115
628	2504
0	2807
293	1402
12	420
3	216
64	436
0	220
0	206
0	182
2	394
1	180
0	251
0	152
0	148
0	132
0	124
13	250
13	250
50	143
0	0
0	0
0	0
14	4
33	4
0	3699
0	4239
11	3341
0	1677
1	442
14	245
5	328
0	249
12	76
0	106
0	213
0	1660
0	1120
0	0
0	0
584	51
0	2
13	1
0	42
13	1126
10	1150
25	1152
0	358
24	276
0	117
0	992
0	20
4	158
0	98
4	183
0	308
0	795
23	49
161	729
0	52
1	123
29	573
1612	3521
8	3396
0	2490
0	3302
0	2637
9	429
2	500
0	493
42	4
0	8
0	10
0	10
0	0
0	0
89	626
23	626
0	120
0	318
0	602
0	131
30	1491
21	354
0	1361
0	580
14	55
236	318
2	212
121	71
2	44
0	0
0	0
0	0
0	0
0	0
13	23
0	13
0	20
0	0
0	0
0	15
3	13
0	2
0	6
0	0
0	0
25	143
0	137
0	130
0	147
0	32
81	6
0	0
0	0
128	120
0	32
0	37
0	18
158	111
228	32
1	4
0	0
3261	1696
0	938
0	1353
1	726
0	17
0	0
0	0
0	13
0	157
6	263
0	28
0	292
0	0
0	290
38	467
0	13
9	76
4	43
0	284
0	1914
0	1938
125	2262
23	1983
19	888
0	104
0	40
0	1595
0	47
68	41
20	1241
37	1819
0	55
44	620
167	620
87	88
147	466
0	47
186	33
1753	575
4	48
0	6
0	6
0	0
0	0
0	0
0	0
0	0
0	6
0	6
0	6
0	131
0	149
15	131
286	55
0	5
0	2
0	113
0	113
0	105
0	0
0	0
0	0
153	8697
8	728
0	1249
507	1310
0	879
542	8591
0	250
111	587
173	580
7	1020
0	502
410	244
2	41
31	61
66	929
0	276
10	811
7	1108
5	750
15	654
0	580
5	118
2	127
5	12
0	9
9	63
7	229
12	140
3	55
0	580
5	80
23	82
0	89
0	54
0	33
0	0
0	0
0	0
0	0
0	0
0	0
0	0
0	0
0	70
3816	79
35	9
1	2
6	85
0	53
0	68
0	66
0	64
0	0
0	1
0	0
0	0
0	0
0	0
0	0
0	0
0	0
0	0
0	0
12	0
0	0
96	502
0	152
0	404
0	295
0	356
1	84
0	191
0	277
18	123
5	225
28	189
0	38
0	123
2	188
0	2
41	114
72	16
497	1332
7	1073
5	1195
0	952
0	0
0	0
0	0
0	0
0	0
0	0
0	0
97	919
2	899
0	917
0	913
6	924
0	807
43	112
0	93
5	78
0	917
0	0
1	1898
3814	1247
0	1247
0	0
52	352
1	307
0	295
0	0
0	70
0	27
0	14
0	14
0	22
0	11
0	12
0	11
0	16
0	0
0	0
0	0
10	0
0	113
0	111
8	9
0	7
0	7
4	0
0	0
0	18
0	2
0	2
0	18
0	0
0	0
0	0
0	0
0	5
0	1
0	1
0	0
0	6
0	6
0	0
0	6
0	6
0	0
0	0
0	0
0	6
0	0
0	0
0	0
0	0
28	1596
26	1772
0	930
107	1155
4	54
0	587
30	3
5	748
0	32
0	294
0	118
0	110
0	19
31	19
3	963
22	58
0	0
0	0
0	0
22	4634
17	3457
4	3450
2	1728
39	1594
0	0
15	115
0	3408
1	3916
0	0
0	0
0	0
0	0
0	0
0	0
0	0
0	0
0	0
0	0
0	0
0	0
0	0
0	0
0	0
0	0
0	0
0	92
7	21
0	92
0	95
0	77
0	110
0	111
0	3
11	31
4	9
31	32
0	13
0	10
0	3
0	6
0	11
0	38
0	19
0	195
0	0
0	0
0	31414
0	0
0	31375
0	13793
0	13784
0	11862
0	11861
0	11861
0	11858
0	45
0	13793
0	29985
0	710
272	1110
3	24
0	1192
0	4708
13	27001
0	27525
0	28403
0	28507
0	29855
0	26897
19	27773
0	28552
23	29258
0	29304
0	27654
0	29669
0	30287
0	29694
0	29936
0	30195
0	29929
0	30332
3	29055
5	29878
1	30856
0	508
0	1471
56	6832
0	28244
198	0
0	317
0	27173
0	28726
0	1096
0	29029
0	25662
10	14113
11	1703
4	26039
0	27365
0	16045
0	30200
0	29250
13	25482
0	29217
0	9446
0	1245
0	26380
0	27066
0	74
0	26387
36	4889
43	1386
0	2294
79	19687
5	1840
0	0
5	27
0	27
0	0
0	0
0	25
0	25
0	0
0	0
0	0
0	336
0	0
0	0
0	0
0	0
0	100
6	18
0	43
57	24
42	256
0	100
8	17
0	0
0	0
0	0
4	26
7	301
0	14
528	295
0	0
574	650
4	6
19	190
11	298
98	388
68	0
0	0
0	0
0	0
0	0
0	0
0	0
0	0
0	0
0	552
21	86
0	83
51	588
0	121
0	588
41	125
751	458
56	22
0	603
0	485
0	9
33	1062
0	0
0	0
0	0
0	0
0	0
0	0
5	75
69	658
0	540
26	503
30	176
8	33
59	37
21	141
0	33
0	0
0	0
0	27
0	0
1	16
0	0
0	0
0	0
0	0
0	0
8	111
0	5
0	0
0	0
0	0
0	0
0	0
0	0
0	0
0	0
0	0
0	0
0	0
0	0
0	0
0	0
0	0
0	8
20	8
0	0
0	8
0	0
0	0
90	223
18	223
0	202
505	224
0	33
1	180
0	21
0	0
0	0
13	113
8	180
24	244
103	207
3	144
4	162
0	126
15	72
1	19
0	46
0	41
1	126
0	62
0	222
940	1145
0	51
0	1059
3	288
35	745
15	547
0	0
0	0
3	922
4	1196
0	1202
26	172
3	31
9	0
27	448
4	419
0	163
0	63
384	45
12	6
22	0
0	646
3	24
0	53
61	240
15	737
6	938
0	563
80	372
59	87
458	12
0	12
0	195
2	197
0	1
115	319
0	19
12	17
0	1
0	0
0	4
0	300
144	0
821	1085
18	1019
27	917
0	366
2295	3226
16	2096
49	832
106	0
22	1017
0	147
10	785
118	1730
194	2456
0	1581
0	684
39	1602
8	376
6	318
14	693
19	112
0	0
0	0
0	0
2	110
614	122
0	12
17	50
303	2337
15	44
0	22
0	65
237	856
0	0
7918	260
2	0
76	260
8	42
7	43
11	938
29	911
16	644
0	221
0	95
2	65
15	5
0	131
1412	8648
63	8940
0	6950
17	929
0	433
0	1967
0	280
0	608
0	538
22	6586
63	7306
0	6060
0	7353
0	374
0	829
19	918
9	1118
7	799
5	523
19	209
6	616
142	2100
59	5410
15	12558
0	0
0	0
0	29
0	38
0	2
0	19
10	43
0	39
0	0
0	0
0	0
0	0
0	820
32	1347
0	808
0	965
14	1006
0	515
0	97
0	457
0	236
0	570
0	86
6	376
120	1037
18	167
23	141
0	1
0	917
0	24
0	225
0	7
0	184
0	184
0	541
7	536
0	12
0	4
0	415
0	24
0	184
14	99
23	0
0	0
0	0
0	0
1	117
69	229
3	172
0	148
0	106
0	24
20	97
0	76
0	87
15	52
0	69
0	52
16	57
453	337
6	3
3	339
0	306
0	80
0	59
18	35
14	117
0	47
11	1073
0	0
0	0
0	0
0	3
0	0
10	0
0	0
0	0
0	0
0	3
0	180
103	507
0	496
386	500
0	553
0	0
0	0
0	0
0	0
0	182
881	205
0	60
17	670
0	45
0	5
0	5
0	21
0	45
0	43
0	5
0	35
0	34
0	7
0	617
0	1
0	37
0	26
0	33
0	0
0	6
4	0
0	0
0	0
0	0
6	14
20	190
0	10
0	0
0	0
0	18
0	27
9838	6300
11	3171
0	2130
21	33
4	572
0	469
50	289
50	6049
17	4
5	10
92	415
7	440
0	6
10	379
0	0
0	0
0	0
0	0
0	0
0	0
0	0
0	0
0	0
123	674
0	455
8	497
0	389
0	173
0	244
0	173
0	3376
0	0
0	0
0	0
0	9
0	9
0	0
0	0
0	3367
0	0
0	6
0	3
3	3
145	4219
0	2090
5	21
0	68
4	38
4	32
0	3
0	740
0	766
93	770
0	782
0	30
11	25
9	1097
4	2599
61	2615
0	789
6	285
8	35
11	85
0	0
11	226
0	80
0	77
0	7
0	0
1	134
0	303
0	303
0	3
148	7409
39	7395
23	7459
0	7536
0	7523
499	3607
54	145
0	202
72	1134
100	343
56	37
10	37
0	33
0	1
0	14
0	48
0	48
5	377
0	48
0	89
0	89
0	344
0	0
4	0
2	279
0	303
10	311
0	0
0	0
0	3
1049	424
0	138
12	120
0	180
0	159
0	170
0	36
0	0
0	0
0	1461
0	15
0	69
0	532
0	514
0	70
0	542
0	529
0	544
0	86
0	21
0	559
0	559
6	681
0	159
21	12
8	757
43	3
0	109
0	9
0	36
0	30
0	59
11	693
3	720
4	138
0	760
0	677
0	208
0	26
119	411
3	166
7	9
0	171
0	184
0	203
0	71
0	245
0	288
0	52
0	103
0	245
0	3
0	27
0	0
0	8
1423	8
0	1014
1	926
2	42
0	89
0	22
3	1
9	31
7	640
0	155
0	0
0	0
0	0
14	0
0	0
41	122
2	769
33	1385
276	387
9	311
0	669
0	310
0	87
0	0
0	78
6	8
162	0
0	1256
0	1223
5	17
19	13
3	38
0	0
1	0
27	244
0	47
0	1
0	11
0	66
0	0
0	0
0	4
0	0
0	0
0	18
0	0
0	66
0	84
1	71
0	84
0	4
0	0
0	8
0	14
0	3
0	14
3	0
0	14
0	14
0	15
9	3445
0	4274
0	3452
35	2228
16	2847
87	3551
13	3
1	1692
0	1480
0	1488
0	2117
0	908
0	1791
0	1778
0	710
0	699
4	1998
0	1175
0	1253
0	602
0	1176
0	481
5	858
0	724
0	705
0	553
0	510
24	524
0	529
0	27
2	787
0	281
0	148
0	57
9	0
0	52
21	47
4	34
66	39
2	3
0	106
0	106
0	106
0	97
6	78
31	70
0	106
0	106
0	106
0	2
25	2
0	0
0	7
0	7
0	0
0	12
0	214
0	4
0	46
0	4
0	55
0	232
0	0
0	48
0	48
0	63
0	43
0	403
0	237
0	367
0	33
0	51
0	86
0	66
0	51
32	70
0	99
0	107
0	14
0	37
0	79
3	15
0	54
18	27
0	0
0	0
0	0
0	0
24	523
70	59
0	480
0	0
0	0
0	0
0	0
0	0
0	0
0	0
11	811
143	787
0	93
113	480
154	309
0	558
0	1140
0	1085
0	1105
0	0
0	2146
0	2612
2	94
0	623
0	512
0	2551
0	2020
0	113
0	1
0	0
0	253
0	0
0	72
0	135
3	116
0	585
0	525
0	1931
0	60
0	552
3	549
0	75
0	25
0	141
0	125
0	396
1	0
0	0
37	69
0	63
0	91
0	136
0	153
0	181
0	103
0	63
0	97
0	97
0	103
2	97
0	97
6	100
0	102
4	97
0	154
0	97
15	116
0	107
0	97
0	50
0	82
0	4
0	51
1	89
0	85
0	0
0	0
0	1
0	85
0	83
9	70
0	79
220	627
171	172
23	542
5	193
0	142
9	390
8	17
0	43
730	92
1	35
0	84
0	82
19	33
0	10
1	55
0	57
8	55
77	36
0	1
0	16
0	20
32	27
0	27
0	0
0	4
0	0
0	0
0	0
0	4
0	7
0	7
0	0
0	0
0	0
0	0
0	0
0	0
0	0
0	0
0	0
0	0
0	0
0	0
0	0
0	0
0	0
0	0
0	0
0	29
0	21
0	248
0	0
4	8
8	100
0	256
0	0
518	1119
17	1038
7	30
0	646
6	9
9	173
0	99
0	51
0	0
171	1105
0	141
19	5
0	39
0	797
0	890
0	118
0	63
0	1
0	90
0	0
0	60
0	23
0	136
4	71
11	0
396	165
0	50
3	0
9	20
0	22
148	401
0	96
27	280
20	212
27	88
20	256
587	11419
201	0
194	524
245	6723
0	5156
14	5156
53	2110
28	9385
0	4390
0	298
146	2910
0	0
0	426
3	366
2	9
0	426
0	10
0	10
0	6
0	55
35	282
0	26
0	183
0	68
0	99
0	140
25	397
26	178
0	177
0	143
0	0
0	0
14	0
0	0
0	0
0	0
0	0
0	0
0	0
0	0
0	0
0	3
7	7
1	40
0	33
0	4
18	174
2	25
0	7
0	174
0	55
1	5
0	0
0	42
0	2
0	4
34	407
103	407
10	268
0	0
0	0
0	0
0	0
0	0
6	1511
0	467
13	306
64	662
0	44
0	168
16	274
0	915
0	55
6	247
49	125
6	256
423	325
17	7770
0	7620
93	7620
0	1130
0	1517
0	468
0	404
27	517
16	349
3	320
0	22
0	2
0	1
0	3
6	8940
220	8915
41	872
32	1093
8	149
203	24
14	377
0	568
40	495
10	228
0	20
15	204
8	77
0	59
34	36
3	305
0	26
13	447
65	192
0	295
3	160
12	196
0	10
9	247
12	227
0	0
0	0
0	0
0	0
0	0
0	0
0	0
0	0
0	0
0	78
0	0
0	101
0	81
0	0
0	0
0	21
0	21
0	0
5	6
0	6
0	15
0	15
6	179
0	0
12	0
0	0
0	0
0	0
0	0
0	0
17	78
49	1015
3	254
119	1079
2	154
7	83
0	360
0	1047
30	60
0	0
0	0
0	0
0	15
0	15
0	15
0	15
0	15
0	0
0	1
0	2
5	0
0	14
0	0
5	1
0	1
0	1
0	0
0	0
0	3
0	10
0	0
0	1
0	10
0	10
0	0
0	0
0	0
0	0
0	0
0	0
0	0
0	0
0	0
0	0
0	0
0	0
0	0
0	0
0	0
0	0
0	0
0	0
0	0
0	0
0	0
0	0
0	0
0	0
0	0
0	0
0	0
0	0
0	0
0	0
0	0
0	0
0	0
0	0
0	0
10	0
0	0
0	0
0	10
0	134
0	73
0	14
0	6
0	2
0	134
41	296
0	23
0	135
8	252
4	130
12	124
0	63
16	24
0	226
0	0
0	0
0	0
14	981
5	1345
2	75
0	398
0	133
1	1345
0	394
0	52
19	1541
5202	3874
4	1055
11	1976
55	134
63	184
43	402
28	504
19	0
1	3685
0	812
0	1515
57	314
0	96
0	0
0	0
0	0
0	0
0	0
9	0
0	1342
20	1297
0	1328
0	546
16	17
5	75
0	93
4	64
8	65
0	21
153	3748
0	2542
0	19
2	122
0	243
0	151
0	34
0	22
0	3750
0	3748
0	10
8	26
0	6
0	5
0	2
0	6
0	2
0	0
0	11
0	11
0	11
10	11
0	7391
153	676
0	6663
0	594
0	7391
0	597
0	564
0	604
12	506
16	1233
16	1170
0	215
0	257
7	67
51	1038
0	258
63	213
0	0
0	29
0	0
0	0
0	0
0	0
0	0
0	0
0	0
0	38
2	43
0	43
0	27
0	38
0	24
0	12
2	26
0	43
0	118
436	305
12	54
1	108
9	112
1	1
81	1772
770	49
0	428
36	547
2	703
19	557
0	73
0	134
0	79
9	434
1754	4959
1	144
6	3584
0	93
11	1247
46	241
0	4064
47	448
3	54
0	10
108	116
0	68
0	38
0	36
0	166
0	13
0	53
0	29
0	7
11	0
0	7
0	7
0	6
0	0
0	0
0	6
0	6
0	6
0	0
0	0
0	0
0	0
0	0
0	0
0	0
0	6
0	6
0	6
0	0
0	0
11	142
0	0
0	397
0	390
3	9
62	5
4	15
96	21
0	6
25	74
6	74
0	25
0	536
0	466
0	20
0	528
0	528
0	472
0	527
0	528
0	528
0	536
0	464
0	370
0	528
0	528
0	520
0	528
0	417
0	520
0	425
0	434
0	464
0	426
0	511
0	519
0	519
0	511
0	515
0	528
0	528
0	519
0	281
0	434
0	499
0	520
0	499
0	51
6	462
0	0
11	0
0	33
0	4
14	61
334	266
0	57
0	50
5	16
0	16
0	16
0	16
3	16
0	0
1130	2099
62	73
1	151
65	1843
20	41
0	142
0	67
0	0
0	0
0	0
0	67
0	67
17013	0
373	68
0	28
0	0
0	11
0	0
0	0
3	7
129	0
0	0
0	592
0	0
0	0
0	0
834	4257
0	0
0	0
6	0
0	0
0	0
0	0
0	0
0	0
0	0
10	22
0	1
0	13
0	1
3	158
94	366
0	57
170	35
0	130
3	0
4	37
0	0
3	0
3	186
0	6760
26	5731
0	967
53	692
0	0
3	1551
30	299
4	503
1	12
17	162
0	7
6	0
0	0
0	0
0	0
0	0
10	5792
0	3
0	10
0	11
0	0
0	11
0	0
16	37
20	310
34	0
0	272
0	310
0	18
0	18
0	17
0	18
0	17
0	17
56	83
15	1
0	1
144	3583
0	3581
0	2918
0	1976
0	1683
0	1297
0	1318
7	185
0	1216
0	1071
0	1318
6	1328
0	1413
2	239
8	651
0	1333
0	1428
10	952
0	1331
0	1193
0	1241
0	1350
0	1313
0	1395
5	1342
0	1183
0	1290
0	1405
15	1120
0	1327
1	885
0	1271
0	1065
0	1257
27	635
2	523
0	281
15	150
0	48
0	139
0	316
0	143
0	223
0	190
0	218
0	102
0	116
0	65
7	83
3	0
0	58
8	62
13	0
0	22
0	10
0	54
0	10
0	10
0	10
0	12
0	31
0	2
0	0
17	9
27	8
0	0
0	4
0	23
0	0
0	10
3	10
0	0
0	0
0	0
0	3
0	3503
0	3220
0	0
0	0
0	0
97	1076
0	1125
49	993
0	106
120	971
8	32
19	81
0	150
2	121
0	454
0	670
0	771
0	257
0	63
15	808
0	88
0	66
0	811
0	808
5	0
0	0
0	0
0	0
0	0
0	266
30	266
11	9
0	306
0	300
0	0
0	0
1	2
0	0
0	306
1	301
0	3
18	429
0	9
0	0
0	0
0	10
1	151
0	125
0	130
0	15
0	3
0	0
0	3
0	40
0	40
0	0
0	0
0	0
0	0
0	0
0	0
0	0
0	0
0	0
0	0
0	0
0	0
0	0
0	0
0	0
0	0
0	0
0	0
1	222
0	0
0	0
0	865
12	1171
12	350
0	792
0	34
0	365
6	385
0	0
4	4390
24	7888
1158	12058
160	3773
74	305
1804	7921
20	1343
13	1495
0	0
0	0
0	0
0	0
0	0
0	0
0	0
0	0
0	0
0	203
4	111
19	42
4	333
8	4027
4	45
0	4276
130	4249
0	63
9	4032
2	2666
0	260
0	0
0	223
0	142
0	82
22	196
39	4
3	215
1	9
13	8
25	216
2	97
0	3814
3	367
645	3426
103	3480
149	2049
0	95
0	76
3	69
0	253
0	284
0	263
10	96
3	114
9	243
0	239
30	251
0	250
0	71
0	31
5	50
20	29
0	27
0	141
34	96
0	37
0	127
0	75
0	19
9	15
0	6
13	0
0	20
16	3
0	6
0	0
0	25
0	7
0	21
0	6
0	133
0	0
0	0
0	0
0	0
0	0
0	17
0	19
0	12
0	19
0	17
0	15
0	1
0	0
0	0
0	0
0	0
0	0
0	0
0	0
0	0
0	0
0	0
0	0
0	0
0	0
238	326
0	348
0	321
29	321
44	356
0	32
0	5
0	0
0	326
14	0
0	0
19	1441
0	1405
12	24
1	30
0	27
3	1
120	103
0	42
0	77
0	424
5	415
0	304
0	444
25	358
0	313
0	409
18	16
9	82
0	91
0	62
0	2
10	15
272	1698
145	1403
21	1704
15	1153
6	846
0	855
12	140
0	0
5	101
0	0
9	2054
0	1700
11	2134
84	798
0	320
4	268
0	192
0	151
131	0
3	260
42	314
0	47
2	52
0	31
0	22
0	1
0	17
0	5
17	0
0	0
0	2
27	572
0	0
0	0
0	0
0	0
0	0
0	0
0	0
0	0
0	0
0	0
0	0
39	0
0	0
0	0
0	1625
0	47
0	798
18	742
57	488
10	49
0	3
4	21
1	0
0	798
87	1487
0	64
0	9
1	0
0	5
11	6
0	0
0	6
10	5
0	5
0	0
0	5
0	0
0	0
27	394
0	0
0	0
0	0
0	1504
0	1424
0	1470
0	1443
0	1480
0	160
50	236
0	11
1	1
0	0
0	0
9	0
0	6
0	0
0	0
0	0
0	0
0	0
0	6
2	16
0	182
0	182
0	13
4	153
0	0
0	0
0	345
0	0
0	9585
8	379
0	763
7	368
0	429
286	9324
1	10006
18	557
3	496
1	0
12	469
56	42
392	4665
66	338
2	52
78	725
0	9585
0	8903
0	1
43	412
0	596
32	432
0	113
0	167
0	281
24	207
6	230
0	179
407	287
9	287
6	18
0	95
1	14
0	8
0	8
0	77
0	78
0	0
0	0
0	0
0	0
0	0
0	0
0	0
0	0
0	0
0	0
0	0
0	1055
0	1172
0	1122
8	0
3988	1066
7	28
68	28
5	1038
0	0
0	0
1	185
0	122
0	145
22	98
26	5
8	6
0	0
0	0
0	20
0	14
0	14
0	14
0	13
0	0
0	0
0	5
0	11
42	15
0	7
0	5
205	135
0	0
4	93
22	97
69	1054
0	942
6	1304
0	1109
0	1380
0	103
0	897
3	1265
0	1090
17	2
0	1
0	186
28	221
0	363
0	277
0	0
0	202
0	564
0	301
64	113
0	141
0	0
33	162
6	113
3	104
5	0
0	0
0	50
0	41
0	1
0	11
0	148
0	6
0	445
2	613
0	564
4	434
35	468
65	558
0	31
0	36
0	65
0	65
1	0
11	81
21	81
3	91
0	24
5108	0
597	41
1	41
24	2654
51	2152
0	4385
0	13961
0	6569
0	5971
0	6546
20	1714
1	180
0	1412
13	1816
0	12027
0	2502
0	2177
0	2449
0	2340
49	1019
0	1096
0	1126
0	662
0	1495
0	704
0	0
0	0
0	0
0	0
0	0
0	9
7	230
3	114
45	114
0	230
0	51
0	27
0	63
0	220
0	233
0	215
0	33
0	31
0	38
0	82
0	30
0	0
0	224
0	279
0	221
8	899
45	897
0	104
1	266
0	46
17	101
0	226
0	166
9	197
6	62
18	160
47	203
12	195
0	5
1564	65
0	0
0	63
0	2
0	8
0	8
0	3
0	3
5	0
0	0
0	0
0	0
7	0
0	0
0	0
4871	7785
15	320
29	534
141	402
4	1
34	7487
4639	2231
224	1843
0	71
0	17
0	244
1	198
2	1810
22	580
0	34
20	576
0	219
6	481
2	3
2	222
19	38
5	77
0	11
0	11
0	62
0	5
0	4
0	0
0	62
0	305
4	75
8	22
0	50
5	19
7	260
0	1525
0	94
0	180
4	619
1	1601
0	256
0	162
23	787
31	181
0	105
40	133
45	371
14	88
0	0
0	0
0	0
2229	174
2	81
0	4
202	304
0	304
0	70
0	0
0	21
3	0
0	8
0	0
0	0
0	0
0	0
2	0
0	0
0	0
0	0
0	0
934	3017
6	3012
0	16
42	340
122	453
26	69
0	698
0	172
54	502
224	55
0	55
0	15
0	0
0	0
0	0
0	0
0	0
13	0
0	0
0	0
0	492
0	1022
0	48
0	465
0	49
0	0
0	59
0	4
23	541
0	50
0	27
0	1112
0	1077
0	1083
0	5
0	5
0	5
0	5
0	0
0	0
0	0
0	0
0	0
0	0
0	0
0	0
0	0
5	526
0	1579
0	527
0	10
0	6
0	1
0	1569
0	4
0	0
0	4
0	0
35	332
0	318
6	115
22	94
3	258
0	51
0	38
0	0
0	0
0	0
0	0
15	54
0	14
0	32
0	29
0	0
0	0
0	5
0	5
1899	11598
2	13666
0	8154
0	14637
727	13853
0	12633
1	12451
4	12196
0	10088
0	8908
0	7001
0	6116
0	4435
0	10681
3	13458
0	10844
0	8621
0	4630
5	4064
14	6841
21	2040
123	2042
0	2884
0	2932
0	1908
0	2434
0	1652
51	3720
0	675
84	506
121	841
0	863
3	10408
0	1993
0	1383
0	0
0	0
0	83
0	61
0	83
145	354
0	103
0	88
0	96
0	45
0	19
0	103
0	152
0	1642
0	1021
0	4918
0	4615
0	4689
1	5205
0	5209
0	5586
37	5205
9	4420
0	1708
28	117
0	4674
7	4098
0	4577
0	0
0	0
0	0
0	0
0	460
55	467
12	471
0	487
0	454
2	471
37	399
0	449
0	384
0	360
0	323
0	43
22	53
2	4
0	17
0	18
0	10
0	0
0	8660
0	2644
0	2751
0	2954
9	2493
0	2482
0	8395
26	2680
0	3241
0	5982
0	3206
7	2577
0	8358
3	3013
112	2623
0	3000
4	1532
0	2635
1	1889
0	2378
0	2999
0	2640
0	3361
0	2747
0	1819
41	2947
0	2301
0	2173
0	1167
0	1379
0	91
7	25
0	58
0	1082
0	0
0	137
64	5612
0	64
0	8056
0	8361
0	8357
59	173
0	49
2	59
0	16
0	173
149	442
0	22
23	440
1	258
1380	246
0	920
0	932
0	919
0	26
0	30
0	7
0	1
0	7
0	0
0	0
0	0
0	0
0	1
0	1
0	0
0	0
0	0
0	0
0	0
0	0
0	1
1008	8219
62	7750
201	6481
12	4596
47	1116
238	151
61	798
0	493
4	102
8	582
0	1047
1	0
0	830
44	413
0	197
0	124
2	836
149	707
29	96
0	141
0	107
5	223
3	161
0	284
0	145
24	0
92	359
18	106
13	28
0	41
0	22
0	22
0	19
0	160
0	0
15	52
323	536
0	154
0	142
0	140
0	37
6	198
6	44
1	161
0	233
15	206
0	0
12	679
24	37
0	26
0	20
8	26
0	1
0	0
3	818
0	0
8	150
2236	150
0	9
0	0
13	501
0	0
0	9
50	1980
19	1892
0	1774
0	3770
768	2315
38	7552
74	665
58	6005
0	1811
0	2821
30	2269
57	4466
227	6010
38	447
100	371
0	67
4	199
0	115
3	65
0	8
0	3
0	0
0	0
5	8
0	145
418	3257
54	3253
291	2315
7	297
0	806
5	155
0	38
0	517
16	2047
17	9
0	0
0	9
0	0
0	0
0	0
0	0
0	0
0	9
0	0
0	0
0	0
0	0
0	0
0	0
0	0
0	109
214	685
0	285
0	2
0	12
218	842
0	832
0	165
0	289
0	216
0	90
0	0
10	9
0	39
0	1
0	11
0	63
0	61
0	246
0	61
18	1
0	11
0	133
213	518
0	487
0	215
19	368
0	27
4	517
8	81
0	4
0	4
0	4
0	4
0	0
0	4
0	0
0	4
0	4
0	4
0	4
0	4
0	45
0	119
0	111
4	0
0	53
0	3916
4	16
44	811
0	0
6	20
0	0
0	14
0	29
0	0
0	3099
0	2896
0	0
6	0
23	0
0	0
0	0
0	0
0	0
0	0
0	0
3154	729
6	448
13	281
0	0
0	0
33	1126
0	1126
0	73
27	27
1	11
0	0
0	0
330	981
0	928
17	272
0	282
0	197
0	126
0	89
0	137
0	22
7	1220
0	1488
24	805
0	215
7	609
4	308
0	193
0	285
5	9
6	18
0	0
0	0
0	0
0	0
4	33
0	0
18	20
4	13
0	19
0	27
50	304
194	200
0	22
1	0
2	0
0	28
0	27
0	0
0	2
0	13
0	0
0	0
0	0
0	37
0	738
0	839
0	255
0	150
0	306
14	263
9	273
0	301
0	6
0	0
8	22
0	189
0	329
39	236
0	243
18	863
0	201
0	56
0	50
0	33
0	71
0	33
0	69
7	13
4	2
0	317
0	16
0	0
0	0
0	14
4	13
0	14
0	16
74	570
0	103
0	625
0	128
0	91
0	93
0	164
0	95
0	621
0	24
1	24
0	10
0	0
0	0
0	0
0	22
27	9
0	9
0	0
0	0
0	0
0	0
0	10
0	10
0	10
0	10
0	10
0	0
0	10
0	3242
13	2987
6	3105
0	3164
93	752
7	1764
165	22
30	909
0	1687
0	534
0	0
0	0
0	0
0	0
31	450
1	158
3	33
57	2
0	481
0	481
0	0
0	0
0	0
0	7
0	7
0	367
0	72
19	185
0	367
0	42
29	126
0	52
1	20
2	85
1	39
19	275
1	21
4	0
0	778
0	792
10	400
0	781
27	97
0	61
0	0
0	236
16	1
0	1
33	1584
0	362
0	196
0	40
0	105
0	202
0	150
1	54
0	45
0	121
0	180
2	233
27	3
29	809
12	47
0	357
0	409
0	143
0	904
0	32
0	6
0	71
0	64
0	5
0	55
0	0
1794	1522
0	214
0	355
0	54
0	360
14	612
27	291
13	251
48	214
0	48
4	642
0	634
95	3670
0	3509
0	0
22	735
11	420
22	95
0	3560
0	3504
6	48
0	5
1	2
6	39
0	2
0	37
0	0
14	1223
8	654
6	995
43	163
11	819
16	594
19	779
0	53
0	0
0	7
0	31
0	7
0	45
1	55
0	32
0	52
0	65
53	100
55	21
0	13
0	683
1	241
0	241
0	416
0	831
0	608
0	861
0	835
0	245
0	259
1	1593
5	798
0	433
2	328
0	725
0	632
0	180
2	423
0	1521
3	824
0	879
0	360
8	257
0	57
0	817
4	13
0	1391
118	1193
4	37
42	138
0	1071
1040	1059
0	303
0	557
24	15
502	334
0	255
0	509
0	537
0	504
0	71
0	248
3	0
0	0
0	0
0	0
0	0
0	0
0	0
13	4
0	0
0	0
0	0
0	0
1	0
0	19619
384	21508
3	19582
245	19555
8031	23341
1106	20573
113	16141
249	15588
3	16113
5	5555
15	2561
1	5093
29	1595
46	7388
1	2459
0	1
1099	5815
0	8728
0	6936
20	4710
1	1935
13	1691
71	2708
1	1030
0	2105
0	1724
1	1535
0	2255
0	2088
0	556
0	1687
0	1366
0	1913
0	1801
84	4066
1142	3275
1598	2166
1	2653
0	705
13	1762
0	1128
81	3039
0	869
0	384
0	84
55	216
130	215
0	9
0	0
0	1
0	0
0	9
0	9
0	9
0	0
0	0
0	0
0	0
0	1
0	0
0	0
0	0
0	0
0	0
0	0
0	0
0	1
0	0
79	930
2	845
0	828
6	821
0	340
0	331
0	285
6	394
0	31
0	64
0	88
0	86
0	60
20	49
0	0
0	0
0	21
0	8
0	8
0	0
0	0
0	8
0	0
0	8
0	0
0	0
0	8
0	409
0	0
0	8
0	0
0	0
0	0
0	0
38	647
1181	1043
0	123
17	14
35	43
1	870
251	361
15	43
0	360
8	179
0	46
2	47
0	0
0	0
0	0
0	0
0	0
0	0
0	1794
20	1793
7	485
0	216
3	334
0	252
0	138
0	291
0	1793
775	0
0	0
0	0
0	0
0	0
0	0
0	0
0	0
0	0
0	0
0	0
0	0
0	0
0	0
0	0
0	0
0	0
3	202
0	0
0	4
0	4
0	0
0	0
0	0
0	0
0	0
0	0
0	0
2	4
0	2
0	2
0	2
0	2
0	0
0	2
0	0
0	0
0	0
0	2
0	2
0	2
114	242
0	14
0	3
0	3
0	0
0	0
0	3
0	3
0	3
0	3
0	0
11	41
0	28
0	4
0	6
11	6
0	59
13	5
2	6
15	5
0	1
0	2
0	4
0	12
0	3
3	11
0	11
0	8
0	0
0	8
0	0
0	0
0	0
0	0
0	0
0	8
0	0
0	0
0	0
0	11
0	127
0	97
13	180
0	2
0	35
2	59
0	112
8	112
0	14
0	10
0	0
0	740
5	163
0	44
0	0
0	0
0	0
0	0
0	0
0	0
18	826
57	299
0	499
0	174
0	15
0	146
12	0
0	231
0	34
0	9
0	105
0	41
5	41
8	90
0	0
0	0
0	0
543	1664
26	1605
0	0
1	0
0	0
0	0
0	0
0	0
0	0
0	0
23	8
0	8
95	1234
61	4197
23	3813
1	661
25	534
41	265
4	534
13	962
23	67
1	98
0	2
0	202
3447	1568
0	1297
2	415
410	128
0	0
0	25
0	53
15	6
40	66
7	34
0	0
0	0
0	0
0	0
0	0
1513	112
0	112
17	2241
115	1120
24	2124
77	693
5	1479
19	0
1	296
16	352
0	679
0	489
0	15
44	104
259	104
0	83
0	10
1	877
0	836
10	523
11	33
0	74
14	4
22	46
0	2
0	25
13	12
1	94
36	107
32	46
0	119
29	8
491	4690
0	117
0	124
0	101
22	26
0	252
28	166
30	1466
0	260
1	142
128	4295
104	15
0	660
66	478
3	279
7	247
4	524
27	319
0	120
0	14
44	271
0	34
0	80
0	26
0	0
0	0
0	0
0	0
0	0
0	0
0	0
0	0
0	0
0	0
0	0
0	0
0	0
0	0
0	0
0	0
0	0
0	0
0	0
0	0
114	133
0	0
47	0
314	0
0	0
0	0
14	0
0	0
0	0
0	0
0	0
0	0
0	0
0	0
0	0
522	413
0	27
9	386
3	4
0	0
0	0
0	0
0	0
130	387
14	720
13	28
0	325
0	9
14	1865
0	2602
0	1531
0	1831
16	826
0	2779
0	9
0	1463
0	664
0	576
28	2
0	0
11	736
0	87
0	2438
0	642
2	0
96	356
7	93
0	346
0	74
49	25
1	126
0	36
0	3381
582	1102
4	3383
6	3179
409	194
15	226
161	2803
527	2371
6	141
1	254
1	127
14	99
0	86
0	62
0	3355
0	2
8	105
0	105
12	76
0	0
0	0
0	0
0	0
0	0
19	125
0	0
0	0
0	0
0	0
0	0
0	0
0	0
0	0
0	0
0	8
0	8
0	8
0	3284
7	1191
0	3158
0	2738
0	3019
0	2808
1	3019
0	2648
0	2835
18	2871
4	229
1	1790
9	109
0	2633
0	220
65	22
22	158
52	8
46	1799
2	629
0	178
11	242
0	106
0	82
2	1142
0	328
0	193
8	218
0	209
0	186
0	246
0	175
16	359
5	175
0	102
0	27
0	119
7	150
0	86
0	2928
0	3254
0	3926
0	49
0	3524
0	3191
0	93
0	293
0	169
3	11
0	179
0	233
0	384
12	766
0	546
13	585
35	1
43	57
5	6
0	0
0	3
0	0
0	0
0	3
10	244
0	91
13	48
18	84
38	70
0	2
0	68
0	67
0	51
5	20
13	12
0	123
0	3
0	3
0	0
0	10
5	0
0	1
0	1
0	10
0	0
12	0
2	3
0	20
8	406
0	0
0	402
0	406
13	0
10	406
0	0
0	5787
0	10815
0	725
4	338
0	10304
0	0
0	0
0	0
0	0
0	0
0	0
0	0
0	0
0	0
0	0
0	0
0	0
0	0
0	0
0	0
0	0
0	0
0	0
0	0
0	0
0	0
0	0
0	0
0	0
0	0
0	0
0	0
0	0
0	0
429	8
0	0
0	0
0	0
0	0
0	0
0	0
5	2162
0	1797
0	105
0	136
0	130
0	132
0	58
0	15
0	41
0	28
0	34
0	26
0	40
0	8
0	18
0	18
0	0
0	18
0	28
0	0
1091	789
0	0
0	0
0	0
0	12
0	10
0	42
0	0
0	16
0	0
0	0
3	132
0	11
0	25
3	164
0	13
9	21
0	12
0	159
0	98
0	145
4	114
0	82
12	93
0	13
0	125
0	120
19	875
13	206
55	13
19	637
3	627
48	2054
22	1888
543	284
23	19
27	200
119	193
86	164
0	913
0	0
0	0
0	0
0	0
0	0
0	0
0	238
238	669
0	260
21	26
0	410
3	192
104	417
10	265
101	1060
9	3330
166	3742
0	3332
4	140
12	100
0	972
52	851
47	740
28	201
4	3115
0	0
0	0
0	642
7	484
0	631
0	536
4	615
0	3
0	69
0	108
0	0
0	0
0	0
0	37
0	0
0	0
0	37
0	0
376	853
1	601
12	7
7	0
0	689
0	1
0	1
0	1
0	1
0	1
0	0
0	0
0	0
0	0
0	0
3	7
0	1
0	0
7	434
0	469
0	296
12	359
19	13
0	109
23	107
1	453
13	4672
0	44
31	84
0	531
0	4675
0	40
0	207
0	133
0	189
0	241
0	158
0	269
0	78
0	296
0	207
0	118
0	41
0	135
0	87
0	825
0	690
0	423
0	425
0	458
3	100
1	47
0	52
0	1
1	22
0	225
0	178
0	397
0	809
27	410
0	5
0	5
3	16
0	135
0	32
0	398
198	438
0	0
0	0
0	0
0	6
3	108
0	6
0	1663
20	1725
0	779
5	62
0	37
17	49
6	81
0	31
8	52
0	1627
0	284
7	620
0	621
0	626
0	616
0	575
29	106
16	11
0	33
1946	1151
0	119
289	1047
3	817
17	317
8	50
9	378
41	14
0	224
7	29
14	28
8	178
0	176
0	13
0	13
15	1263
19	17
0	17
0	0
24	34
0	23
0	47
0	0
0	0
0	0
0	0
0	0
0	0
0	0
0	0
0	0
0	0
0	0
0	0
0	129
8	1885
0	173
16	0
0	173
0	0
0	0
0	0
0	0
0	0
0	0
0	0
0	0
0	0
0	45
0	113
0	113
0	45
0	9
5	0
1	20
0	20
0	0
0	0
0	0
0	0
0	0
0	0
0	0
0	0
0	0
0	0
0	7
0	0
0	0
0	0
168	2481
125	934
0	1152
0	87
0	48
0	96
0	73
95	1731
0	39
0	176
0	226
0	58
10	109
132	450
0	203
6	254
52	286
0	200
0	149
7	79
4	40
7	11
33	21
0	0
59	998
0	1539
0	189
78	393
0	1873
11	2034
39	119
248	1451
0	201
0	174
31	32
50	27
0	197
2	783
8	100
0	2296
2	48
4	101
857	2496
0	178
2	838
0	136
396	793
0	189
2	122
0	307
8	5
0	309
0	1513
0	234
96	277
0	167
9	14
28	58
3	92
153	609
7	140
45	1050
38	837
0	577
1	128
0	183
0	48
2	116
4	43
18	952
0	617
0	856
0	1449
15	1100
35	1454
0	780
0	81
3	211
0	1058
0	226
3	18
0	646
0	178
0	895
0	9
0	562
9	636
0	1
0	26
0	0
0	0
0	28
836	12710
1	5628
14	8283
0	1191
33	7285
12	7292
6	919
0	7311
0	0
0	6
0	6
0	6
0	0
0	88
0	166
0	128
0	260
0	64
0	57
0	98
0	28
0	111
0	81
0	32
6	66
0	61
0	25
0	1028
0	1876
9	487
0	742
0	1132
2	1508
0	1348
0	850
14	1014
6	817
0	744
0	0
0	0
0	0
1250	696
21	339
5	56
0	128
8	85
0	1
0	198
12	19
0	55
82	893
1	885
0	42
0	352
0	55
0	7
0	0
0	0
0	0
0	88
0	5
0	11
0	15
0	10
0	6
0	0
0	0
0	68
3236	1947
14	1959
1	1652
12	413
364	487
15	240
0	97
7	48
7	169
0	505
8	520
100	1021
0	834
0	309
0	832
3	686
781	537
465	707
43	634
11	243
0	9
10	1
0	9
0	57
14	32
0	1903
0	1064
0	2973
0	6891
1	5964
36	350
0	1325
0	1040
0	1217
0	2951
0	6850
0	7166
8	1310
3	872
3	1802
0	1254
0	7145
0	0
564	1063
12	47
53	99
0	0
70	1128
0	146
0	153
0	153
0	152
0	179
0	11
0	254
0	3
0	25
0	12
0	68
0	57
0	67
0	225
0	19
0	1
0	121
0	5
0	23
0	6
0	29
235	456
24	20
1	146
0	456
0	447
59	622
0	184
0	487
10	365
0	395
20	154
0	0
0	0
0	0
0	0
0	0
0	0
0	0
0	0
0	0
0	0
0	0
0	0
0	17
0	0
0	0
0	0
0	0
0	0
0	0
0	0
0	0
0	0
0	0
1	0
0	0
0	0
0	0
0	0
0	0
0	0
0	0
0	0
0	0
0	0
0	0
0	0
0	0
0	0
0	0
0	0
0	0
0	0
9	0
71	672
75	239
0	342
1	174
0	27
0	34
0	0
0	49
0	9
31	439
5	429
0	439
0	439
0	62
0	16
0	58
0	31
1458	1117
0	77
3993	257
29	257
0	82
0	0
0	12
0	156
0	95
4	95
0	156
0	0
0	3262
0	1951
3	3017
0	3139
4	3467
0	2354
13	635
2	258
45	94
5	1072
72	843
0	455
1	410
0	0
0	21
0	16
0	0
0	0
0	58
0	14
0	9
0	14
4	22
0	17
0	21
0	20
0	14
0	25
0	25
0	13
10	15
0	15
0	8
14	43
36	0
7	0
280	4482
155	4482
3	1281
63	6148
0	6494
0	794
0	5670
6	6154
0	390
0	903
33	0
82	3649
19	92
0	190
39	246
0	260
1	6188
5	8
290	76
14	76
1	0
0	86
0	0
0	45
0	260
3	30
18	56
51	19
0	24
0	0
34	9
0	260
0	260
0	0
0	0
3	6
0	6
23	72
0	6
0	0
0	6
0	0
0	0
0	0
0	0
0	0
0	0
0	0
11	671
0	628
0	554
50	171
0	133
0	65
5	30
41	154
7	36
0	33
0	5
0	100
0	89
0	76
95	351
0	17
0	10
0	0
1734	28
4	28
0	0
0	0
0	134
0	816
19	725
17	587
5	394
1	73
0	101
0	632
0	689
35	181
0	23
21	5
3	544
0	0
0	0
76	1848
61	1514
0	1309
59	1604
0	998
8	66
0	0
0	0
0	0
0	0
0	0
0	123
0	127
0	26
0	20
0	0
0	4
1	118
0	0
0	0
0	0
0	0
0	0
0	1
0	174
0	9
0	0
0	0
0	0
0	0
0	174
0	174
7	839
258	940
3	203
4	114
21	105
4	11
0	351
0	350
0	247
3	33
0	244
0	16
0	147
0	1275
3	1169
0	1166
0	985
0	681
0	777
0	624
0	661
2	254
0	522
0	400
0	148
3	345
11	18
3	106
0	33
0	1
0	139
0	159
0	120
3	18
0	156
0	215
0	4
0	4
0	4
0	4
0	1
0	0
0	0
0	0
0	0
0	0
0	0
0	0
0	0
0	0
0	0
0	0
0	0
0	0
0	0
0	0
0	0
0	0
0	4
4176	3468
171	59
26	2750
11	1310
16	22
24	1096
0	1023
0	1013
28	743
0	1005
1	502
57	225
0	192
25	8
0	8
0	0
17	4
0	1
58	1141
12	854
0	210
8	847
0	375
9	254
2	259
0	29
0	402
0	68
0	27
0	9
0	0
0	0
0	4
0	0
0	0
0	0
0	0
2	551
0	77
0	243
0	565
1	182
27	314
0	365
0	15
0	3
0	53
0	70
10	509
0	9
11	9
0	9
20	567
0	0
0	325
10	556
0	19
25	23
100	167
0	0
0	0
2	0
0	0
0	0
0	0
0	0
0	0
0	0
0	5
0	3
0	38
7	197
0	10
6	109
45	349
0	1
0	6
0	0
0	0
0	0
14	59
0	19
0	35
0	48
0	0
0	6
0	0
0	2
6	0
0	0
0	0
0	0
0	0
144	1678
4	13
0	12
6	11
0	11
4	0
0	0
11	0
5	184
0	0
0	0
0	0
0	0
0	0
0	0
0	0
0	0
0	0
2	0
0	0
0	0
4	53
0	53
0	0
7	0
0	0
0	0
0	0
0	0
0	0
0	0
0	0
50	2624
0	2728
49	1733
0	1507
220	3486
0	35
0	409
0	341
0	234
0	244
0	213
1	74
0	39
0	30
0	25
0	9
0	16
6	21
5	14
0	16
0	0
0	44
2	39
0	12
3	93
0	92
0	91
0	12
0	11
0	0
0	0
0	0
2	16
0	17
0	0
0	0
0	0
10	160
0	130
0	26
0	64
0	0
0	0
0	0
0	0
0	0
1	137
1	105
4	585
0	393
3	83
0	515
0	157
0	158
51	169
0	358
0	49
0	180
0	25
0	45
0	61
0	179
0	107
0	3
0	3
3464	8017
175	6798
17	7040
111	218
14	380
24	186
0	196
0	57
9	120
0	277
8	64
29	64
9	32
11	195
0	106
41	82
11	172
0	82
4	215
4	1186
0	1178
13	63
4	7
0	1
0	8
0	8
0	1150
0	1098
4	12
0	159
5	318
0	1135
0	366
1	93
0	40
3	0
14	40
0	979
0	40
9	14
17	26
0	0
0	0
0	159
0	121
0	252
0	91
0	104
0	32
0	65
0	186
80	316
75	316
0	5
0	5
0	0
0	0
0	0
0	0
0	0
0	0
0	0
0	0
0	0
0	0
0	0
0	0
0	0
0	0
0	0
0	0
0	0
0	0
0	0
0	0
0	0
1	2501
0	503
0	2
0	2
0	2
0	2
0	2
16	2
0	2
0	0
0	0
0	0
0	0
0	0
5	96
112	1322
18	342
0	170
0	1067
5	77
0	1140
0	230
13	1460
35	385
28	1
0	0
4	102
0	0
0	0
0	0
0	0
0	46
538	444
9	444
0	37
18	154
129	387
0	80
40	198
0	880
3	225
2	0
0	13
17	12
7	12
0	880
14	29
200	827
0	11
0	0
0	0
0	0
0	0
0	0
0	0
0	0
0	0
5	113
0	0
48	1351
32	22
0	1351
41	308
0	183
0	139
0	68
0	18
0	16
18	18
1	33
1	18
0	143
0	153
0	0
0	0
0	0
0	0
0	0
0	44
0	17
0	42
0	44
14	6
0	6
3	0
0	0
0	0
0	0
0	1
0	1
0	1
0	1
0	1
0	1
0	0
0	0
0	0
0	0
0	0
0	0
0	0
0	5
39	5
0	5
0	5
0	0
0	13
0	0
0	0
0	0
0	0
0	0
0	0
0	0
0	0
0	0
0	0
4166	0
0	41
0	25
22	41
0	5
0	198
0	198
0	198
529	584
8	71
17	34
2	45
4	191
3	412
1	0
409	150
2	138
90	89
5	0
8	353
46	493
0	1009
0	1009
0	863
0	32
5	32
0	62
0	0
0	143
0	75
0	50
32	1665
40	0
0	918
0	131
0	131
0	0
0	1035
0	900
0	359
35	129
25	773
137	884
56	488
69	171
21	908
239	1085
0	167
0	0
4	42
0	30
0	0
0	56
156	1022
0	19
0	3
23	339
25	3
0	0
0	0
0	0
32	1951
0	15
0	26
4	3
5	3
29	74
0	22
0	1951
0	0
0	0
0	0
0	0
0	0
0	0
0	0
0	0
0	0
0	0
0	0
0	0
0	0
0	0
0	0
0	0
0	0
0	0
0	0
779	2143
3	936
0	638
15	509
0	193
3	225
0	1860
2082	345
0	224
0	121
15	1893
108	1893
11	12
80	902
13	847
21	207
17	46
36	22
9	860
6	1265
50	159
5	1327
0	1275
7	235
2	1336
57	11
0	1412
43	1085
1	994
81	913
0	935
0	773
0	546
0	452
6	453
0	601
12	608
6	585
3	75
1	15
8	17
0	9
34	10
9	8
3	2660
0	2621
22	2615
0	2826
65	1596
49	2765
3	2655
0	1136
0	1221
22	252
0	157
0	200
0	1294
0	47
25	15
0	82
27	137
8	51
0	213
7	316
44	242
0	43
0	204
0	37
0	92
0	88
23	158
0	173
137	166
0	81
6	21
0	6
15	70
0	86
0	85
0	6
0	11
0	10
0	0
0	69
0	0
0	0
0	9
2	20
0	0
0	7
192	440
2	13
0	127
0	111
1	339
8	37
44	19
62	59
12	0
0	0
0	0
0	0
0	0
0	93
8	106
0	106
0	58
0	13
0	0
0	3
4	3
427	1216
0	177
2	322
0	167
0	4
0	4
18	1
0	83
0	29
0	18
0	28
0	29
28	405
0	147
10	11
16	223
0	284
22	297
0	250
0	5
0	0
0	0
21	336
0	339
0	7
0	0
0	0
0	4
0	333
0	6574
0	0
0	0
0	0
0	0
0	0
0	0
0	0
0	11
0	8
0	7
2	10
1	0
0	0
0	0
0	0
0	0
0	0
0	0
0	0
0	0
0	0
0	0
0	0
0	0
0	0
0	0
0	0
23	3216
0	2381
4	37
0	2
5	67
0	6
10	192
0	126
0	614
0	551
0	339
0	380
0	230
0	354
12	482
30	137
46	85
3	24
6	0
12	3198
0	0
0	0
96	2649
0	4406
0	13738
0	5982
0	6597
17	45
0	175
0	1412
0	11845
0	2521
0	2213
0	2492
0	2386
11	1036
7	1094
0	1132
0	675
0	702
0	1035
0	49
0	3035
0	1774
0	3510
1	584
1	971
0	140
0	351
27	78
0	0
54	15
0	174
0	132
3	131
0	552
0	315
0	567
198	93
0	81
0	248
5	609
0	652
0	622
0	23
33	0
2	64
4	39
0	88
268	798
936	288
139	100
0	94
27	19
150	660
8371	103
30	12
0	35
3	41
2	31
0	35
8	18
0	11
0	8
0	11
0	1
0	1
5	1
424	1099
6	516
9	587
0	157
66	311
2	46
0	1708
0	1647
0	1790
13	479
0	1657
4	443
0	346
54	1747
0	1561
0	88
1	389
0	42
4	110
2	128
0	59
0	0
15	0
0	5122
146	2732
0	3483
40	480
7	2273
53	761
3	180
0	2102
0	1644
12	114
44	1819
0	1173
0	546
0	24
0	11
0	328
4	208
1	175
0	0
2	195
0	676
28	780
0	160
28	215
0	553
0	695
7	343
0	556
0	552
0	462
0	462
1	472
0	456
19	456
9	394
0	234
0	285
0	261
0	259
1	260
2	130
3	41
29	4
7	4632
41	395
0	349
48	35
9	169
17	85
4	0
843	719
44	719
0	70
0	63
0	0
0	0
0	268
8	118
0	207
0	199
4	145
226	295
16	214
0	188
27	17
0	84
6	41
9	49
4	32
25	16
0	0
0	6
0	0
0	6
0	0
0	487
258	13870
47	734
29	1315
29	12955
15	691
100	1828
43	1087
0	1074
0	5012
0	4708
125	53
3	3
1	52
0	2
9	16
188	290
41	148
2	148
74	113
460	611
0	121
18	111
0	63
0	65
0	54
0	28
0	3
0	28
0	89
5	82
0	2044
0	2044
0	0
0	516
61	2133
125	1336
0	1853
37	72
10	363
0	184
0	0
0	0
0	0
11	213
1	773
4	768
0	807
0	51
0	697
1	8
0	135
0	87
0	48
10	2002
0	228
13	227
365	2003
25	934
30	1409
7	480
25	517
24	407
0	1032
0	1048
0	828
0	949
13	92
36	52
4	80
0	848
0	22
21	54
2	258
0	71
6	92
0	11
0	1038
0	0
95	14
1	14
0	2
0	0
0	0
0	0
0	0
0	0
0	0
0	0
0	0
0	0
0	0
4	13
0	0
0	0
0	0
0	0
0	0
0	0
0	0
0	0
0	0
0	0
0	0
0	0
0	0
13	0
0	897
3	443
27	386
86	338
0	305
7	97
14	77
46	2
0	0
0	0
0	0
0	0
0	0
0	0
0	0
336	2657
0	150
0	135
0	31
0	50
0	297
0	2
20	31
0	136
0	29
0	118
0	155
0	17
0	295
0	275
0	271
0	112
0	277
0	162
0	27
0	134
0	48
0	6
0	145
0	68
13	233
0	48
0	25
0	106
0	15
0	15
0	112
0	115
0	92
0	205
0	220
0	50
0	54
0	176
0	28
0	151
0	0
0	119
0	2
1	777
0	85
0	503
0	435
0	500
255	70
24	623
108	256
39	97
40	120
1	424
0	100
0	274
0	205
0	207
39	111
0	43
0	43
1	222
21	226
0	498
0	0
0	50
9	0
0	0
0	0
0	0
0	0
0	0
0	0
0	245
0	187
0	97
0	58
0	36
0	37
0	56
0	203
0	94
0	18
4	59
8	26
7	92
0	61
0	69
0	34
0	0
0	0
0	0
6	271
25	19
11	24961
0	1462
6	1335
164	25486
21	3476
25	77
68	4547
3	2143
380	325
1	107
93	21032
157	5
563	1973
338	850
75	22901
23	14909
0	0
0	0
0	0
0	10
0	0
0	0
0	0
0	0
0	0
0	0
4	74
0	44
0	0
0	1
2	41
0	26
0	26
0	0
0	0
4	64
0	0
0	0
0	0
0	0
0	6
0	0
0	0
0	0
0	0
0	0
0	0
0	0
0	0
0	0
0	0
0	0
0	0
0	0
0	37
0	0
0	0
0	0
0	0
0	0
0	0
0	6
0	0
0	0
0	0
0	0
0	0
0	0
0	0
0	0
0	0
12	1231
0	0
0	0
11	45
0	0
0	0
0	0
0	0
0	0
0	0
0	0
0	0
0	0
0	0
0	0
0	0
0	0
0	0
0	0
0	0
0	17
0	17
0	0
0	0
6	121
0	18
0	6
0	0
0	0
0	0
0	0
0	0
0	0
0	0
0	0
0	0
0	0
0	0
0	0
0	0
0	0
0	0
0	0
0	6
0	0
0	0
0	0
14	556
54	259
0	523
0	601
4	34
0	135
0	72
0	104
2	116
7	43
8	182
38	60
0	46
0	2
0	16
0	3
1	119
0	1997
40	2875
0	67
0	860
3	51
0	868
0	2830
0	2869
0	0
0	0
0	8
1	291
0	125
47	286
0	30
0	5
0	54
0	11
2	31
0	310
0	35
0	30
3	74
6	50
2	75
2025	4157
0	223
0	52
0	0
5	300
0	3
0	0
0	0
0	0
0	1
0	87
0	0
0	0
0	0
0	0
0	0
29	124
2	89
13	78
714	122
0	44
0	0
0	0
0	0
545	0
0	235
0	50
0	38
0	7
0	7
0	0
0	7
0	0
150	3106
0	217
0	1755
14	3010
0	2024
0	325
0	0
36	280
27	163
3	130
4	14
0	1456
0	0
0	0
0	0
0	0
0	0
0	0
0	0
0	0
0	0
0	0
0	0
0	0
0	0
0	0
0	0
0	0
0	0
0	0
0	0
0	0
11	1
0	1168
0	1163
0	3
0	2
0	0
0	0
0	0
0	0
0	0
0	0
0	0
0	0
0	3
0	0
0	0
0	0
0	0
0	0
0	0
0	0
0	0
0	0
0	0
4	34
0	0
0	0
0	0
0	0
0	1
0	1
11	606
0	495
3	591
0	83
0	465
9	446
0	114
0	28
0	21
0	13
15	21
14	3
5	1
0	0
115	6625
234	999
0	48
0	6625
0	0
0	391
2	296
0	299
0	290
2	171
30	168
0	171
0	50
0	217
0	3
25	23
2	48
0	122
0	37
0	381
0	0
0	0
0	0
0	0
0	46
0	0
3	2749
0	2845
3	373
17	9
16	30
87	2
0	163
0	6
0	3
0	3
0	445
112	531
188	205
0	2157
540	215
13	2
17	213
0	0
0	45
0	28
5	0
89	597
0	6
0	57
0	1
0	1
0	44
0	1
0	25
0	44
0	22
0	24
9	0
1	0
10	0
4	0
29	412
0	118
0	2
0	0
0	0
0	0
35	366
1	58
22	334
0	62
20	171
0	23
0	281
0	127
0	18
0	3
0	5
0	4
0	2
0	20
1	20
0	2
1	2
35	265
0	20
190	735
130	7280
37	5796
2	226
9	187
6	4206
0	397
0	324
0	406
17	357
25	204
0	3010
0	245
248	245
10	436
0	105
0	88
0	91
0	278
0	110
0	306
0	98
0	376
0	357
0	356
0	110
0	96
1	96
0	70
0	171
0	21
7	98
0	172
0	360
2	99
0	35
1	234
94	3066
0	3063
337	2499
0	15
0	210
0	159
0	86
9	57
2	73
12	91
0	74
0	199
0	217
0	314
3	0
0	0
0	0
0	0
0	0
0	0
0	1
0	0
0	0
0	0
0	0
0	0
0	0
0	0
0	0
0	0
0	0
0	0
0	0
0	5
0	0
0	0
183	547
67	999
6623	7646
164	2048
2	3642
29	302
123	38
36	124
94	357
30	1654
7	28
0	0
0	0
0	0
289	251
0	251
0	0
26	5
128	55
0	0
0	0
0	0
0	0
0	0
0	0
0	0
31	37
11	105
1	177
6	134
0	67
24	18
3	73
0	0
0	0
209	819
15	119
0	119
15	327
0	489
2	333
7	307
0	125
0	20
0	0
0	20
2	20
7	851
0	725
9	839
14	454
0	697
0	861
7	29
9	572
0	699
3	33
1	208
20	1602
0	633
0	326
8	473
0	192
0	188
5	56
0	0
0	0
0	242
0	164
0	228
0	66
0	243
10	124
0	401
1	272
3	119
0	401
0	217
0	217
0	0
0	0
0	0
0	0
0	0
0	217
6	3822
437	373
18	5162
6	3853
151	2518
9	3416
57	1143
32	3841
0	3833
5	1288
17	3828
0	0
0	0
0	0
0	0
0	0
0	0
0	0
0	0
0	0
0	0
0	0
0	0
0	0
0	0
89	474
0	169
10	115
0	79
0	79
0	71
0	38
12	132
0	260
0	37
0	38
0	274
0	221
0	79
0	4
0	162
0	0
0	16
0	937
0	904
0	6
7	17
0	937
17	883
12	43
1994	882
6	130
19	662
38	5612
1	6403
33	6661
0	6863
5	5077
0	500
0	0
7	37
2	173
0	422
170	626
0	15
0	164
0	689
0	6
234	74
77	9
157	4371
15	1118
54	2190
11	648
0	87
84	353
11	658
131	477
0	371
1	0
10	227
0	182
0	12
0	0
317	7625
0	7422
638	6321
0	930
62	240
4	755
108	1537
0	575
256	591
32	591
28	297
0	26
3	192
8	21
0	0
27	7431
22	4734
81	1131
22	5109
2	6299
7	5376
25	843
3	1299
63	662
0	1892
0	0
0	66
0	0
0	0
0	0
0	0
0	0
0	0
0	0
0	0
0	66
0	0
0	0
7	201
0	4196
0	4201
3	199
0	4049
0	4308
0	136
18	183
126	169
18	333
42	241
3	2132
0	201
19	1
18	275
15	285
16	402
3	72
15	183
0	0
0	0
0	0
0	0
0	0
0	0
0	0
0	0
0	0
0	0
0	0
0	0
0	0
0	0
0	0
0	322
0	322
0	0
0	0
0	0
11	23
0	0
0	0
0	0
0	0
0	0
16	65
0	24
0	887
0	976
0	56
2	53
0	905
0	912
0	104
0	64
8	13
155	374
0	23
38	241
0	945
4	885
157	1
0	0
0	0
0	0
0	0
0	0
0	0
0	0
0	16
0	0
0	0
0	0
0	0
0	0
0	0
0	0
0	0
0	0
63	349
1	64
11	141
13	3
1	206
1	129
2	151
0	156
0	124
0	1
0	0
0	120
0	0
29	2148
0	2755
191	1120
10	2211
0	2201
87	12
12	1240
6	43
0	565
0	0
0	0
0	75
0	10
0	55
541	257
0	0
0	0
0	0
6	17
3	105
12	0
0	226
0	9
10	160
0	9
0	0
0	0
0	210
0	197
0	193
7	73
3	90
0	42
2	25
0	60
0	105
0	49
62	832
1054	4213
9	3785
214	101
49	214
15	661
89	509
0	425
0	0
0	0
0	0
0	0
0	12
0	12
0	0
0	0
0	0
0	0
2	291
0	0
0	0
0	0
0	0
0	0
19	36
0	36
9	35
0	0
1	0
1145	0
0	110
0	56
0	95
0	99
0	95
23	75
0	15
2	11
0	69
0	76
57	37
0	54
0	10
0	0
0	0
0	15
0	5
0	29
0	0
0	0
2	401
0	0
0	0
0	0
0	0
0	0
0	0
0	0
0	0
0	0
0	0
0	224
0	0
0	272
0	316
8	333
0	284
14	224
0	43
0	12
0	112
10	78
7	99
0	168
0	281
242	73
9	55
9	3
0	47
6	289
95	340
4	171
19	67
7	38
0	0
0	0
0	133
0	133
0	133
0	133
0	133
0	133
0	24
0	98
0	100
0	78
0	66
0	66
0	49
46	77
0	0
0	21
0	21
0	21
0	0
0	0
0	0
0	0
0	0
0	0
0	0
0	0
0	133
0	24
431	1507
20	1167
1	358
553	179
0	5
0	5
0	5
0	5
0	5
0	6
0	5
0	5
0	5
0	5
0	0
0	0
0	0
0	0
0	360
0	527
0	47
0	0
0	0
0	0
0	527
46	274
35	234
0	245
0	160
4	66
0	27
98	1420
119	402
2	1001
0	1145
0	1176
3	985
0	560
6	85
0	335
0	165
5	347
0	177
0	147
338	383
8	274
4	56
331	291
0	291
0	0
0	1529
3	1539
0	0
0	0
0	0
0	0
0	0
0	0
0	0
0	0
0	242
993	1655
13	184
35	1391
2	2
72	1203
4	337
20	125
1	158
7	92
0	0
74	65
34	113
39	1310
9	243
0	255
53	263
649	629
0	595
0	572
12	9
10	0
1	262
0	355
0	351
1	361
0	351
46	351
0	353
0	10
4	7
10	193
0	25
0	83
0	97
2	136
0	12
0	9
0	40
48	50
0	159
0	42
24	189
13	184
0	12
0	100
0	13
35	222
0	9
1	8
0	0
0	12
2	2
0	16
0	155
0	1188
73	1188
2	880
0	416
0	38
0	34
0	30
0	52
0	88
2	0
0	58
0	51
0	11
0	20
0	22
0	0
0	1020
0	0
0	0
0	0
0	0
0	0
0	0
0	0
15	456
0	442
0	387
0	16
0	91
20	66
0	444
0	7
0	524
0	524
4	25
0	0
0	193
0	138
19	197
89	551
0	391
530	785
0	20
2	35
71	730
26	2
88	576
25	135
0	44
0	0
5365	865
479	523
16	556
23	76
0	523
0	0
4	48
0	13
0	13
13	13
0	21
0	16
14	16
7	0
0	126
0	126
0	13
5	520
0	497
0	0
0	0
0	0
0	0
0	0
0	0
0	1
0	0
0	0
0	0
0	23
0	38
8	15
0	0
0	0
0	0
0	0
0	0
0	0
13	0
0	0
0	0
0	5
0	0
0	0
0	493
1	0
0	0
0	0
5	178
19	454
0	360
17	24
2	317
2	128
14	318
49	118
9	202
0	54
4	33
6	0
0	0
0	0
0	0
0	22
0	22
0	22
0	0
14	272
0	0
190	8802
0	7545
0	8802
0	0
0	0
0	3
1	2
0	86
23	76
0	908
0	924
36	54
35	53
0	945
2	34
17	909
2	21
36	222
0	930
2	50
0	174
7	4
5	20
9	191
0	18
8	34
7	143
0	148
0	33
5	1448
0	1357
0	40
22	19
0	19
0	19
0	0
0	0
0	0
0	824
36	3059
0	2520
0	2092
0	80
0	81
51	87
6	63
305	2181
0	323
42	8
40	86
0	99
0	147
4	172
42	1124
0	0
0	0
0	0
0	2172
5	1819
0	737
4	126
0	603
7	631
0	512
0	618
0	531
16	113
0	575
4	611
0	27
0	514
0	45
10	34
0	517
0	165
0	70
0	594
0	74
0	69
0	135
0	593
0	152
0	118
0	6
26	55
0	526
65	0
74	354
0	0
0	0
0	0
0	0
0	0
0	0
0	0
0	0
0	0
100	77
0	8
0	37
0	64
0	65
0	80
0	82
0	10
0	10
0	0
0	0
3	0
0	82
6	130
88	470
39	422
0	176
18	422
2	282
0	13
0	46
8	118
0	0
0	0
0	0
0	0
0	0
0	0
0	0
0	0
0	0
0	1278
0	1921
0	1234
9	477
0	1492
5	548
4	1410
2	731
18	746
24	222
3	1541
15	253
0	1463
10	569
0	402
12	320
36	31
3	420
0	1921
0	1664
0	1492
0	1464
0	1522
0	199
0	0
562	424
102	257
65	167
0	30
26	56
13	0
0	10
1	210
7	150
0	4
0	8
0	69
0	125
0	162
0	4
0	13
8	77
0	202
28	219
0	0
0	7
0	24
23	216
6	44
0	441
112	443
0	246
0	246
5	261
0	238
0	163
9	370
1	278
28	289
10	254
30	41
0	63
0	80
0	65
0	265
0	0
0	0
0	0
0	0
0	0
0	0
0	0
2	3
2	21
0	21
0	21
0	3
29	0
0	3
0	0
0	0
0	0
0	0
0	0
0	0
0	0
0	0
0	0
0	0
0	0
20	1812
20	1767
0	494
0	615
0	520
0	93
0	0
3	14
0	27
0	547
0	2435
0	282
0	218
0	146
3	209
0	1006
6	2488
4	219
5	334
0	2445
0	44
15	719
6	795
22	39
1	421
0	106
3	727
4	289
1	653
24	149
32	165
0	593
14	556
0	519
0	36
7	32
0	528
0	499
13	516
0	505
0	0
0	0
0	0
0	0
0	0
0	0
0	0
0	0
0	62
0	10
24	6230
66	6170
0	437
25	67
3	0
0	0
0	0
0	0
0	68
0	0
0	0
0	0
0	7
0	13
0	0
0	0
0	65
0	26
1962	227
11	531
0	0
0	14
0	57
0	72
0	1
4	165
4	139
5	99
4	82
0	160
0	24
0	34
0	16
0	9592
0	9647
0	8209
0	9352
1	7001
0	6583
30	670
0	711
2	700
78	474
26	543
0	645
0	63
11	202
0	462
0	403
0	73
108	134
0	39
0	112
0	65
0	48
0	19
11	12
0	14
0	19
0	9
0	108
2	0
0	285
0	260
0	213
1	258
34	350
7	307
0	265
0	185
30	266
5	207
0	86
7	12
1	106
16	186
0	25
1	149
0	33
0	107
0	80
0	69
22	68
0	20
0	0
0	0
0	23
0	29
0	9
0	20
59	325
0	316
0	102
0	102
0	316
0	0
20	33
3	186
1	198
4	188
0	23
0	115
0	2
0	0
5	143
0	40
19	15
0	25
15	46
29	106
0	121
0	101
10	9
0	36
0	20
5	0
25	0
0	41
1707	1372
0	112
0	46
0	44
0	46
0	0
0	0
1	7
12	411
0	371
0	17
0	0
0	5
7	32
0	9
0	363
5	0
32	473
0	8
0	12
0	12
1	9
0	18
0	3
0	18
0	17
0	9
0	8
0	2
0	0
0	0
0	9
0	0
0	0
0	0
0	0
0	9
0	0
6	4
533	4672
151	910
168	4456
120	3814
4	941
1	910
87	187
0	0
2	807
0	795
10	67
0	106
4	64
0	74
4	73
9	925
16	58
15	64
15	94
0	42
0	52
0	47
25	37
0	918
226	1837
0	4769
138	10739
0	11937
36	2402
450	11073
59	10926
0	6
0	0
0	0
0	0
0	0
0	0
0	0
0	157
0	0
0	0
0	0
0	46
0	248
10	237
4	237
0	247
0	239
1	47
0	9
1	44
0	45
0	19
0	16
4	1
16	1
9	198
0	429
260	536
1	82
0	536
0	0
54	7862
12	6225
1	475
29	573
0	157
0	4678
0	4690
16	4678
0	128
14	274
389	976
20	85
58	751
7	13
19	7653
0	212
11	1360
4526	1935
71	3
475	315
30	436
0	386
51	314
0	1143
0	1
5	1066
0	449
17	1
0	7
0	7
0	10702
0	11158
0	10207
373	1920
102	674
116	4637
74	658
0	123
0	122
0	75
0	10679
0	4
0	4
0	4
0	4
0	0
0	4
25	87
0	87
816	459
40	459
1	660
8	648
105	752
18	4003
11	434
0	556
25	145
4	526
0	3065
0	3217
0	185
0	426
27	490
12	288
16	58
67	112
0	342
27	619
0	468
9	53
32	344
0	4276
0	3445
104	1525
7	1994
23	1908
8	404
37	416
0	394
0	248
1	0
0	127
10	134
0	0
0	55
10	55
3	276
0	68
0	3
43	272
102	272
17	3114
0	2738
0	372
0	354
0	45
0	939
0	836
1	875
0	427
29	568
0	772
0	172
105	485
0	41
0	223
3	58
0	384
2	550
0	97
0	325
8	350
22	280
26	100
40	0
0	204
0	175
0	69
0	104
0	160
0	112
1	65
0	65
8	69
0	0
22	45
0	20
0	0
0	0
0	0
0	0
0	0
0	2
0	0
0	0
0	0
0	0
0	0
7	0
0	20
0	0
0	148
0	112
0	3612
0	3
0	0
0	32
0	51
0	0
0	76
0	97
0	21
0	71
0	87
0	3260
0	268
0	89
18	2762
2	158
0	229
0	2773
0	233
9	15
27	2531
0	154
0	14
5	124
10	125
0	3612
0	0
0	35
0	17
0	18
0	18
0	13
0	0
0	18
0	13
0	20
0	13
22	309
134	2443
1	59
188	2812
25	2319
4319	2750
8	742
8	326
55	473
0	812
0	812
0	0
0	0
0	0
1779	13265
0	3214
0	2969
14	2862
24	112
68	596
0	1397
0	645
0	574
0	0
0	0
2	54
12	31
32	72
0	132
0	4
0	57
0	55
7	104
0	129
1	63
0	77
0	86
0	56
0	27
0	49
0	4
0	29
0	33
0	21
0	16
0	16
0	3
0	2
15	0
2	4122
17	3
132	840
0	3773
0	783
25	918
68	58
0	1539
0	563
12	719
0	219
0	75
3	8
0	8
0	7
21	312
0	6
0	23
0	0
0	0
0	0
0	0
0	0
330	283
0	36
4	236
0	70
25	78
0	59
0	0
0	0
0	0
0	0
0	0
0	0
0	0
0	0
0	0
0	0
0	0
0	0
0	0
0	0
0	0
0	0
0	0
0	0
11	455
0	17
16	243
0	99
0	16
15	134
0	84
4	85
0	23
5	0
1776	112
0	103
0	15
0	334
0	330
0	221
0	5
0	0
0	2
54	0
0	326
0	0
0	0
0	0
0	0
0	0
0	0
0	77
0	0
950	1998
0	533
0	1141
0	1136
1	311
5	1996
26	42
12	770
0	464
0	325
23	743
0	200
0	119
0	82
16	150
0	113
0	57
11	31
0	29
0	14
0	8
0	343
0	19
0	1
0	1
2	1
0	19
0	1
0	0
2	0
8	18
0	19
0	9
0	0
0	9
0	9
0	9
0	9
0	0
0	0
0	0
0	0
0	0
0	9
1037	257
11	161
3	137
0	35
0	60
1	0
0	0
0	0
0	0
0	0
0	0
0	0
0	0
0	0
0	0
2	857
6	895
0	857
13	91
5	818
0	167
0	71
0	87
4	240
0	132
0	141
0	810
0	19
0	102
101	22
0	90
0	184
0	181
550	349
1	7
0	90
0	41
0	24
0	31
0	11
0	11
0	70
20	1274
0	344
0	6
8	988
2	319
8	861
1	730
2	199
0	541
2	462
37	0
188	1240
36	200
0	363
8	138
0	1141
7	1111
0	32
0	27
0	3
0	23
0	4883
78	4750
33	1308
0	155
0	29
0	4883
0	1910
0	3419
0	2917
0	94
5	91
0	94
0	94
0	0
0	330
10	4
14	100
14	2593
0	153
0	1571
0	3
0	231
17	114
0	79
8	2591
0	223
17	123
4	33
16	19
30	244
0	0
0	0
0	0
0	0
6	217
0	0
0	10
0	10
0	10
0	0
0	0
0	0
0	0
0	0
0	10
0	10
0	0
0	0
0	0
0	0
0	0
0	43
0	43
0	43
0	43
0	43
0	43
0	43
0	43
0	43
0	43
0	43
0	43
0	108
0	16
0	18
0	12
0	8
0	1
0	88
488	11
0	0
0	0
21	0
0	78
0	0
0	0
213	821
25	87
0	13
0	759
0	3
5	3
1	194
39	192
0	7
11	44
0	10
193	248
0	46
0	11
0	6
0	5
10	202
0	8
0	0
483	0
0	52
0	54
19	70
0	52
7	15
0	45
17	105
22	1963
5	355
2	1883
5173	2930
1	57
0	57
0	57
0	19
0	5
0	38
0	38
0	0
0	0
0	21
3	8
0	8
0	13
0	13
0	5
0	0
0	0
0	0
0	0
0	0
0	0
0	0
0	44
0	44
0	0
0	0
0	0
0	0
0	0
0	0
0	0
0	0
0	0
0	1
0	0
0	1
0	0
27	43
0	43
0	13
0	6
0	16
0	0
0	0
0	0
0	0
317	609
0	372
0	341
0	69
3	1262
17	33
0	1246
0	1108
84	1282
4	1294
200	1164
0	2194
0	2141
0	472
0	505
0	452
0	499
0	2024
0	2144
0	2135
0	30
0	345
0	372
8	443
0	316
0	607
0	228
0	123
0	296
0	10
0	2194
0	2141
0	10
0	0
0	0
34	0
0	0
0	0
2747	1105
45	47
0	664
3	201
0	389
10	269
119	209
1	109
0	17
55	174
0	16
0	62
0	60
0	78
0	0
55	1294
1	1440
18	53
1	1330
0	1461
0	1563
4	109
21	1313
0	1295
0	1342
0	1058
0	1347
0	1336
0	1256
0	1655
16	1411
2	1362
0	200
7	1656
0	1261
0	38
5	1266
6	1257
0	35
0	1128
0	946
0	1271
3	970
0	1244
16	49
0	150
0	0
0	0
0	0
5	252
0	22
0	5318
7	6587
6	6579
0	7052
0	3450
22	891
0	757
0	830
1	166
0	511
2	6124
2	76
2	821
0	615
0	0
0	0
0	0
0	49
0	19
0	689
0	779
0	689
0	16
6	76
0	63
0	306
0	94
0	76
0	821
0	411
6	72
25	455
0	452
6	577
22	16
0	143
13	6
4035	170
0	75
7	116
0	6
0	6
0	6
0	0
0	4
0	0
0	0
0	0
0	0
0	0
0	0
0	0
0	6
0	6
0	7
0	0
0	0
0	0
0	0
0	0
0	7
35	19060
70	308
0	17294
509	2109
133	11727
10	12744
258	14359
2	14255
4	12098
1	5730
0	7982
0	9530
0	9264
0	13526
320	4831
13	8332
0	5466
4	6839
0	7874
45	1525
0	2595
0	2807
0	1565
8	3134
2	1946
0	105
0	17448
55	629
152	528
37	103
0	81
6	39
0	0
0	11
0	0
0	11
0	0
0	0
0	0
0	0
0	0
0	0
0	0
0	0
0	53
0	0
0	0
0	0
0	0
0	0
7	0
606	2859
177	1274
0	1102
9	276
1298	885
0	65
8	627
0	338
53	461
0	0
0	0
0	0
5	1
0	1
0	1
0	0
0	0
3	116
0	0
0	0
0	0
0	0
0	0
0	41
0	0
0	0
0	0
0	0
8	4
0	4
0	4
0	4
604	0
593	0
0	149
1	84
2	175
0	51
8	48
0	7
0	29
0	8
5	69
0	113
507	403
56	591
0	2
0	2
0	0
0	0
0	0
0	0
0	60
0	5
12	0
0	231
0	60
0	519
0	1173
9	1170
0	359
0	1161
0	1168
0	55
0	55
0	62
0	12
0	10
0	10
0	5
0	25
0	25
2480	960
2	942
0	0
0	0
0	0
0	0
0	0
0	0
6	18
0	0
0	767
3	1
0	644
0	302
18	1
57	15
0	0
0	38
5	14
0	743
35	814
44	24
0	13
19	0
3	0
0	838
0	813
0	0
0	0
0	0
0	0
0	0
0	0
0	0
0	0
0	0
0	0
0	0
0	0
0	0
0	0
0	0
0	0
0	0
0	0
0	0
0	0
0	0
71	7850
1227	7850
0	6
0	6
0	0
0	377
0	357
2	93
0	34
155	93
0	0
19	538
0	778
156	1084
0	632
0	5
0	53
4	65
81	557
9	183
4	330
171	43
58	65
3	41
20	35
6	13021
39	12341
0	3489
0	3493
104	2306
5	12928
1	1015
0	1116
0	172
46	298
0	248
0	18
0	77
15	87
4	13
179	93
0	79
3	0
0	1
4	1
0	1
0	1
0	1
3036	0
0	7
0	0
0	0
0	0
0	0
0	0
0	0
0	0
0	0
0	0
0	0
0	0
0	0
0	0
0	0
0	7
0	7
0	0
0	0
21	0
0	39
0	9
0	9
0	25
0	21
0	4
0	5
0	0
0	0
0	0
0	0
0	21
0	20
0	21
0	0
3	64
0	0
0	0
0	0
0	0
0	0
3	129
0	127
0	20
0	13
0	0
0	0
0	0
0	7
0	14
0	0
0	0
0	0
0	0
0	0
0	0
0	0
0	2
0	0
0	0
0	0
0	0
0	20
0	20
0	0
0	0
0	0
0	0
0	1
0	0
0	0
0	0
0	0
0	0
0	0
5	104
14	531
0	426
14	294
0	84
0	42
0	122
0	23
0	130
0	94
0	273
0	60
48	33
0	29
0	0
0	6
4	0
0	0
0	6
0	3214
0	2969
0	182
414	301
5	297
0	277
0	294
9	294
0	277
0	277
0	263
0	219
0	3
0	0
0	15
0	0
0	0
0	19
0	0
0	0
0	6
0	5
0	0
0	300
38	125
15	117
0	32
6	46
11	9
0	12
34	8
60	177
0	137
0	251
0	737
0	665
7	506
0	491
10	624
2	437
0	411
0	119
10	174
0	110
736	6555
1	65
0	0
0	0
0	0
0	0
0	0
0	0
0	9
0	9
0	9
0	0
0	0
0	0
0	44
0	0
0	38
0	11
20	67
0	4
0	4
0	4
0	0
0	11
0	7
8	47
0	0
0	0
0	173
0	24
0	0
0	193
8	7
0	1
0	6
0	0
7	56
0	0
0	0
0	4
0	874
8	45
35	2924
45	277
22	2944
0	224
39	385
0	134
0	86
0	172
0	173
13	34
0	90
0	30
0	85
0	85
0	85
0	0
0	84
0	84
0	194
0	41
10	0
0	79
41	3
0	0
2	0
0	153
1	1467
0	1463
0	783
33	1453
0	1467
0	0
0	0
0	0
0	0
0	0
0	0
0	0
0	0
0	0
0	0
0	0
0	144
0	0
0	144
0	1
0	144
0	1
1	0
0	144
0	1
0	1
0	0
0	0
0	0
0	1
0	0
0	0
0	0
0	144
0	0
0	0
0	0
0	0
0	0
0	0
0	0
0	0
0	0
0	0
0	0
0	0
0	0
0	0
0	0
0	0
0	0
0	0
7	0
0	32
0	15
0	30
0	18
11	160
0	10
1	36
0	14
0	12
0	0
83	1478
0	7
0	7
0	0
0	0
0	0
3	406
0	44
0	12
0	380
0	12
0	7
0	229
0	4
54	371
4	12
1183	1686
0	1489
2	276
0	184
27	99
3	143
0	0
0	0
0	0
0	0
0	0
0	0
0	0
0	0
0	0
92	3902
0	3720
3	3747
37	848
0	283
4	315
233	294
0	214
0	0
4	667
9	543
0	6
0	30
41	196
0	33
9	27
2	0
6	17
0	654
33	349
0	179
0	61
58	2977
34	445
1	2238
5	112
0	333
0	24
7	244
0	33
0	2719
0	2788
0	268
2	801
5	2405
0	2029
1	2034
2	1893
2	138
0	297
8	39
0	155
6	119
0	64
9	454
0	510
0	230
0	310
55	133
47	581
33	178
130	183
0	41
0	101
22	173
0	0
0	0
0	0
0	0
0	0
0	0
0	0
0	0
0	0
608	2193
0	1749
0	90
12	157
5	26
0	863
0	141
2	156
3	61
0	33
0	409
0	71
0	38
0	0
0	0
204	0
0	1856
0	552
0	2484
0	16
244	1622
0	49
8	503
44	319
23	236
4	849
1	150
0	559
0	47
3	412
0	0
0	0
0	0
0	0
2	364
3	339
0	122
40	307
0	332
15	255
0	195
5	9
0	19
0	19
0	40
0	27
0	35
4	651
0	19
0	81
9	28
0	19
13	19
0	66
15	72
4	0
0	38
17	60
0	98
0	23
0	7
0	0
8	0
0	0
0	2628
17	551
0	2175
14	719
4	652
16	279
0	2017
0	96
0	64
0	132
0	172
0	0
4	2169
63	259
0	1748
12	11
35	213
0	369
0	342
0	408
12	296
8	357
0	299
9	327
8	545
1	305
0	298
17	120
3	56
0	54
0	38
2	124
0	112
0	105
19	122
0	112
0	20
0	27
0	109
0	20
0	5
0	54
0	121
0	102
0	1129
0	803
0	273
0	105
0	58
0	292
0	297
0	398
0	3154
40	3285
0	1649
1	36
110	813
0	1174
11	32
0	141
0	55
0	216
0	136
0	122
6	141
0	125
6	122
0	122
0	0
64	2630
2	469
15	473
0	448
113	64
0	0
0	0
0	0
0	0
0	0
0	5
0	5
0	5
0	5
0	0
0	5
0	5
0	0
0	5
0	483
0	6
0	51
0	0
28	267
0	350
0	45
0	142
35	135
0	47
0	483
0	0
0	0
0	0
0	0
0	0
0	0
0	0
0	0
0	0
0	0
0	0
0	0
0	0
0	0
0	0
0	0
0	0
0	0
0	0
0	0
3	0
0	0
0	0
0	0
829	159
0	157
0	23
33	3
10	349
96	690
0	49
151	857
11	190
0	0
0	0
0	0
0	0
11	13
46	64
349	232
0	13
0	13
17	55
4	7
4	16
0	0
26	0
8	13
0	15
0	0
0	0
0	0
0	0
0	0
0	0
0	0
0	0
0	15
5	6116
3028	5835
125	3594
13	2204
698	1956
8	178
0	193
45	65
3	177
0	74
254	304
37	129
0	13
0	0
0	172
0	116
0	59
0	0
0	88
0	111
0	162
0	78
27	13
0	49
0	46
0	11
0	175
0	195
0	179
0	0
0	0
0	0
0	0
0	0
0	0
0	171
97	140
0	222
0	335
78	511
0	250
8	0
3	53
1	316
18	96
0	333
0	1491
0	1527
43	1563
0	92
0	815
2365	194
0	42
0	0
0	0
0	0
0	6
0	6
0	0
0	0
0	0
0	0
0	0
0	0
0	0
0	3
27	5189
647	25558
0	21822
42	18129
8	4499
0	1135
123	3105
20	2270
0	2806
0	5831
93	4225
39	2721
62	5381
447	2930
0	1496
1	1200
6	1515
1	2562
0	1445
0	301
2	891
0	752
2	12915
26	0
3	5500
2	5221
0	4240
12	5143
42	4655
0	4965
0	5052
0	4811
0	4998
0	2315
0	4717
0	4369
0	4016
10	961
0	1953
0	281
22	27
25	0
0	448
17	0
1862	239
9	239
0	0
0	374
0	374
0	0
0	0
0	0
0	0
0	0
0	0
0	0
0	1059
0	311
1	216
13	531
6	162
1	192
0	1090
6	1255
4	920
0	968
0	1027
0	934
0	522
0	404
0	562
0	385
0	601
0	138
0	30
5	320
0	0
0	10
0	836
116	1156
561	534
5	1156
16	6
4	184
0	79
0	495
0	523
0	532
0	93
11	136
2	265
7	291
45	167
2	167
10	1417
1871	154
20	15
197	143
0	4053
2148	4342
0	4324
10	147
1288	4518
1	4371
40	782
0	4315
0	3815
1	4332
9	4338
1	3659
30	977
0	564
0	0
664	313
0	151
1	255
6	207
7	57
11	55
0	0
0	0
0	0
0	0
0	0
0	0
0	0
0	0
0	0
0	0
0	0
0	0
198	555
0	248
0	479
44	78
0	400
0	584
0	252
0	36
0	483
0	99
0	12
0	9
41	1088
0	1083
0	249
3	347
0	644
1	262
9	2
0	412
1	310
0	37
0	0
0	0
47	4728
178	6882
16	4556
305	406
14	5473
28	2
561	583
0	379
8	466
0	351
0	50
8	16
0	12
0	600
6	521
9	160
16	204
0	542
0	598
0	423
0	418
0	764
0	673
21	314
0	135
9	0
0	53
15	37
0	582
3	559
0	60
0	36
5	142
0	118
0	42
1119	1246
9	1198
2	943
6	853
6	907
0	203
42	391
15	234
0	0
5	425
0	433
0	374
0	442
84	442
6	418
0	451
15	41
0	14
0	423
6	18
0	346
0	45
0	0
0	29
0	443
2	285
0	13
0	380
11	326
0	4
8	0
0	369
0	64
12	17
0	29
25	117
0	175
0	153
16	88
0	48
12	40
262	3295
0	4981
9	4658
16	3428
0	3943
19	627
9	394
46	165
21	838
3	4807
56	3802
0	3801
0	3769
13	0
0	1860
0	928
0	2213
298	1709
116	53
363	752
21	659
27	0
0	357
0	286
0	0
9	21
0	0
0	0
0	0
0	0
0	0
0	0
0	0
0	0
0	0
0	0
0	0
0	0
0	0
0	0
0	0
0	0
0	0
118	473
2	280
0	202
0	52
5	112
10	75
0	98
3	157
8	29
0	50
6	109
61	252
0	153
0	71
19	199
0	17
0	0
0	0
0	0
211	709
10	35
31	178
1011	757
0	362
2	131
0	270
4	113
25	117
13	18
0	72
0	37
9	6
0	1
0	1
71	83
0	50
7	36
0	0
0	22
26	20
16	171
0	18
0	50
0	0
30	617
3	1018
0	775
0	851
0	849
4	846
0	186
11	122
1	192
0	122
13	216
0	266
0	76
6	3
0	10
0	80
0	80
0	75
379	323
0	44
0	27
25	2
0	15
0	746
58	2289
4	25
6	134
117	567
0	3
95	0
0	439
0	2265
8	192
0	203
22	84
24	1751
730	2064
0	51
0	99
18	1657
35	1125
0	0
0	386
0	213
4	1697
0	422
0	73
0	81
0	199
0	1518
1	1123
8	1156
0	318
2	419
0	0
3	0
16	51
0	136
0	765
1	530
4165	1241
2	0
0	390
0	390
0	363
0	476
19	359
0	0
0	545
0	464
39	543
48	2541
34	384
19	202
18	1864
0	161
2	187
3	92
0	328
5	56
0	45
0	67
0	26
0	18
1	14
0	20
0	24
0	28
0	24
0	16
0	33
0	27
0	0
0	29
0	115
0	11
0	21
0	25
0	30
0	14
0	28
4	124
0	46
0	45
0	273
0	0
0	0
0	0
0	0
0	0
0	0
0	0
20	2371
1	1448
30	426
0	1240
42	7
7	602
6	176
33	632
0	77
3	61
0	74
0	73
11	99
64	0
0	2354
0	71
0	71
0	2129
54	417
161	239
4	142
5	329
11	2008
1	2075
20	1745
3	1666
129	1349
0	1860
19	1770
85	48
7	1152
0	740
15	404
0	1079
0	386
0	678
0	369
0	523
12	455
0	414
0	175
3	507
0	329
0	8
20	4
0	0
0	0
0	0
0	0
0	0
0	0
0	0
0	105
144	1423
410	1423
2	782
0	866
40	569
8	45
5	26
3	8
0	57
0	3
5	20
0	225
54	225
0	175
0	108
2061	427
53	39
0	22
0	27
0	7
0	24
2284	2358
1	2358
2	7
5	218
0	25
8	204
41	147
1	1643
0	111
0	1646
10	3
0	407
9	1658
0	143
0	1654
6	407
51	1714
6575	2128
0	199
32	273
3	328
2	854
0	156
0	85
0	30
71	267
3	1533
0	469
0	58
0	355
0	1
13	17
190	216
0	0
2	0
754	1414
0	231
0	116
33	1327
6	27
5	0
0	0
0	0
0	0
0	0
0	0
0	0
0	0
0	0
0	0
0	0
0	0
74	27
0	0
0	0
0	0
0	0
38	1688
0	217
0	725
0	425
4	389
1	219
9	200
7	2
38	209
0	149
0	518
4	458
6	540
4	134
0	115
0	37
3	0
91	383
133	383
68	263
1	263
0	21
4	16
1	25
20	5
0	15
13	0
0	0
0	921
0	7
0	892
0	0
0	28
0	0
0	921
21	152
0	815
61	60
2	28
0	42
0	559
0	81
0	80
0	60
0	56
0	170
16	82
6	113
1	733
1	98
0	62
0	71
0	583
2	65
0	159
0	79
0	69
0	77
0	61
0	68
0	45
7	31
19	14
4	16
0	18
0	67
31	16
0	0
2	22
0	8
0	16
0	8
0	0
0	14
0	11
0	3
0	11
0	0
0	3
0	3
0	0
0	1
0	0
0	0
0	110
0	110
1	58
0	81
4	90
0	27
2	564
0	574
0	73
0	82
0	17
0	12
0	12
10	31
0	31
0	0
0	0
0	31
0	1
0	47
0	0
0	0
207	445
0	29
0	3
8	309
0	80
15	42
0	0
0	110
1	36
37	2422
4	2422
136	464
0	164
18	35
0	357
0	385
0	193
153	155
25	1522
19	114
32	1032
0	0
164	1332
1	31
0	650
4	437
8	72
0	104
0	0
77	5158
40	4161
0	4820
3	4738
1	4022
13	1324
6	391
0	3916
169	98
10	19
95	20
221	1574
1	497
0	452
0	0
0	2
0	2
0	0
0	0
0	0
0	0
0	0
0	0
0	0
1	0
0	2
0	3
0	3
0	2
4	5748
2482	3245
0	531
58	6798
0	599
11	1575
1	683
234	1510
42	1755
0	5605
8	1090
7	1406
97	49
6	1484
0	185
0	2895
8	980
118	0
54	337
277	1003
57	187
11	564
870	1926
352	1
0	61
0	83
0	88
0	8
0	11
0	1
0	3
2	179
0	0
0	5
36	156
3	112
15	143
0	36
0	24
0	11
0	3
0	63
0	952
0	0
0	1396
66	291
0	1238
7	1072
0	1611
28	158
2	377
0	1195
0	1274
6	376
96	258
11	0
0	0
47	151
0	46
0	16
0	0
0	34
0	0
2	0
0	0
0	0
0	0
0	9264
37	1980
0	8871
0	9046
0	17
0	0
0	0
0	17
0	0
0	0
0	9
2	567
477	1149
0	1075
200	177
10	213
19	184
14	98
15	116
0	105
0	266
0	392
0	441
0	566
0	384
0	366
0	393
0	362
0	315
0	328
0	156
0	203
0	27
0	265
183	716
11	235
0	283
0	283
0	341
16	1758
0	189
97	1612
30	239
22	235
110	1906
0	1424
184	1784
1336	486
0	399
52	2
5	145
1	71
0	72
61	2536
0	2189
5	2365
24	2377
37	1750
2	199
2	138
0	151
0	141
0	43
0	23
0	22
0	0
12	39
7193	4791
36	4759
35	67
4	0
221	0
0	367
0	274
0	362
2	1745
2	1711
94	1753
7	195
0	353
27	320
0	16
69	22
17	87
0	595
0	591
0	0
0	0
0	0
0	0
0	0
0	0
0	0
0	0
0	291
29	368
7	218
0	325
0	262
0	202
0	109
0	74
0	81
0	85
98	380
0	357
0	286
19	270
0	3
41	635
0	372
9	543
1	538
0	595
0	417
3	495
0	234
0	139
0	0
0	113
0	92
0	608
66	3186
31	2983
44	2520
94	1068
8	2621
13	309
22	37
152	65
0	36
0	0
0	0
0	7
0	7
5	7
5	22
3	22
5	0
0	11
0	374
238	463
0	379
0	434
0	22
0	6
0	0
0	18
0	40
0	30
0	8
0	265
7	97
0	266
24	339
0	78
130	2636
0	104
4	2121
5	1764
8	875
0	274
37	68
13	24
18	72
197	175
0	236
15	186
1	30
0	19
0	15
0	4
0	4
0	0
0	0
0	0
0	0
0	0
0	182
0	261
0	260
0	292
0	19
0	272
0	216
0	235
0	9
0	12
0	236
0	220
25	616
0	33
0	81
0	11
0	50
0	240
0	274
0	128
0	268
0	227
0	240
0	278
0	260
0	204
0	253
0	222
1	239
0	201
0	237
0	244
0	102
0	181
0	26
0	208
0	178
0	201
0	176
0	11
0	0
0	21
0	14
0	181
0	13
0	0
0	24
0	109
4	0
6	327
0	332
17	158
0	1
0	89
0	13
0	23
0	220
3	0
95	4285
2	4212
186	2366
74	77
0	18
0	13
0	20
244	703
0	58
0	561
3	0
376	2521
0	2285
7	566
10	236
0	0
0	201
0	0
0	0
0	0
0	0
0	0
0	0
1	168
0	0
0	201
0	117
0	95
0	0
0	0
0	0
0	158
15	2571
0	87
0	72
1	2701
7	94
0	59
0	1708
3	143
0	8
0	158
0	2137
51	2095
0	37
0	81
3	96
0	163
1	26
44	113
7	159
21	178
0	64
3	80
11	69
18	32
0	140
6	46
17	918
0	488
0	301
0	181
7	52
8	15
770	1229
26	536
61	912
1	64
33	16
5	67
48	147
2	317
0	0
0	0
10	1288
0	1170
0	63
4	905
0	840
0	960
0	41
2	1351
0	1121
10	53
7	851
0	88
0	71
0	971
0	61
0	36
0	19
1	50
0	15
0	15
0	50
0	7
0	59
0	22
0	24
0	15
0	1
0	0
0	43
0	0
0	13
0	2
0	13
0	50
34	580
0	89
554	910
154	712
5	648
33	503
0	101
705	525
5	184
0	315
6	27
0	129
0	0
0	0
0	0
0	0
0	0
0	0
0	0
0	0
0	0
0	2869
0	3
0	3
0	1
0	0
0	0
0	19
5	5210
55	335
17	1386
0	0
1156	715
31	195
0	366
97	691
15	23
2	43
0	223
0	67
7	62
14	0
50	164
3	168
0	124
0	0
28	51
11	3
0	48
0	0
0	0
0	86
0	5
0	5
0	12
0	0
0	0
0	0
1	1
0	0
0	0
7	147
0	7
0	9
0	531
8	297
0	197
0	136
9	3
5	2
0	531
75	317
1	292
0	8
0	121
0	871
0	393
0	389
52	327
8	12
0	875
1501	746
14	737
9	60
0	162
0	162
0	1
0	2
0	2
69	2067
0	1914
0	62
0	189
0	0
0	514
3	497
1	28
0	77
7	325
0	280
115	470
0	313
0	326
0	343
1	14
4	32
15	7
19	302
2	86
0	113
6	272
2	115
0	168
1	0
5	196
0	55
4	5
0	328
0	0
0	0
0	0
0	0
0	0
0	0
0	0
2	0
0	0
0	0
18	599
480	6775
28	6257
0	14
37	729
0	703
98	1740
1	112
3	715
0	715
0	715
0	0
0	85
0	0
0	85
0	3
0	3
0	3
0	3
0	3
0	3
0	3
0	0
0	0
0	0
0	0
0	0
0	0
0	0
0	0
0	0
0	0
0	0
0	0
0	0
0	0
0	0
0	0
0	0
0	0
19	361
0	197
20	772
13	491
0	151
14	211
0	143
0	67
0	2
0	46
0	57
0	6
0	10
106	58
0	3
0	10
0	0
4	5
0	4
0	5
0	0
6	11
0	2
7	1053
14	410
0	342
427	5749
0	1300
0	350
294	5159
0	442
8	455
331	1592
0	1437
6	448
0	2723
0	218
4	336
158	1001
0	1152
429	0
0	0
0	0
0	0
0	0
0	0
0	0
0	0
0	0
0	0
0	0
0	0
0	0
0	0
0	0
0	0
0	0
0	0
83	46
0	32
5	37
6	22
1401	995
11	411
143	451
0	196
3	293
0	52
8	58
0	43
0	103
0	52
35	349
0	12
0	21
0	10
0	10
0	12
0	12
0	12
0	12
0	12
0	12
0	12
0	12
0	12
0	10
0	10
0	10
0	12
0	21
0	12
0	10
5	0
0	0
0	0
0	0
24	9
1	126
10	135
0	0
0	9
0	0
0	0
0	0
0	0
0	0
3	8
0	0
0	8
0	0
0	8
0	8
0	8
0	8
0	8
0	8
0	0
0	0
0	0
0	8
0	0
0	0
0	0
64	1872
388	4126
0	341
0	59
6	2
0	705
28	270
13	86
44	95
24	2080
0	1826
0	1818
0	1888
0	1775
0	1955
1	1700
0	527
11	348
0	769
0	1000
0	799
0	691
3	768
0	440
0	377
0	507
0	436
0	312
0	324
0	322
0	281
3	170
0	146
0	0
17	2040
625	4362
10828	4362
3	59
0	59
0	0
0	0
0	0
0	0
0	0
0	0
0	1420
15	1485
185	879
82	914
0	30
13	150
0	48
11	107
0	8
0	0
0	0
0	0
0	0
0	5
8	5
189	596
0	691
0	557
2	754
21	758
6	552
5	117
0	40
23	25
29	91
0	108
4	79
15	65
0	0
0	0
0	18
1	690
0	66
0	66
0	6
1	6
0	0
509	2529
0	107
26	2435
0	124
0	117
0	202
0	0
0	0
83	173
0	156
0	127
0	27
0	31
0	77
0	24
3	9
0	14
0	11
7	39
0	0
0	50
10237	5919
3	2222
5	152
0	96
284	3993
0	3779
4	18
89	298
0	744
4	287
0	9
0	12
0	493
0	16
5	508
0	350
7	432
0	0
0	0
0	0
0	9
0	9
6	0
0	9
0	0
5	0
0	0
0	0
0	0
0	0
0	0
0	22
7	1
0	0
0	0
0	0
0	1
0	0
0	0
3	0
0	0
184	507
0	605
0	652
0	770
45	35
5	587
7	249
5	39
0	6
0	40
5	102
0	700
0	0
190	4655
1902	4561
25	1921
2	274
44	440
87	439
0	3
16	6
0	0
0	0
0	0
0	0
0	0
0	0
0	0
0	0
0	0
0	65
0	4
0	62
30	832
17	855
84	203
16	711
41	46
0	65
0	146
0	187
0	67
383	67
0	39
0	67
0	63
0	68
0	35
0	0
0	72
0	68
0	39
0	20
0	0
0	9
7	19
0	54
20	58
0	31
6	2
0	58
0	58
2	806
0	802
0	759
0	802
0	710
0	838
0	759
5	199
0	71
0	201
10	132
0	90
76	16
7	6
0	2
90	739
0	141
0	26
0	35
0	147
0	12
0	33
0	15
0	139
0	160
0	16
0	148
0	3
0	0
0	0
0	3
0	0
0	15
0	28
0	0
0	0
0	0
0	0
0	0
0	224
0	157
0	228
0	168
35	72
0	149
0	76
133	24
9	4
0	13
14	3
0	12
3	44
4	58
0	0
27	0
18	0
0	0
0	0
0	0
0	0
0	0
0	0
0	0
0	0
0	0
0	0
0	0
0	0
0	2
13	592
0	1544
0	9791
0	387
29	554
0	13986
0	1295
0	5732
0	0
0	0
0	50
0	4
0	197
29	39
0	2
18	33
0	30
0	0
8	0
0	0
0	0
0	57
0	49
0	26
0	58
0	19
6	13
7	43
40	211
7	6381
0	3224
0	356
0	79
0	80
0	226
29	18
0	170
0	6098
0	6025
8	6365
0	5903
0	5648
1	6195
0	74
3	3037
0	0
334	428
5	271
4	39
21	55
275	1114
0	802
0	19
156	170
15	176
0	57
1	40
0	14
0	76
32	160
0	54
0	42
181	652
2	2316
0	2322
0	2280
3	12
27	656
0	5
0	13
5	70
0	36
0	66
9	54
0	53
0	19
0	8
1	4
0	5
27	4
0	78
0	10
0	57
139	3092
193	1067
3	444
4	380
24	1495
146	190
12	1630
13	131
4	20
0	98
17	43
13	565
6	1348
34	1661
0	1160
0	92
0	0
5	46
3	66
0	104
8	854
2	168
0	109
0	109
2	46
0	13
3	3
24	5
7	35
20	1008
10	13
0	9
3	27
0	32
0	19
0	5
0	22
0	0
1	5
0	20
10	17
0	12
0	55
0	0
0	55
0	0
0	1
9	287
29	201
13	99
0	287
0	12376
0	17607
0	33967
0	33541
1	31038
0	27297
0	33977
0	35055
9	10719
1	8411
0	16192
0	4882
1	16873
0	18417
230	3575
0	0
0	4
0	0
0	0
0	0
0	0
0	0
0	0
0	0
0	0
0	0
0	0
0	0
0	0
0	0
0	0
0	0
730	2422
12	42
0	1687
0	406
8	1164
0	1203
0	1982
95	1338
3	187
0	0
0	0
0	0
0	0
0	0
0	0
0	0
0	0
0	0
0	0
0	0
42	1112
0	9
0	14
0	5
0	0
0	0
0	0
0	100
32	43
21	2027
3	273
0	210
11	231
0	491
8	300
2	376
22	137
0	0
0	0
4	0
0	0
0	0
49	1373
138	1451
1	96
32	77
4	122
1	221
0	155
2	151
5	41
18	200
0	205
1	106
0	7
0	17
0	11
4	28
0	11
0	11
0	5
25	374
13	79
13	273
0	1
0	222
7	201
1	25
8	53
73	503
0	50
20	254
2	57
0	48
55	184
47	300
4	29
0	20
0	306
0	62
0	44
0	159
0	583
48	442
0	735
0	509
3	141
0	542
0	578
0	0
0	67
0	84
0	0
0	0
0	3
0	134
0	4
0	30
0	0
0	67
21	134
0	0
0	1
0	15
0	17
11	357
0	780
3	780
20	429
0	553
0	631
0	564
0	548
12	160
0	2
0	9
0	4
2	0
0	95
14	1840
0	111
0	111
0	0
0	0
0	0
0	0
0	111
0	0
0	0
0	0
0	0
0	0
0	0
0	0
0	0
0	115
0	0
0	106
0	15
0	115
0	0
1516	8114
19	4589
0	820
83	3449
0	982
153	3099
85	3985
136	3950
172	3417
0	1763
14	83
0	99
0	89
2	89
168	351
0	455
33	255
8	364
0	130
1	89
0	14
3	92
5	125
3	104
12	51
0	51
0	24
0	80
8	79
0	52
4	25
4	0
227	232
0	12
0	23
0	57
1	26
0	34
0	30
0	0
0	0
0	0
0	0
0	0
0	0
0	30
0	0
9	2557
0	1037
0	1496
0	1127
8	1118
0	1621
2	1725
7	1377
12	729
0	1390
0	367
117	1135
3	1154
0	631
0	817
0	861
14	118
0	3
0	89
1	943
14	878
0	116
5	153
0	647
4	837
2	74
0	98
0	95
0	81
0	122
0	71
0	115
0	152
0	3
12	55
0	237
0	246
1	109
0	103
0	250
0	153
0	212
0	221
0	238
0	0
1	95
0	0
0	0
0	0
0	0
0	0
0	0
0	0
0	0
2	163
6	0
0	0
0	6
0	18
0	18
0	2
0	0
0	12
0	65
0	48
0	0
0	1
7	48
0	13
0	0
0	0
280	2894
0	2806
44	242
0	176
75	364
0	207
0	226
0	132
0	29
0	134
5	23
0	25
13	141
47	215
0	1
0	7
0	32
0	18
0	161
0	30
0	195
0	60
0	39
0	159
0	136
0	98
1	8
22	98
0	135
0	160
0	2
0	131
0	0
0	0
0	0
0	0
0	0
0	0
0	0
0	0
0	0
0	0
0	0
0	0
0	0
5	3
0	17
82	95
0	0
0	5
0	0
0	10
0	97
9	64
0	15
23	468
2	82
0	221
0	22
0	271
0	260
2	129
0	208
11	192
99	148
0	26
16	8
14	102
61	1004
0	990
5	256
0	233
0	259
0	487
0	102
1	3
0	18
0	7
0	29
7	233
0	305
0	63
0	36
0	176
0	295
0	597
0	12
11	103
19	664
4	804
0	661
0	590
0	336
18	1164
0	311
0	181
0	663
0	658
71	564
8	163
0	254
16	564
0	316
13	168
0	149
0	100
0	149
1	229
0	65
2	77
0	15
0	24
0	29
26	271
49	300
16	82
0	3
0	14
0	30
0	88
0	165
0	105
1	110
0	163
3	166
0	71
0	0
62	7660
1454	7149
0	758
0	383
5	4847
0	6590
57	500
8	1863
0	3699
0	6489
0	6579
42	29540
7	25917
27	26774
8	20483
4	23581
4	25782
0	23259
4	17013
0	13445
6	6899
2	5831
0	6286
0	6269
1	3950
8	5698
304	20526
0	801
103	7121
151	1613
12	1269
6	576
0	1269
174	8180
2	1223
19	8289
11	107
28	159
17	600
0	0
0	1
19	31
200	86
0	39
0	0
0	0
0	0
0	0
0	39
0	78
0	58
95	0
0	0
0	0
0	4
0	0
0	0
0	0
0	9468
0	455
0	9412
287	26
2	26
2	0
576	633
37	380
33	259
0	208
0	1887
132	461
185	2775
88	2864
3	1500
28	1029
12	2609
0	2188
24	1382
0	1047
0	0
0	0
0	2
0	148
9	164
0	0
5	221
0	0
1	808
0	0
0	0
0	0
0	0
0	0
0	0
0	0
0	0
0	0
0	0
0	0
0	0
0	0
0	0
0	143
3	233
18	145
3	186
0	84
0	259
0	93
0	189
0	0
0	0
0	0
0	0
0	0
0	0
0	0
0	132
195	831
66	226
4	223
0	11
0	0
0	20
1	1434
6	125
29	93
24	87
0	188
0	1351
16	1227
0	81
18	395
0	60
10	94
15	288
36	32
9	43
5	577
255	486
3	533
24	81
0	10439
542	51
0	0
1043	250
26	53
0	70
2	176
5	44
0	96
0	2
0	6
0	0
0	0
0	6
0	385
0	0
0	0
0	0
0	0
0	0
0	0
0	385
0	0
0	0
0	0
2	3
0	0
0	0
0	2943
81	3007
0	2940
0	2940
0	20
91	1349
0	1939
3	323
14	311
4	0
6	47
0	285
1	278
33	204
0	203
130	13
0	13
0	0
0	0
0	966
0	83
0	83
0	83
145	17
5	17
13	991
0	954
0	555
2	136
0	261
0	230
4	134
0	59
2	34
0	17
0	105
0	320
131	732
3	27
4	162
0	149
17	234
1	511
3	359
0	88
11	90
0	68
33	1521
68	183
0	1598
5	1072
11	109
7	41
0	155
29	217
4	1061
1193	690
18	428
0	725
33	615
0	71
0	49
0	0
0	0
0	21
0	17
0	19
0	17
0	17
0	17
0	17
0	2
0	0
1	2
0	0
0	0
6	435
3	434
0	437
0	31
8	5
0	67
0	12
0	69
0	428
0	433
0	155
0	0
0	0
0	0
0	0
0	42
0	11
0	74
0	425
0	0
4	0
0	0
0	0
0	0
0	0
0	867
110	1032
0	582
29	216
0	96
4	39
10	85
0	1085
67	280
0	287
0	294
3	280
2	280
22	280
0	454
0	332
76	362
9	485
0	280
7	245
5	306
0	253
0	280
0	274
0	289
6	259
16	80
0	0
0	6
0	6
0	6
0	6
3	7
98	20
0	20
12	16
10	1
20	0
2	482
3	763
0	2581
6	5825
0	5366
2	5554
0	5370
8	111
12	177
17	387
13	181
1	577
0	346
2	119
49	312
28	867
17	621
0	518
55	314
24	312
0	771
59	521
0	246
0	536
0	143
0	553
0	281
0	144
0	29
0	0
2	976
0	128
4	728
0	178
10	169
0	376
0	546
0	93
0	211
76	760
0	229
0	678
0	194
0	860
4	0
0	57
0	3
0	420
0	341
0	341
0	333
5	69
0	63
0	21
0	24
9	0
2	0
0	815
62	1821
12	1389
955	3390
180	3401
0	713
0	251
20	0
0	0
0	714
0	272
9	3
4464	4249
22	84
21	3493
0	1
0	1
0	0
0	0
0	0
0	0
0	0
0	0
0	0
0	0
0	0
0	0
0	0
0	0
0	0
0	0
0	188
734	167
0	101
0	14
0	27
0	12
0	5
1	123
4	119
0	9
14	1884
8	1610
23	1941
0	1699
26	447
20	111
11	1625
38	333
31	1243
0	1166
121	825
14	330
3	254
6	27
0	324
0	135
0	161
0	362
1	226
1	91
654	866
28	638
0	73
0	11
0	435
2	135
0	52
0	589
846	770
15	36
0	131
0	40
0	54
12	29
0	47
0	25
26	143
0	165
3	430
0	0
0	103
9	2225
20	2516
7	7334
0	2459
4	208
12	1980
15	263
0	2145
1269	9389
13	2220
149	672
6	286
11	382
0	0
0	0
0	0
176	411
4	269
4	203
0	162
0	0
0	0
0	0
0	0
0	0
0	0
0	0
0	0
0	0
0	0
0	0
0	0
0	0
0	0
0	0
0	0
0	0
0	0
0	0
0	0
0	0
0	0
21	775
2	760
0	275
4	203
503	2357
17	118
13	83
253	1089
3084	3641
329	342
0	53
2	48
4	1497
0	1544
41	158
40	1702
7	38
9	114
75	2681
0	0
0	0
0	0
0	0
0	0
0	0
0	0
0	0
0	0
0	0
0	0
0	1
0	22
0	4
0	22
0	22
1	238
12	807
0	76
13	27
4	806
0	15
0	71
8	779
0	362
3	95
0	281
0	177
0	696
36	218
0	190
25	590
0	77
0	117
0	90
13	30
66	717
93	71
18	3
0	3
0	3
0	0
0	0
0	0
0	0
0	0
2	1
0	1
0	0
0	0
2	266
163	266
43	930
25	974
138	583
1	43
0	268
0	234
8	54
0	730
0	711
737	649
13	598
26	436
0	71
0	724
0	76
0	1810
36	1163
0	969
0	47
0	0
0	612
0	0
0	76
0	1547
0	1547
53	5955
0	5815
0	4220
0	4260
0	3284
0	4824
7	3442
0	2991
0	2699
0	3020
641	2399
0	657
195	697
14	350
0	866
0	726
121	462
0	0
0	0
2	22
0	0
0	22
0	0
0	0
0	0
15	2033
147	2119
0	40
0	1853
1144	10972
19	10972
31	1538
302	1538
19	25
33	1538
1	2993
0	6108
0	6059
0	6386
26	5030
105	98
45	3605
0	1696
30	97
8	2826
0	1303
58	1288
0	0
10	5
0	0
27	436
0	50
0	31
0	31
0	12
0	9
0	0
0	0
0	2
0	13
0	5
0	10
0	3
0	6
0	5
1	9838
2	9873
29	9741
5	317
7	9362
1	4047
0	4172
0	9516
0	4669
1	4782
0	9540
4	78
0	15
0	87
0	200
0	9092
0	9704
1	9743
8	134
0	9101
0	4326
24	471
0	8709
2	382
4	9074
0	545
0	1291
0	29
0	9200
0	643
11	522
10	294
11	557
121	1242
7	1875
74	375
113	198
0	9746
0	15
0	1622
1	399
6	639
6	37
0	329
0	37
0	484
0	306
0	0
13	39
31	16
0	16
5	0
0	133
4916	1710
0	5
2	33
6	141
0	1005
0	0
11	0
0	215
0	158
0	0
46	206305
0	107251
0	138745
142	114717
0	60716
25	33393
45	49623
0	31747
58	968
0	33416
8	64941
0	313
0	37450
0	82644
117	1166
12	899
0	537
6	536
401	823
0	189
127	251
0	156
2008	1876
0	378
7	139
0	113
21	146
0	68
0	227
0	61
0	91
0	32
335	1622
0	0
9	1305
0	163
2	117
5	169
0	244
0	95
0	0
0	0
0	76
1918	2326
4107	2900
427	185
5	198
14	399
110	494
11	374
56	57
32	36
33	997
0	429
0	218
0	711
14	172
30	291
0	3
1	1347
0	0
0	1514
422	2779
0	1431
0	1523
0	90
6	0
0	0
0	0
90	13
0	13
0	13
0	6
0	6
0	13
0	13
354	0
0	2219
6	2275
11	2204
1	2386
0	2176
14	122
5	186
0	66
0	24
0	0
0	64
4	40
0	93
0	32
0	2219
0	1957
30	370
0	2004
0	0
12	1077
0	92
0	0
1	284
0	1
0	0
0	0
0	22
35	474
4	10
0	29
0	114
0	88
0	222
0	6
26	193
41	148
0	113
0	0
18	0
0	0
1	8
0	0
0	0
0	0
0	1147
0	147
0	57
246	1253
0	99
3	136
0	4
0	11
0	11
0	11
0	11
0	11
0	11
0	0
0	11
0	34
0	38
0	14
0	4
0	4
0	4
0	10
0	6
0	4
0	2
0	8
0	1
0	2
0	214
0	81
0	14
0	233
1274	1172
120	1287
0	1039
61	0
0	108
0	31
19	45
0	230
4	220
1	195
0	102
0	62
28	221
1	30
0	17
0	22
1	19
0	5
0	10
0	17
0	0
0	8
0	1
0	15
0	86
1	0
0	0
0	0
0	86
0	86
0	0
0	0
0	0
0	0
0	0
0	0
0	0
0	0
0	0
0	0
0	0
5	0
0	0
0	0
30	15
2	14
0	1
0	1
35	3735
80	3799
26	118
1	0
0	149
0	39
7	1171
22	220
0	233
49	213
61	54
11	163
0	343
13	248
0	953
0	1048
0	1080
909	28
13	86
0	3374
0	2383
0	0
0	8
0	7
0	8
0	1
0	1
0	1
0	1
0	0
0	0
0	0
0	0
2	175
34	192
18	66
7	129
7	22
6	8
0	2
0	1
0	1
0	1
0	1463
43	1915
37	1583
11	1969
781	1695
0	469
0	161
0	92
0	222
49	78
23	151
6	9
0	30
0	622
5	232
0	0
15	330
0	0
0	0
0	0
0	0
0	0
0	0
145	227
0	174
0	174
0	8
0	288
0	250
0	103
9	96
0	79
0	190
1	0
3	82
2	19
0	0
0	0
0	0
0	0
0	0
0	0
2	49
13	49
2	49
0	0
0	0
0	0
0	0
0	0
0	0
0	0
29	631
0	113
0	884
52	154
0	343
1	178
72	1475
36	244
0	0
0	0
0	11
0	9
0	25
0	0
0	9
0	0
0	0
0	4
0	0
0	0
0	0
0	0
6	9
0	9
0	5
0	0
0	1
0	1
0	327
0	676
0	765
0	812
0	206
0	114
0	365
0	652
0	16693
0	0
0	16
0	16
0	0
0	0
0	0
0	0
0	0
0	0
9	0
0	0
3	0
0	0
0	0
0	0
0	3210
0	2591
0	3220
29	485
0	718
117	3775
7	529
30	7
0	1979
0	1185
0	2404
0	1470
0	918
0	29
16	545
41	3230
0	0
0	24
0	0
0	0
0	0
0	10
37	2183
22	2183
2	0
0	227
0	223
26	182
0	140
2	87
7	36
0	0
0	1
0	1
0	720
0	706
0	934
6	935
0	940
5	868
0	945
0	929
0	927
1	967
0	910
5	56
0	57
0	20
0	16
0	12
0	5
0	1
0	9
0	0
5	2
4403	7506
0	6179
0	5453
0	10
0	85
0	218
63	178
80	2280
0	38
110	1133
6	741
0	241
7	252
0	183
7	93
0	156
0	122
0	34
43	34
4	324
0	342
0	340
0	339
0	61
0	324
8	323
56	362
0	113
9	108
12	27
0	150
4	141
0	80
0	148
0	41
0	11
0	4
27	6
0	7
6	881
0	238
0	104
30	44
6	139
0	114
0	356
0	171
0	188
0	97
0	224
0	548
0	35
8	158
21	402
0	7
0	865
5	24233
22	24232
6	26761
0	39900
3	18928
0	36688
8	37897
74	17934
3	21101
0	18715
0	35347
2	17652
0	34942
0	37279
0	37130
63	26840
52	24605
158	24235
31	21870
0	23889
0	20689
0	19749
16	21325
211	22316
24	2029
0	18124
2	10023
26	13343
4	2621
0	883
38	233
115	233
0	22
0	5
2	22
0	22
26	2361
12	1328
59	2806
20	130
0	25
0	0
0	25
0	0
0	25
115	553
0	553
0	237
9	24
0	186
18	0
0	402
16	2877
20	2967
0	2886
0	400
5	121
18	0
0	0
0	0
0	0
0	682
0	2
0	0
0	2
0	2
0	2
4	94
0	0
0	0
0	94
0	94
0	2
0	0
0	0
0	0
0	83
0	348
76	108
0	88
0	0
0	0
0	0
0	0
0	0
0	0
0	797
3	127
0	83
0	83
0	11
9	44
100	64
0	44
0	59
0	52
0	30
0	18
0	0
0	0
0	0
0	0
0	0
0	0
8	918
634	1001
35	1294
0	452
0	377
5	557
37	185
39	186
4	1393
0	7
0	7
0	7
0	7
0	0
0	0
0	0
0	0
0	15
0	0
0	15
0	15
0	15
0	15
0	0
0	0
0	0
0	15
0	323
30	2410
0	258
0	253
1	264
0	256
0	267
1040	537
1	392
44	366
0	195
3	437
49	1239
58	978
0	1152
3	212
5	191
1	1128
0	927
21	186
0	314
0	892
0	410
0	325
0	530
0	38
0	114
6	649
4	488
10	41
0	86
0	19
0	19
8	0
1	50
11	154
0	65
92	205
0	65
5	66
5	12
0	4685
0	145
0	372
0	2139
0	1519
0	534
37	2207
720	4721
7	664
0	225
171	1082
0	269
0	1081
8	1081
0	204
0	143
0	210
0	163
4	142
8	78
7	431
152	653
0	670
23	358
0	189
8	102
0	74
1	1618
3	2454
0	7234
0	2812
56	7750
55	6845
4	3268
0	107
0	191
0	3087
0	7648
6	17
4	1101
0	1370
2	1115
0	1001
0	1332
3	80
51	126
0	695
0	671
0	1885
17	429
0	7152
23	867
0	3
0	92
0	0
0	0
0	0
0	0
0	0
0	0
0	0
0	0
0	92
0	92
0	0
0	0
1	0
0	0
0	0
0	0
1	994
292	2153
0	1957
0	15
7	115
38	63
28	109
331	23
5	1973
0	2735
3	2010
54	1671
11	1007
0	900
0	1322
0	876
2	863
0	915
7	672
64	235
6	128
0	128
10	121
0	121
0	103
0	107
0	0
0	0
11	1
0	1
5	1
0	0
0	6
0	6
2	0
0	360
8	135
0	266
2	259
5	87
0	28
14	118
0	190
0	198
0	134
0	83
0	41
10	69
0	108
0	10
0	40
0	63
0	77
0	8
13	40
0	23
4	0
0	0
0	114
474	99
0	7
0	64
0	28
0	16
0	40
0	53
71	56
1	16
0	0
0	3
0	0
0	0
0	0
0	0
0	0
0	0
0	0
8	259
1	202
141	392
0	10
3	301
45	336
2	36
7	1072
32	1481
222	774
0	1265
21	1377
10	183
25	24
2	158
3	76
0	75
0	76
0	155
0	60
0	46
9	194
0	109
0	114
0	116
9	631
0	543
64	528
0	584
0	551
23	530
6	81
5	248
0	144
0	51
43	478
270	347
0	8
0	13
15	49
0	223
0	58
0	30
0	30
0	20
0	15
0	6
0	7
0	0
0	0
0	0
3	0
0	30
10	298
19	183
14	56
0	0
0	0
0	0
0	0
0	0
0	0
0	0
0	0
0	0
0	0
0	0
0	0
0	0
0	0
0	0
0	0
0	0
0	0
0	0
0	0
791	666
0	512
23	451
0	223
0	50
0	20
0	155
2	37
0	0
0	0
3	0
0	0
0	0
0	0
0	0
0	0
0	0
0	0
0	0
0	0
0	0
0	0
0	0
0	169
0	156
0	169
1	22
0	0
0	0
0	634
37	1710
145	1367
0	814
12	0
43	1776
0	320
0	965
0	1217
15	165
2	202
0	145
8	94
7	1
8	52
8	239
0	155
0	1077
13	342
0	282
61	0
0	25
11	965
0	1560
5	4
0	273
0	9
0	0
0	10
0	0
0	0
0	0
0	9
0	0
0	0
0	0
3	69
1887	0
21	1185
43	179
0	344
0	121
81	1077
67	356
52	168
174	210
5	28
36	8
0	2515
0	2579
0	1529
0	346
6	73
0	43
0	956
65	28
0	28
0	6
0	3
0	11
0	11
0	0
0	0
0	588
0	10
0	9
0	15
0	0
2	0
0	0
1	594
8	52
0	2
0	101
0	191
0	0
1	191
0	0
3	0
21	53
0	4
0	0
26	713
16	629
10	522
51	139
48	11
19	13
26	585
0	0
0	0
0	0
0	0
5	0
0	0
0	0
0	0
0	0
0	1932
0	28
13	0
2	1969
0	0
0	0
0	0
0	0
0	2053
0	1224
0	991
0	188
6	15
0	4
0	46
0	101
0	176
0	1
0	203
0	2423
0	2082
0	326
424	1116
0	837
0	662
15	621
0	668
0	286
1	30
0	197
14	32
0	28
0	48
15	23
0	6
0	0
23	2
0	2
2	1
0	0
0	0
0	0
0	0
0	0
0	0
0	0
0	0
0	0
0	0
0	0
0	0
0	3
0	3
0	3
0	0
144	102
14	30
0	101
29	9
0	0
0	0
0	0
29	38
0	4
0	8
0	8
1	37
12	280
0	1357
0	394
0	158
0	154
7	147
0	226
0	115
0	66
0	145
0	188
0	69
0	66
0	40
0	118
0	17
0	124
0	162
0	142
0	125
0	93
0	125
0	110
0	93
0	109
0	74
0	175
2	106
0	197
0	86
0	93
0	227
0	227
0	125
7	121
0	110
0	66
0	82
0	184
0	86
0	63
0	83
0	75
0	86
0	88
4	145
0	1226
0	229
0	1339
0	215
0	1253
0	227
0	143
0	0
0	0
5	1
0	665
26	684
0	406
0	438
18	610
3	39
0	127
0	684
1122	3560
0	3384
0	3478
0	2659
0	1393
172	38
57	15
14	29
0	68
2	18
21	57
31	549
0	146
23	137
0	0
0	0
0	0
0	0
0	0
0	1
0	12
0	0
0	0
0	12
0	0
225	1515
0	2027
42	2868
32	1629
49	2443
14	348
3	715
11	1749
0	925
28	167
0	421
79	112
52	1508
282	993
0	382
8	337
109	721
0	563
0	304
30	219
0	1426
0	0
0	7
0	42
0	37
0	6
0	21
1	10
0	5
0	5
0	8
0	9
0	0
0	1
0	0
0	0
0	1
0	0
10	169
0	0
0	168
0	170
213	369
8	175
4	173
8	546
0	6
0	4
0	1
2512	12457
7906	11126
1	9168
34	494
9	609
0	467
0	349
0	648
7	76
30	91
13	395
7	144
0	0
0	0
0	0
0	0
0	0
0	0
0	0
0	0
0	0
0	0
0	0
0	0
0	0
0	0
0	0
0	0
0	0
0	2
0	0
0	0
0	0
0	0
0	0
0	0
0	0
0	0
0	0
0	0
0	0
0	0
0	0
0	0
0	0
0	0
0	0
8	1918
74	2357
58	439
19	42
19	157
0	21
2	1870
0	0
0	2
0	2
1	441
0	441
2	546
0	392
31	610
0	570
0	175
0	109
0	90
0	98
3	84
3	59
0	3
0	0
0	437
2	0
0	508
568	255
2	104
5	0
2	39
0	42
0	70
5	0
18	8
0	90
0	15
0	80
0	0
0	579
7	266
0	579
0	512
0	0
5	0
0	8
0	50
7	7
12	11
1	33
0	264
0	52
6	62
17	31
0	0
2	14
0	2
0	11
0	0
0	0
0	0
0	0
0	0
0	0
0	0
0	239
0	243
12	210
0	86
0	91
0	90
0	120
0	38
0	69
1	104
2	78
0	40
0	27
8	0
0	226
0	243
196	85
1	14
0	1
0	5221
0	9419
317	5034
0	131
0	131
0	0
0	0
0	7
0	7
0	0
0	6
0	0
0	0
0	0
0	1
0	73
0	255
3	94
9	151
8	7
0	0
7	52
21	234
0	71
0	60
0	65
10	0
0	63
12	313
0	3
30	45
12	43
2	71
580	2112
1	434
1	630
4	544
11	98
1	210
69	22
66	211
0	323
0	52
130	114
0	46
14	345
13	55
1	355
17	54
6	149
0	135
1	1
0	0
7	149
30	3428
31	645
3	88
0	0
0	27
0	3428
5	0
10	0
0	0
0	0
1	1224
0	1186
23	1202
36	7
2	0
11	29
0	1230
0	0
0	0
0	0
0	0
0	0
0	0
0	0
5	0
0	0
0	0
0	0
0	0
961	1019
5	402
13	199
0	302
1	356
0	237
0	159
0	119
11	114
0	121
0	50
176	3355
2	115
24	251
78	3356
4	33
6	32
0	210
1	2123
1	224
424	1738
217	1493
0	354
63	102
0	339
0	62
12	1855
13	1924
271	76
0	514
0	514
0	52
57	181
33	500
0	170
25	0
0	364
1	30
0	125
0	48
0	1902
0	0
0	0
0	0
0	0
0	0
0	0
0	0
0	0
0	0
0	0
0	0
0	0
0	0
0	0
0	0
0	0
30	209
0	16
0	0
0	0
0	15
0	1
0	8
0	133
0	108
0	0
0	0
0	0
0	0
0	52
0	52
0	0
0	0
0	52
0	0
0	0
0	0
0	0
0	24
0	0
0	52
0	52
0	159
0	157
0	111
0	150
0	70
0	0
3	38
0	28
0	0
0	196
0	24
0	21
0	24
0	23
0	87
3	0
0	2
9	0
6	18
0	0
0	0
0	18
25	104
1	127
0	72
21	57
0	32
1	0
0	0
0	0
1	0
10	2755
15	422
0	856
0	2872
50	1148
16	73
28	669
9	646
0	651
3	90
24	234
25	223
0	1773
8	576
34	38
48	514
124	429
14	35
258	969
3	204
19	142
7	181
240	176
0	165
7	165
0	2686
252	1396
15	217
0	230
2	351
5	309
0	275
0	289
62	457
0	488
0	169
0	171
0	63
0	154
0	171
1	162
0	230
0	312
0	2
82	348
0	222
0	215
0	2411
0	1457
180	712
10	507
2	205
26	476
14	191
51	779
0	191
0	0
11	0
0	0
0	0
0	0
0	0
0	0
0	0
0	0
0	0
0	0
0	0
0	0
0	0
1	51
0	140
0	0
0	140
0	35
0	389
0	129
0	22
0	258
24	258
0	0
0	65
0	75
0	10
0	71
0	223
0	68
0	75
0	74
0	66
8	75
0	60
0	10
0	3
0	33
0	1
0	7
0	7
0	7
0	7
0	9
0	6
0	0
0	0
0	125
0	0
0	0
0	0
0	0
0	0
0	0
0	0
3	1960
0	145
17	1124
0	82
356	1080
361	1167
0	1092
15	302
0	45
0	36
0	2
12	48
0	0
0	48
10	1121
0	22
0	22
0	22
0	22
0	22
0	20
0	0
0	0
0	0
0	0
0	0
0	0
0	22
0	9
5	11
0	0
0	9
0	0
0	2
0	0
319	63
8	49
9	310
0	167
0	175
0	79
0	66
2	12
8	911
0	2048
0	365
0	351
5	224
15	345
4	234
6	202
0	349
78	1104
0	56
0	534
0	1
16	87
0	78
0	57
0	67
0	27
8	52
1	8
78	73
0	9
0	0
8	16
0	195
50	3216
0	4039
0	477
1	235
0	722
62	3974
0	99
8	322
1	255
0	132
18	0
0	754
5	184
9	67
6	3144
164	4013
87	3685
5	39
9	2
12	74
0	228
8	227
103	1560
0	144
17	164
0	1391
0	0
0	0
0	0
0	70
5	70
0	9
1	16
0	31
0	5
0	19
0	14
0	15
0	0
0	11
0	2
0	53
6	90
8	50
0	55
0	103
0	3
0	22
11	14
1	0
4	32
0	0
0	10
0	633
0	0
18	40
20	671
3	21
5	0
4	19
0	0
0	0
0	0
0	0
0	0
0	0
0	0
0	8
0	15
0	0
0	108
0	343
0	318
0	355
0	106
0	320
0	61
0	55
0	53
0	118
0	287
0	36
0	58
0	67
0	14
0	79
0	355
0	24
0	108
0	117
0	47
0	94
0	77
8	287
9	250
0	364
0	332
0	317
0	54
1	47
1	167
0	4
1248	1530
12	1530
0	224
3	263
0	3370
0	3089
12	257
40	3075
0	22
36	293
0	187
0	0
0	93
20	0
2529	0
0	0
1	575
0	453
0	511
5	207
0	528
0	5
0	2
0	0
0	5
0	6778
0	57
11	8033
44	6341
3	1033
1	1804
1	2931
66	1237
32	1897
29	1695
13	1520
5	5595
0	2233
1	3504
21	1379
11	2422
7	3174
0	2920
18	380
0	1473
0	1374
59	348
100	835
505	110
16	110
18	100
0	25
0	0
0	1
0	0
0	0
0	1
0	0
0	0
0	0
0	0
0	0
0	0
0	0
0	0
0	0
0	0
0	0
0	0
0	0
0	0
0	0
0	26
0	26
0	7
0	760
0	193
0	221
0	193
17	230
4	230
1	172
0	17
0	42
3	74
0	229
0	0
0	0
0	4
0	4
0	0
0	95
0	95
0	95
0	36
0	98
0	99
0	94
0	0
0	0
0	41
0	95
0	98
0	93
27	8443
992	13127
8	5080
3	2942
149	2762
36	4208
423	1882
95	2850
383	2127
71	0
2	275
178	175
0	121
0	81
0	32
11	76
7	71
10	81
0	74
2	76
11	54
0	0
0	0
0	0
0	0
0	0
14	7
8	24
585	323
0	15
23	15
0	9
0	39
0	11
0	0
0	0
0	0
18	2152
7	506
0	563
34	269
6	76
0	87
0	116
0	152
0	99
3	67
0	35
0	2139
0	0
608	249
2	64
0	39
0	2
0	30
0	33
12	124
0	0
8	71
0	1180
16	1409
10	808
2	149
29	0
0	12
1	24
0	24
0	24
638	1359
0	529
0	192
0	152
0	179
0	157
0	159
0	62
0	56
0	63
0	12
3	244
0	7
0	0
0	62
1216	887
0	33
0	859
0	41
0	65
0	17
0	22
0	51
0	44
150	239
0	0
0	0
0	0
0	0
0	19
0	0
0	19
0	0
0	0
0	0
2	0
0	0
0	0
0	0
0	0
0	19
0	0
0	0
0	0
0	0
0	0
0	0
7615	733
0	264
51	634
0	718
0	830
0	718
0	718
0	503
0	718
0	718
2	83
0	91
13	15
0	10
0	13
0	67
0	75
0	116
0	112
0	53
0	71
0	2
0	1
68	133
0	21
0	36
0	52
0	21
0	37
0	71
0	37
0	1
0	37
0	60
0	21
0	22
0	78
0	1
0	0
5	185
0	78
0	58
0	88
0	80
0	37
0	1
0	19
0	13
0	50
0	83
0	96
0	22
0	78
0	6
0	17
0	22
0	26
0	20
1	20
0	20
2123	47
0	11
11	36
0	83
0	82
0	82
0	0
0	0
0	0
0	0
21	0
0	349
0	384
5	538
11	0
0	0
0	5
0	256
0	0
0	179
0	0
0	40
0	0
0	169
0	344
0	321
0	0
195	1504
26	1089
0	541
68	949
0	462
0	380
0	539
5	4
0	325
4	321
2	131
0	59
0	943
0	0
0	0
0	0
0	0
0	0
0	44
0	0
0	340
0	57
6	30
6	30
0	17
0	0
0	20
0	20
0	17
1	7
0	11
0	0
0	0
0	0
0	82
5	240
0	0
0	0
0	0
0	0
0	0
0	0
0	0
0	0
35	36
0	36
0	0
0	31
12	64
40	63
0	4
0	16
10	0
0	0
0	0
74	66
5	66
30	2
33	11
78	730
58	777
0	791
10	322
69	354
29	660
551	644
0	783
36	580
0	317
0	388
0	59
0	289
3	170
3	56
0	26
4	103
0	1
18	1
0	0
0	0
443	53
0	0
0	3440
16	613
14	4630
0	502
4	843
3	999
0	527
1	2404
7	3286
0	2898
0	3772
27	4319
0	3857
0	617
18	1210
0	4083
0	778
0	534
94	3064
8	400
26	233
49	887
7	1434
0	0
0	0
0	0
0	0
0	0
0	0
0	0
0	0
0	0
0	0
0	0
0	0
0	0
0	0
0	0
0	0
1	97
0	0
0	0
0	0
0	0
0	0
0	0
1	1376
118	1389
36	1302
0	1310
0	1039
29	508
0	527
2	978
8	412
26	311
0	416
0	295
0	146
1	123
34	69
17	75
9	95
174	410
0	277
0	245
102	451
0	107
0	0
0	0
2	21
0	0
0	0
0	0
0	21
141	4257
0	10
0	0
0	0
274	1633
10	1286
18	75
0	129
24	170
0	175
1	140
0	0
0	0
34	1069
10	595
7	872
0	555
4	890
1	400
0	295
0	571
40	499
17	242
5	253
17	1494
0	659
0	55
0	65
0	0
0	0
0	0
0	0
0	0
0	0
0	0
0	0
0	0
0	0
0	0
0	0
0	0
0	0
0	0
0	0
48	20809
86	6202
2	2902
550	2677
0	6392
0	13926
8	471
0	15691
9	4262
0	7582
0	9655
4	6532
12	13844
3	10986
88	1126
2	323
0	96
4	67
1	19
1	1126
1008	899
9	71
0	0
0	836
0	994
0	583
0	55
0	71
0	102
0	10
0	683
0	147
0	111
0	115
0	131
2	165
13	52
4	137
11	0
7	0
0	901
0	868
5	127
0	1135
4	121
6	99
12	1961
0	310
0	1991
33	2055
0	0
0	0
0	0
11	6
9	23
0	16
0	3
1	0
5	11
7	48
0	0
0	30
0	32
38	60
0	7
0	22
0	32
0	21
0	0
6	184
7	36
0	0
0	0
0	31
0	0
7	0
0	0
0	316
0	304
0	0
0	0
0	0
0	0
273	151
5	51
0	100
0	19
3	24
14	765
0	31
0	31
0	73
0	767
0	1
0	69
0	695
0	63
0	39
0	714
0	775
0	29
0	263
2	645
0	45
0	101
0	41
0	1
0	5
7	52
2	5
0	9
0	0
0	395
0	96
0	394
0	126
11	0
27	303
0	8
0	0
0	0
122	3299
59	3299
269	1519
11	8
0	0
0	0
0	74
0	0
7	41
6	0
0	12
0	74
1489	25
24	10
27	15
308	125
21	132
10	124
0	28
0	0
0	0
0	0
0	0
0	2972
22	470
19	2320
0	531
0	2602
0	2983
18	0
0	280
0	895
32	2827
3	269
0	102
12	1
260	32
15	103
144	56
0	3082
10	2752
0	531
0	779
0	843
1	167
24	155
21	144
1	947
58	1189
0	1158
9	1162
0	427
17	359
0	268
3	146
11	125
8	86
0	17
0	34
3	42
0	17
0	20
1	45
0	0
5	0
0	0
0	0
0	0
0	0
0	0
0	0
0	0
21	68
0	117
0	0
1339	239
14	91
11	195
0	2239
0	2313
0	2330
28	2079
6	2227
0	2505
0	849
0	946
0	127
11	37
0	281
0	136
0	113
0	90
8	83
4	78
0	18
0	0
0	0
0	0
2	0
0	2355
0	341
45	329
0	493
4	421
0	61
0	215
0	175
0	265
0	119
0	52
0	63
0	89
3	60
0	95
0	78
14	0
1	116
8	151
4	167
0	22
0	162
2545	198
69	186
0	0
0	0
0	0
0	0
0	0
0	0
0	0
0	0
0	0
0	0
0	25
5	73
0	0
138	26
0	25
0	12
0	1
0	6679
0	1852
0	2874
0	3891
0	1236
0	208
0	0
5	119
0	24
0	18
11	117
0	38
10	48
0	9
0	58
0	27
0	0
0	25
0	60
0	28
1	37
0	0
7	6
0	18
0	18
0	0
0	0
0	0
1452	333
11	1
0	0
0	0
0	0
59	29
5	28
0	834
0	1422
0	740
0	1382
0	1038
3	252
1	69
79	915
7	0
0	40
0	0
0	0
16	46
0	39
33	29
48	11
0	5
0	0
0	0
0	0
6	123
5	462
4	73
4	123
0	1016
60	36
0	902
0	96
0	47
0	29
0	360
0	0
12	809
0	0
0	704
17	67
0	632
3	93
0	147
0	614
0	609
0	549
0	653
0	625
89	598
24	23
32	31
14	24
0	129
14	28
121	5419
0	1936
0	3978
0	61
0	1196
0	3101
0	137
0	3133
0	0
5	54
0	87
9	56
1	293
33	17
4	2030
0	13
6	398
5	329
0	5369
3	0
0	0
0	0
0	2
0	1
0	0
0	0
0	0
5	1
0	0
0	0
0	0
0	0
0	0
0	1
0	68
0	89
0	79
0	79
0	72
0	39
0	143
0	4
0	0
0	0
0	0
0	336
0	218
31	338
0	153
0	186
0	236
4	247
2	0
0	36
0	1
0	59
0	1
12	0
1	35
0	298
0	299
2	1315
17	3447
76	7
9	3447
30	198
0	11
0	13
0	13
0	11
0	0
0	13
0	13
0	0
0	13
0	11
0	13
74	1621
23	49
10	614
0	48
0	1621
0	0
0	0
0	0
0	0
0	18
21	187
0	8
0	2
0	179
0	195
0	179
0	195
0	0
0	0
0	0
0	0
0	0
103	852
39	119
2	129
0	11
0	11
0	0
0	0
0	0
0	11
10	1
0	1
0	0
0	0
0	0
0	0
0	0
0	62
0	38
0	8
0	0
0	0
0	0
0	0
0	0
0	0
0	0
0	0
0	186
0	5
0	5
0	186
6	0
4981	1328
10	1113
5	1217
0	52
0	159
0	20
0	1
2	88
5	18
0	0
0	933
0	931
0	937
0	776
0	913
0	811
0	849
1	728
0	824
9	184
0	758
0	646
5	657
0	536
41	49
0	313
4	70
10	155
44	417
33	56
51	7
0	115
70	41
4	4
0	36
0	83
0	74
0	73
0	43
0	0
22	0
3	66
0	59
0	59
0	58
0	90
0	53
0	15
0	899
62	0
0	8
0	6
0	8
0	6
0	6
0	6
0	6
0	6
0	6
0	0
0	0
0	2
0	2
0	0
0	0
0	0
0	0
0	4
0	4
0	2
1950	293
4	167
77	230
0	353
0	347
6	309
0	312
1	369
4	369
4	260
151	478
21	102
10	269
0	181
13	127
0	0
0	0
0	0
0	0
0	0
0	0
8	0
0	0
19	23
0	23
0	14
0	311
0	682
0	708
8	701
0	72
0	10
176	37
0	708
8	724
0	699
0	121
7	124
0	13
0	0
0	1
0	0
0	0
0	0
0	2
0	0
0	0
30	121
27	175
0	59
0	100
0	81
0	52
6	41
0	7
0	46
58	340
1215	399
9	24
0	1
0	1
0	1
0	1
0	1
0	0
0	0
0	0
0	0
0	0
0	1
0	734
0	734
0	6
0	770
0	444
0	668
0	0
0	0
0	0
0	0
31	130
0	2
0	62
11	72
0	25
0	0
0	0
110	13
9	312
226	298
0	300
0	205
0	0
0	0
0	0
0	0
0	0
0	0
0	0
0	0
0	0
0	0
0	0
0	0
0	0
0	0
0	4
0	0
0	0
0	0
0	0
0	0
0	4
0	0
0	0
0	0
0	0
0	0
0	0
0	0
0	0
0	0
0	0
0	0
0	0
0	4
0	0
0	0
0	0
0	0
4	0
0	0
0	0
0	0
2245	294
0	97
25	2534
6	1232
13	336
7	1302
161	192
0	68
0	2843
0	96
15	217
0	1187
28	2
0	388
45	1972
34	59
15	84
0	2860
0	0
0	0
0	0
0	0
0	0
0	0
0	0
0	0
0	0
0	0
0	0
70	62
13	49
0	2
14	0
0	0
0	3370
3	5321
0	1555
0	916
5	4759
15	776
0	5086
19	834
3	542
0	25
2	372
33	5134
0	0
0	194
0	190
0	0
0	0
9	60
0	33
4	33
11	31
0	23
0	23
0	39
0	50
0	14
0	14
0	31
0	0
2	8
0	3
0	267
0	379
0	81
0	85
10	385
0	369
0	603
5	324
0	385
0	385
0	346
0	385
2	477
0	464
0	296
1	98
0	69
0	127
0	80
0	38
0	187
0	129
0	96
10	51
0	54
0	42
0	42
0	54
0	54
0	51
0	0
2	0
0	0
0	2
0	2
0	0
0	2
0	24
0	25
0	0
0	0
0	0
5	9132
0	31
204	3556
15	340
0	14
0	10
0	5
1	2
65	598
1	542
0	47
0	42
0	368
0	22
0	453
1	2
0	147
0	0
0	0
0	0
4	74
0	52
7	154
19	302
0	334
11	478
14	0
0	339
0	431
572	0
40	362
0	17
0	17
0	4
0	0
0	3
0	1
0	0
0	1
0	0
0	1602
0	1669
0	549
0	277
2	41
183	457
0	386
0	313
2	44
0	14
0	34
4	110
0	0
0	17
0	0
9	17
0	101
0	5
0	0
0	0
0	0
0	0
0	129
0	153
0	95
0	37
0	90
0	94
0	0
0	0
0	0
0	0
0	0
0	0
0	0
0	0
0	444
0	0
0	0
0	0
0	0
0	0
0	0
0	0
3	165
5	4273
24	9155
0	3252
2	9400
0	202
22	386
136	146
13	498
255	692
12	487
5	169
0	142
13	66
52	116
0	117
191	918
0	335
3	108
4	878
5	136
0	564
3	0
26	256
0	123
0	59
0	0
10	1701
0	261
0	206
0	280
0	839
24	781
0	747
0	190
25	3
0	274
13	162
26	421
0	1458
0	1566
475	0
0	0
0	0
0	0
0	0
0	0
0	0
0	0
0	0
0	0
0	0
0	0
7	8
0	527
7	111
2781	178
8	41
58	71
0	940
0	1790
0	111
0	2
6	1622
0	1697
0	1267
7	1065
0	76
0	78
4	191
5	1011
10	2688
0	1417
8	0
0	0
0	0
0	0
353	1367
2	471
6	896
0	113
0	142
13	343
12	263
0	169
0	8
0	0
0	0
0	0
0	0
0	0
1	100
8	246
0	33
5	125
0	13
96	881
17	855
343	334
0	417
0	30
20	278
25	68
0	0
0	0
39	562
0	8127
0	7161
0	690
1	2989
0	652
148	9075
0	5798
34	7392
0	7082
12	704
5	6695
0	1009
38	7157
69	146
5	41
25	6090
34	446
16	0
24	2
39	2700
0	234
0	1387
0	0
0	0
0	0
0	0
29	352
0	0
0	304
0	304
0	23
15	62
0	352
0	0
9	11
0	8
0	28
0	5
0	8
0	6
5	8
5	217
0	101
0	60
0	48
5	1283
46	1605
0	72
0	206
0	368
0	53
0	1412
0	190
23	152
0	1449
7	1571
0	67
0	113
0	1525
0	644
2	1469
0	33
25	223
22	1532
11	1507
0	97
0	38
23	1426
22	934
8	10
17	391
43	293
183	49
0	1294
0	1575
0	82
0	0
0	0
4	136
63	2295
1	197
8	2308
1	20
15	1351
0	685
0	0
0	0
0	0
0	0
31	411
0	0
0	0
0	0
0	0
0	3
0	3
0	0
33	103
0	103
2	101
5	199
0	255
2	170
36	124
0	45
0	166
0	0
0	0
0	0
0	0
0	0
0	3
0	1
0	1
0	0
11	180
0	0
0	0
0	0
0	0
0	41
0	0
0	0
0	41
0	0
20	871
209	1438
326	472
0	846
0	41
0	28
57	250
0	70
0	139
0	80
0	592
1	656
0	653
0	626
173	2762
0	139
0	146
9	139
74	541
0	86
0	102
0	2743
19	274
0	78
80	136
0	69
38	852
0	1130
325	1174
0	26
0	3
14	73
10	322
0	593
0	28
0	118
0	78
154	352
0	376
0	21
0	21
3	21
0	0
0	36
0	41
0	15
0	10
0	1
0	0
0	0
0	0
0	36
0	19
0	30
0	0
0	17
0	11
0	0
7	0
0	0
0	9
0	1
1	0
0	14
0	0
0	0
0	0
0	0
0	0
0	0
0	0
0	0
36	1224
2	65
15	1031
0	111
1	0
0	9
0	1180
8	59
0	2057
0	1761
368	2057
0	8
55	1421
25	92
21	2
0	0
0	209
0	216
0	165
0	623
0	155
0	460
29	219
1	728
2	244
1	543
7	303
27	355
0	413
733	430
0	444
3	800
27	46
0	0
0	0
0	0
0	160
0	137
0	64
6	60
0	121
6	111
0	34
2	51
0	49
0	24
0	44
3	15
6	2
11	5
63	350
35	973
0	238
3	4
14	0
0	0
0	21
6	52
2	52
17	807
0	54
0	969
0	11
0	21
0	0
0	5
14	4
0	21
0	21
0	111
0	0
0	0
0	0
0	0
0	0
0	0
0	0
0	0
0	0
0	0
0	0
0	0
0	0
6	13
0	13
0	163
0	74
1	228
10	148
51	89
2	60
0	41
0	94
0	94
0	148
0	217
6	23
0	70
0	21
0	39
3	9
0	26
0	17
0	2
0	27
5	45
11	102
0	86
0	10
0	0
0	2
0	2
12	374
0	2
0	0
0	0
0	2
0	2
0	2
0	2
0	2
0	2
14	1199
77	177
0	12
0	80
19	836
0	49
3	68
0	177
0	1071
0	142
0	3003
0	3033
0	2891
0	3029
0	3141
0	3070
0	3029
0	3070
0	3141
0	3119
0	2978
0	85
0	3070
0	2780
0	2725
0	3053
0	3109
6	2117
0	2702
0	2511
0	2413
1	2364
0	2371
0	2172
0	2263
0	926
0	2292
0	1568
0	1907
0	2127
0	2182
0	1906
0	573
0	6
0	1756
0	1717
54	1771
0	163
0	144
0	1771
40	868
3	1657
0	1346
6	708
28	16
0	422
0	596
1	197
0	672
0	674
0	54
0	98
0	2815
0	2850
0	464
0	214
55	106
3	302
0	192
3	157
0	137
0	21
0	6
7	113
0	455
0	111
0	18
0	18
1	591
0	0
0	0
0	18
0	142
0	0
0	1
0	1
0	0
0	0
0	0
0	0
0	0
0	0
0	0
0	74
2	25
0	0
0	0
0	0
0	0
0	0
0	0
0	0
0	0
0	0
0	0
0	0
0	0
0	0
0	0
0	0
0	0
0	0
0	407
0	463
0	100
0	258
0	2
0	10
0	2
4	9
1	0
0	315
0	32
0	16
0	34
0	80
2	14
0	30
31	0
0	0
0	0
0	0
0	0
0	0
0	0
0	0
0	56
0	0
0	0
0	0
11	77
0	4
0	3
0	0
4	1
0	29
39	356
0	138
0	147
0	8
5	319
1	1162
22	104
0	26
0	22
0	89
0	0
0	0
8	1043
0	86
0	79
81	0
4	610
62	610
5	85
0	407
0	89
26	329
0	0
0	0
315	2360
0	1350
6	2225
2	1356
0	501
0	1279
0	1853
91	709
1	595
0	118
0	212
0	611
0	233
0	0
0	0
0	0
0	0
0	126
3	114
0	197
0	126
12	0
3	30
1240	108
0	112
1	15
1150	260
119	3641
18	3585
0	164
0	34
0	117
4	253
1	196
0	240
7	157
17	166
16	20
49	2281
27	1820
252	897
4	189
317	755
18	189
23	91
0	57
0	0
0	409
0	18
0	596
2	525
0	79
9	113
0	148
0	20
7	128
0	2
0	0
0	574
24	1038
11	138
11	748
15	1604
111	1119
0	160
3	89
20	372
77	134
0	124
0	200
8	109
20	360
0	298
8	224
0	569
0	0
0	0
0	0
50	1664
201	1446
15	554
1	50
15	877
0	134
0	0
19	28
2	314
3	24
0	25
0	39
0	1084
3	18
2	16
0	0
0	68
0	1084
0	0
0	0
0	0
0	0
0	0
105	833
0	779
7	453
0	330
0	559
15	428
29	249
0	181
3	131
7	43
0	1
0	0
0	674
655	689
0	147
0	152
129	404
28	176
0	144
0	841
42	1048
247	1048
3	309
34	511
18	311
0	12
0	0
0	0
0	12
0	73
2	603
0	458
3	405
32	184
0	24
0	187
0	275
2	379
0	22
0	73
42	303
1	111
0	13
8	75
0	240
0	238
0	85
1	44
0	86
0	131
0	2
17	21
0	509
263	509
0	45
4623	0
0	0
0	0
0	0
1	7
0	0
0	0
0	0
0	0
2	0
0	0
0	0
0	0
0	0
0	3708
0	3723
2	993
12	909
0	963
58	3813
1	554
31	611
84	259
149	200
138	240
62	2374
49	2363
0	0
0	0
0	0
0	0
0	0
0	0
54	525
61	4205
0	13
29	1253
0	3571
93	1336
0	821
92	2493
0	206
22	98
0	4205
12	1261
154	117
0	111
0	0
0	0
4	0
153	123
206	70
2	29
0	0
0	0
35	1515
7	107
7	1393
13	1317
1	70
0	202
11	0
0	431
0	60
7	1393
47	77
0	1
84	613
13	38
11	47
0	1446
0	12
0	0
0	0
0	0
0	12
0	5
0	1214
0	3801
2	3287
7	122
0	2645
3	2822
0	2254
17	2145
0	445
10	23
7	3624
0	9
0	11
7	265
0	370
18	2691
0	2882
0	2369
0	2912
150	395
19	538
0	166
1	82
0	855
0	330
534	1464
12	168
0	1762
0	183
0	563
5	273
2	349
7	216
5	251
0	1127
0	225
0	416
4	470
0	307
0	174
0	296
2	750
30	399
18	250
0	137
0	419
88	125
7	339
0	350
0	360
2	271
8	209
0	163
0	20
154	56
0	737
198	27
0	27
0	0
0	0
0	0
0	0
0	0
0	0
0	31
0	31
0	7
0	7
0	0
0	0
0	0
0	0
0	0
0	31
21	88
1131	644
0	254
0	214
0	127
0	5
0	1
0	1
53	2339
0	2385
14	2571
115	2262
0	1482
121	555
0	33043
0	32919
2168	25183
71	34077
567	29300
0	69
49	2948
61	720
19	3895
0	2902
0	2401
92	1077
67	10363
1	2027
17	5763
2	1539
23	5251
90	219
0	84
3	902
0	1212
0	1170
3	1543
0	1226
0	1919
9	1883
0	1560
31	1118
86	578
29	239
7	988
0	0
0	310
5	280
0	299
0	0
583	522
0	66
0	73
0	187
2	123
0	153
0	123
19	189
0	102
7	217
0	47
0	23
0	19
2	19
0	46
0	27
0	32
0	32
9	9
0	0
0	0
0	26
0	25
220	4309
3	509
17	128
0	4124
32	335
47	8
36	619
8	824
0	510
8	446
0	68
50	86
0	390
29	0
3	3295
26	68
4	529
2	1285
29	298
15	0
16	8
0	2309
0	763
10	45
0	122
0	121
116	144
7	6
0	10
1	20
0	38
0	491
1333	1105
8	984
0	711
0	811
0	273
0	37
2	18
0	48
0	0
0	0
0	0
0	0
0	0
0	0
0	0
0	0
0	0
0	0
0	0
13	5
0	253
87	463
138	473
26	5
5	101
3	136
33	45
9	64
13	37
0	191
6	80
9	120
15	103
3	118
4	0
46	217
0	134
0	229
16	1501
0	1284
0	1400
7	1316
5	22
0	0
0	32
0	0
0	0
0	86
0	9
0	0
0	9
0	0
0	0
0	0
0	86
0	0
0	0
0	0
0	0
0	0
65	1687
0	0
0	0
0	0
0	0
0	0
0	86
0	0
0	0
0	0
0	0
0	0
0	0
0	0
0	0
0	0
0	0
0	0
0	0
28	1223
0	425
0	1142
0	363
0	253
0	255
31	334
0	274
0	364
0	253
0	9
16	28
0	28
3	1264
8	624
0	756
0	649
0	399
0	807
0	948
0	254
0	91
0	857
0	0
0	0
0	5
2	5
0	5
0	5
0	1
0	15
0	428
0	143
4	443
0	125
0	6
0	421
0	6
0	0
0	15
3	8
0	396
0	25
1	77
0	284
100	292
0	77
28	63
0	3
1	8
3	0
0	21
0	474
204	1048
0	229
0	1048
2588	2651
0	2426
10	1346
0	764
0	702
0	702
0	591
1	392
0	324
0	549
0	0
0	0
0	0
0	0
0	594
1	797
0	14
0	20
0	8
0	8
0	8
0	8
0	8
0	8
0	8
0	8
0	8
0	8
0	8
0	8
0	8
0	0
0	0
0	0
0	0
0	0
0	0
0	0
0	0
0	0
0	0
0	0
0	0
0	0
0	8
0	8
0	8
0	4510
2	4511
8	4369
0	86
0	1255
7	2488
13	79
10	1094
72	60
17	129
43	3
0	7
15	3
0	122
18	263
21	262
0	2
0	11
0	0
6	22
0	17
4	33
0	375
0	313
0	314
4	313
0	374
0	26
0	50
4	11
0	5
0	153
0	92
0	0
0	0
0	0
0	0
0	0
0	0
0	0
0	0
0	0
0	0
0	0
0	0
0	0
0	0
0	0
0	0
0	0
0	0
0	0
0	0
3	0
0	0
0	0
0	0
0	0
0	0
0	0
0	0
0	0
0	0
0	0
0	0
0	0
0	0
16	686
0	0
0	0
0	0
21	4896
0	176
0	481
4	1622
0	3330
0	5000
0	797
2	1151
0	895
0	510
0	4103
0	1150
2	1169
0	683
0	727
27	225
0	2895
0	247
11	187
3	85
31	147
0	2719
98	101
0	101
13	30
16	21
5	1389
8	594
20	1015
0	1002
0	1045
15	18
18	663
12	618
15	234
0	672
9	767
0	982
0	0
0	161
0	22
0	590
0	343
9	1043
11	278
0	238
5	171
0	307
2	286
2	60
4	44
16	56
0	15
0	21
0	39
0	39
5	1
0	15
0	31
0	7
0	45
0	0
0	0
0	15
0	0
0	0
0	0
0	0
10	575
5	162
0	306
0	450
1	69
0	143
0	139
0	79
0	12
0	12
6	1
2	1
0	1
0	0
0	0
592	0
5	0
0	6762
1	7322
7	676
97	587
101	7794
11	1409
4	3340
5	460
1	3316
2	743
0	516
101	0
44	1289
2	117
0	897
43	65
0	418
0	126
0	657
0	465
0	368
0	404
26	92
0	4027
0	0
0	0
2	27
10	26
40	16
54	16
0	0
0	0
0	0
0	0
0	0
0	0
0	0
0	0
0	0
0	0
53	50
0	0
0	17
26	111
5	42
0	39
0	17
6	0
11	37
0	0
0	0
0	1
0	0
2	139
85	1282
155	644
239	764
1	422
0	440
0	599
33	96
82	193
9	420
0	60
0	370
0	1437
75	423
0	1113
9	1554
16	1110
4	357
13	330
1	422
0	311
0	187
0	231
37	152
5	940
0	0
0	3
0	219
3	219
0	3
0	3
4	182
12	1650
0	3
20	0
0	30
1	7
9	26
0	56
0	79
0	47
0	99
11	523
25	465
8	1652
0	1001
7	1128
21	135
0	11
0	1085
29	4384
5	3287
0	1284
11	1850
24	4605
0	1850
0	760
3	1245
226	161
9	3066
72	1818
172	560
1	770
12	220
125	2922
439	2387
7	0
4089	2219
1	201
23	1242
11	893
433	1322
15	682
0	0
0	0
0	0
20	293
0	0
0	0
0	0
0	0
0	0
0	0
0	0
0	0
0	0
0	0
0	0
0	0
0	0
0	0
0	0
0	0
0	0
0	0
0	0
0	0
0	13437
916	4466
5	10666
0	12444
0	16
72	455
273	5621
926	13532
0	5432
0	77
0	559
340	2059
0	2020
16	460
5	1563
0	443
0	61
6	123
4	100
0	261
14	239
1	141
0	127
2	117
8	41
3	4132
14	1815
1	1542
0	1264
2	1885
761	3305
28	1806
6	2089
63	265
79	575
31	766
57	208
45	257
227	382
133	923
284	36
794	559
10	118
0	70
0	477
0	442
0	139
13	76
14	198
0	293
13	0
0	0
0	0
10	590
0	1
0	1
0	1
0	1
0	1
0	1
0	0
0	0
0	298
0	526
0	0
4	19
0	12
0	0
0	412
0	389
0	395
6	365
0	379
0	64
0	91
5	168
0	35
10	106
0	140
1	139
13	67
0	7
0	43
0	41
0	43
0	36
0	10
0	7
0	7
0	5
0	7
0	2
0	0
0	2
0	0
0	0
0	0
0	2
0	2
0	0
3	0
0	2
0	45
22	241
42	214
32	84
15	40
2	25
0	2726
1	1739
0	1337
0	122
0	2726
0	1505
0	16
0	11
0	16
0	13
26	185
0	580
0	9
0	0
0	157
0	1
0	1
0	1
5	0
0	771
49	111
0	17
3	16
7	18
0	0
0	0
0	0
0	681
2	920
17	921
12	384
81	347
0	48
0	113
40	0
0	386
2	320
0	141
2	304
3	228
78	51
0	0
0	0
0	0
0	0
0	0
0	0
0	0
0	0
0	0
0	0
0	0
0	0
0	0
0	0
0	0
0	0
0	0
0	20
0	1837
9	3252
10	119
0	241
5	2540
40	3802
1	2303
0	627
0	208
0	2292
0	892
2	1751
0	614
3	1940
4	1853
524	1827
0	721
33	0
0	4074
0	4082
8	946
25	305
1	1
40	65
11	47
0	36
1	980
0	65
0	54
0	33
0	185
0	33
0	32
0	58
0	53
0	98
0	18
0	225
1162	1388
0	725
12	784
0	1060
2	247
0	228
50	205
1864	406
0	172
0	82
0	46
0	152
0	0
0	71
43	556
10	355
99	781
2	558
0	359
5	144
164	293
0	103
37	6319
0	149
0	155
80	621
0	150
0	664
3	621
1147	1063
0	1
1	84
0	886
0	0
0	292
62	957
0	112
5	258
0	374
0	14
5115	401
97	0
14	64
18	2645
96	4616
4	2813
21	2
14	1925
104	2844
159	1627
7	2025
17	62
0	1470
0	1174
29	166
0	527
0	16
0	153
0	9
139	3725
0	252
0	261
0	245
2	253
0	0
0	0
0	0
0	0
0	0
0	851
15	876
1	590
0	185
0	185
3	41
0	11
0	143
0	118
0	50
0	106
0	25
0	28
0	21
0	42
0	14
0	22
0	33
0	35
0	25
0	9
0	0
0	0
0	0
0	310
0	0
0	0
0	0
0	0
0	0
0	0
0	0
0	0
0	687
0	667
0	404
0	22
14	809
38	485
0	48
0	22
0	9
0	705
0	503
0	501
0	7
0	7
0	130
0	35
0	15
7	40
0	35
0	45
0	13
0	0
0	0
0	12
0	6
0	12
1	11
0	7
0	18
0	26
0	27
3	11
0	40
0	10
0	38
0	40
0	24
0	137
5	36
0	34
0	31
0	44
84	136
0	1
0	1
0	0
4	4063
75	4573
3	4047
15	3063
48	634
0	0
390	0
0	155
0	873
0	159
0	866
0	958
0	829
0	88
0	826
0	0
0	0
7	3
4	19
2	306
0	1204
0	2134
0	2134
0	443
0	301
0	71
4	18
0	0
0	350
0	0
0	0
0	0
0	350
0	0
0	760
0	31
0	640
46	489
0	3161
14	852
13	849
0	831
110	22
56	289
0	79
64	132
0	3096
0	591
0	0
0	0
0	0
0	0
3	337
0	86
5	358
8	8
4	226
0	14
0	339
0	365
1	20
0	12
0	358
8	78
0	0
0	0
0	23
0	35
0	7
0	73
487	0
1536	1329
76	181
0	533
4	50
6	89
4	105
2	715
0	659
5	384
16	1015
45	1053
11	116
0	107
4	121
0	60
12	87
180	38
0	0
0	0
0	0
0	0
0	0
0	0
0	0
0	0
1231	2931
4	2843
74	1414
1672	1618
96	2457
29	2329
4	2289
176	1362
0	2181
14	996
0	1529
412	54
1	6
1	1006
9	953
0	409
0	298
0	281
0	477
4	390
0	63
0	0
19	27
0	0
0	0
0	0
0	0
0	0
0	0
0	0
0	0
0	0
0	0
0	0
0	0
0	0
0	0
0	0
0	0
0	0
0	0
0	0
0	0
0	0
0	0
0	0
0	0
0	27
0	0
0	0
0	0
0	0
0	0
0	0
954	1876
10	299
0	8
0	245
31	564
0	371
0	486
30	833
1	608
50	697
1	99
0	0
0	0
0	0
0	0
0	0
0	0
0	0
0	0
0	0
0	12605
9	15534
17	2397
48	10503
680	11486
5	990
0	69
5	4167
60	24
10	31
85	405
56	1762
1030	0
0	10
0	0
0	0
0	6
0	0
0	43
0	43
0	0
0	0
0	0
180	1524
0	22
0	122
1	6
1	88
0	32
14	147
0	70
0	79
3	48
0	25
4	0
79	102
0	1352
408	1154
0	44
185	466
0	889
2	8
0	262
0	0
0	0
0	0
26	3385
5	368
20	1067
6	322
13	2764
8	3106
0	521
0	606
8	540
22	43
0	54
2183	4482
9	329
10	1664
9	1218
12	889
78	14
55	1758
774	1512
0	61
0	291
8	351
11	315
41	34
0	310
0	215
0	107
0	13
11	40
0	166
11	21
1	102
0	52
0	81
0	0
0	0
0	0
0	0
0	0
0	0
0	0
0	0
16	28
0	251
0	88
12	172
0	481
0	150
1	164
0	255
32	2176
0	2480
0	97
0	188
54	471
6	261
1	1956
47	328
15	1217
36	1335
87	159
9	57
0	313
20	200
1	182
27	100
3	12
0	0
0	0
0	0
0	0
0	0
0	0
0	0
0	0
0	0
0	112
0	0
0	0
0	0
0	0
0	0
14	0
0	0
0	0
0	0
0	0
0	0
0	1511
0	1154
0	0
771	4059
33	749
0	667
0	464
11	377
2	225
0	0
0	37
171	62
0	0
0	0
0	0
0	0
944	14056
0	11780
171	9174
88	12000
0	12270
6	3311
0	0
0	0
0	0
0	0
0	0
3947	1454
0	244
0	6
0	7
0	13
0	13
0	244
0	0
0	0
0	0
256	25
5	23
0	0
5	22
2573	8701
71	2635
2	2633
12	6886
0	6126
0	1512
11	6863
95	1095
0	26
0	34
0	60
0	60
0	35
0	26
0	0
0	0
0	0
0	0
181	3125
85	4439
266	5094
83	4349
0	854
4	456
7	23
0	11
0	7
0	3254
0	0
0	248
0	0
0	0
0	0
0	14
0	0
0	0
0	14
1604	255
0	0
0	5
0	1970
24	1861
17	1741
0	904
216	1674
0	819
0	523
16	313
0	365
15	61
14	154
0	1674
0	0
0	0
0	0
4	131
0	0
0	118
0	118
40	118
0	118
8	5
8	39
0	0
0	520
24	447
1	461
0	0
0	0
0	0
5	14
92	403
0	27
0	18
0	19
0	30
135	211
0	62
14	53
0	29
0	0
16	30
5	73
0	78
0	11
0	41
0	29
0	29
5	18
0	22
9	41
0	60
0	49
1	4
29	816
0	890
2	993
0	958
0	899
27	856
0	865
0	80
0	109
2	68
13	15
1	0
6	22
0	9
0	13
2	1
0	0
3	0
0	0
0	0
0	0
12	514
0	61
27	300
5	1
0	325
0	0
0	78
8	141
0	7
0	48
0	124
75	3268
43	912
172	1048
45	2764
17	2748
5	264
0	395
2	882
397	425
0	311
0	0
0	0
0	0
0	0
0	0
0	0
0	0
0	0
0	0
0	0
0	0
0	0
0	0
0	0
0	0
0	0
0	0
4	194
0	147
0	130
4	145
6	21
0	5
0	28
5	27
0	4
0	39
0	69
0	14
0	46
0	0
0	0
0	0
0	0
0	0
0	0
0	0
0	0
25	55
0	53
1	20
0	0
0	0
0	0
94	7763
44	7206
37	7136
0	7224
0	7934
35	7115
15	6326
5	7087
41	274
39	1612
14	284
35	19
10	0
6	4609
17	625
106	295
0	831
38	942
64	2822
43	2566
43	345
30	252
3	304
20	247
0	617
24	503
4	352
1	400
1	50
0	60
4	60
0	32
0	308
0	0
152	60
0	31
0	47
0	0
0	4
4	16
2	549
4	2783
1	373
27	1725
0	19
25	1832
63	522
46	635
9	521
11	81
1	48
0	497
6	437
8	201
0	279
0	416
0	413
0	304
0	142
42	7
0	78
0	42
0	0
0	0
0	0
0	0
0	0
0	0
0	0
0	0
0	0
0	0
0	0
0	0
0	0
0	0
0	0
0	0
0	0
0	0
0	0
0	0
0	0
0	0
0	0
0	0
0	0
0	0
0	0
0	0
0	0
0	0
0	0
0	0
0	0
0	0
0	22
3	58
3	49
0	58
0	32
0	32
0	32
4	0
0	12
0	5
0	0
0	36
0	0
0	0
0	0
0	0
0	0
0	0
0	0
7	25
6	7
2	42
3	0
0	0
0	0
0	0
0	0
0	0
0	0
0	0
0	0
0	0
0	0
0	0
0	0
0	0
0	0
0	0
0	0
0	0
0	0
0	0
0	0
0	0
0	0
34	68
0	21
5	10
0	37
0	7538
1106	6172
0	1115
371	6694
379	9170
0	1110
220	4589
0	5969
88	6055
154	516
325	389
13	412
0	899
345	666
0	6786
215	726
27	68
11	10
8	689
105	635
0	19
9	7444
106	579
8	0
7	801
0	7444
0	0
195	0
0	0
0	0
0	15894
171	833
64	15275
5	16054
21	100
1	14477
179	12194
3	15158
4	629
34	1864
431	942
4	8563
1889	8098
15	3153
3	2444
15	2815
29	382
104	38
189	0
34	938
1	33
2	2
9	32
0	0
0	0
0	0
0	0
0	0
0	0
0	0
0	0
797	15880
23	15880
0	15
0	51
0	0
20	118
2	326
61	326
0	0
0	0
3	0
0	0
0	0
0	0
0	0
0	934
0	934
0	934
0	732
0	0
0	0
585	4552
1	4480
0	4351
64	233
33	36
5	155
0	271
0	196
7	178
81	276
6	175
0	109
0	72
0	56
0	2
906	676
6	445
2	88
1	80
19	60
0	69
0	69
9	111
2	47
0	492
6	47
20	90
0	1092
0	1024
0	62
0	81
9	224
14	875
4	47
0	1034
3	226
0	42
0	157
8	0
4	42
0	36
4	20
1	20
9	97
8	496
78	275
0	0
0	0
0	0
0	0
0	0
0	0
0	0
0	0
0	0
0	0
0	0
0	0
0	0
0	0
0	0
0	0
0	0
0	0
4	0
0	0
0	0
2	0
0	21
0	21
384	3614
0	364
16	1368
0	359
0	207
5	165
0	428
22	206
5	5
32	2
0	3369
0	0
0	45
0	0
0	753
0	753
0	0
149	4688
1	2
0	222
0	5032
7	86
13	0
17	4580
0	265
0	1330
19	114
0	243
124	0
0	94
20	60
0	855
39	271
0	157
11	297
2	1595
1	1546
0	0
0	0
0	0
24	686
2	112
0	142
0	105
0	104
0	88
0	136
0	81
0	19
0	12
0	33
1	71
0	20
0	60
0	52
0	52
0	22
14	240
0	0
0	178
155	1269
0	1087
0	1269
0	15
0	18
0	18
0	18
0	15
0	15
0	15
0	15
0	0
0	18
0	4
0	0
0	0
0	0
0	4
202	0
11	0
299	0
0	69
2	0
0	0
0	0
0	0
0	0
0	0
2	1289
0	166
4	632
0	153
0	1309
0	1309
1	19
0	109
0	7
0	0
0	0
40	789
0	746
8	722
10	680
0	102
7	97
4	0
35	108
0	67
0	36
23	1739
2	0
1	0
0	0
0	0
0	0
0	0
0	33
0	0
0	93
0	95
0	0
0	0
0	0
0	0
305	911
3	558
0	127
39	64
2	3
0	1022
13	1015
0	1116
1	626
1	722
0	632
0	283
0	136
0	33
0	19
0	4
0	30
1	0
0	6
23	3874
0	3109
121	1384
0	3317
0	2290
54	620
29	1363
15	892
0	44
9	107
0	1055
0	0
0	458
0	238
0	39
0	22
5	46
10	11
8	80
0	80
0	16
109	67
0	50
9	22
0	26
0	32
0	18
0	8
1015	1127
0	398
8	160
15	189
9	163
0	130
0	294
0	236
0	298
46	379
10	106
14	91
0	24
0	24
0	24
0	0
0	0
0	24
79	2924
58	399
10	258
0	90
0	260
0	0
0	0
623	148
2	115
3	94
0	46
0	8
0	8
0	46
0	0
0	46
0	46
0	46
0	46
0	46
0	46
0	46
0	8
2381	1854
2	1719
0	56
1	268
0	133
17	152
1	49
21	366
0	0
0	9031
103	9003
5	7082
0	5
0	364
0	0
0	116
1	5172
37	1937
0	180
309	4250
22	4913
51	4864
3	118
0	118
174	171
29	82
19	267
61	527
0	251
37	75
0	27
0	145
0	80
490	413
0	196
3	262
45	47
11	302
35	6
0	34
12	32
34	71
0	11
0	25
1	93
0	5
7	92
0	10
4635	5198
56	4753
254	2672
14	201
24	2000
4	2188
0	2458
118	1956
0	149
3	1267
0	167
1	212
7	86
0	59
1	129
0	72
10	187
0	707
3	566
0	67
0	84
0	86
0	77
0	72
0	40
2	51
2	31
5	0
43	3
6	22
4	16
2	34
17	35
0	15
0	18
0	19
0	0
10	8
186	69
7	61
0	4
1	336
0	336
10	1345
2	503
4	394
0	904
12	633
2	798
0	200
20	279
0	119
75	18
0	491
0	55
3	417
4	229
4	395
0	446
27	0
60	296
13	0
0	0
0	46
0	46
1	46
0	0
0	0
0	0
108	122
0	4
0	63
0	63
0	138
0	118
0	132
0	24
16	9
10	21
0	22
0	20
31	20
0	0
0	0
0	290
14	341
12	280
1	193
0	179
7	124
1	93
29	36
0	36
0	8
3	30
0	31
22	197
0	9
13	27
1	106
15	115
0	106
0	106
0	15
5	15
12	2341
33	1692
16	2207
0	1329
0	1106
0	130
2	407
0	407
66	165
23	473
2	326
33	4
16	208
14	123
5	90
0	129
0	63
17	2196
0	0
0	0
0	0
0	0
0	0
0	0
8	320
0	175
0	729
13	73
0	29
0	15
0	44
0	47
0	49
0	8
0	12
0	46
0	45
0	80
0	98
0	426
0	56
2	182
0	142
0	426
0	47
0	13
0	142
0	349
0	5275
1	4737
0	743
0	5621
18	5439
7	187
0	3477
0	3362
0	1075
0	104
13	4545
10	283
0	969
0	4
0	0
1	0
0	0
6	74
29	344
44	368
2	368
0	28
0	97
1	20
0	76
2	0
116	2
848	695
51	708
0	0
0	0
0	0
0	0
0	0
0	0
6	192
2	193
2	3
40	325
0	21
0	13
0	7
0	53
0	42
43	190
0	13
0	7
0	21
0	20
0	153
0	27
0	787
0	783
0	395
0	415
14	415
0	395
0	25
0	579
0	34
11	77
2	28
0	0
7	1
1	36
51	480
0	787
3	0
0	0
0	0
58	0
51	348
29	346
0	117
0	41
81	1936
41	200
9	1169
0	1729
0	159
0	117
0	86
0	360
0	1272
13	2652
0	1250
50	1957
6	168
0	71
15	1764
8	32
0	265
0	202
0	105
0	176
26	54
0	254
0	286
0	771
0	89
3	85
6	0
0	130
0	130
0	118
0	119
0	0
0	12
0	13
0	131
0	12
0	0
0	0
0	1171
47	1129
39	542
7	110
0	1141
0	709
0	22
2	85
5	291
22	154
0	93
1	130
4	535
0	109
8	68
3	31
0	183
0	167
5	24
25	30
0	0
0	0
0	0
0	0
0	0
0	0
0	2875
12	287
4	725
1	685
14	300
18	81
11	44
23	2438
20	410
1	571
9	298
8	876
0	1340
110	1513
3	328
0	715
1	288
8	183
16	365
19	2033
0	887
13	225
0	839
1	267
0	885
0	164
4	105
0	68
1	62
0	21
0	45
0	20
0	12
0	0
0	0
0	0
0	0
510	4724
0	4714
0	4064
0	265
0	0
0	4714
11	4734
0	4714
38	543
0	512
0	83
0	61
0	128
0	447
0	42
0	101
0	446
44	152
0	118
0	37
0	146
0	123
0	0
0	0
5	0
0	0
0	0
0	0
0	0
0	0
0	0
0	0
0	0
0	0
0	0
0	4344
0	4513
0	4478
9	324
4	1990
91	734
0	1003
77	791
0	796
4	608
0	271
0	533
0	482
0	491
11	134
0	375
0	269
0	375
0	370
4	370
0	224
0	258
0	401
0	247
10	51
0	70
3	44
12	635
0	19
0	0
0	2
10	635
2	334
172	368
0	35
0	327
0	339
7	313
0	61
0	35
0	132
6	80
0	83
0	80
0	49
0	49
1	32
0	49
0	42
0	42
0	35
0	30
2609	2945
0	2048
0	392
43	2299
5	377
31	2189
3	2167
0	77
0	63
0	65
0	4
0	46
0	0
0	30
0	0
0	6
0	4
0	77
401	3254
36	3151
24	888
99	825
72	219
0	0
5	0
0	0
1	9
0	9
0	14
0	0
0	14
0	0
0	0
0	0
0	0
0	0
0	10787
0	10268
3	7
4	13
0	11
0	0
0	0
0	192
168	246
0	140
9	46
6	80
1	34
22	5
1	0
0	73
1	4293
10	174
0	3361
0	1844
0	1874
0	3083
0	1746
1	1875
1	9
0	3358
0	193
1	113
0	663
49	335
0	103
0	284
0	3998
0	0
10	176
0	0
0	0
1	81
0	8
0	6
0	0
189	371
0	203
9	317
0	0
0	10
0	175
0	9
0	311
0	44
0	67
0	70
15	119
9	22
0	75
0	3588
329	3736
0	311
0	0
0	0
2	0
0	0
0	0
0	0
0	0
2506	3428
18	769
52	1556
15	381
7	1065
0	461
11	921
1	228
243	1143
451	333
0	0
12	29
4	17
0	29
0	29
0	22
0	12
0	0
0	0
0	0
0	0
0	0
0	0
0	0
0	0
0	0
0	0
0	0
0	0
0	0
0	0
0	89
0	89
3	2
0	0
0	0
0	0
0	0
0	0
0	0
9	22
0	2
0	0
0	0
0	0
13	10
6	43
82	264
3	10
6	96
13	266
9	254
112	4415
4	0
10	0
3	268
0	4314
0	1657
0	207
106	83
29	78
0	117
27	511
35	717
60	1261
0	214
0	12
9	299
9	255
0	59
0	241
0	20
59	1860
14	1422
7	131
1	1585
100	796
47	1147
1	679
92	310
16	358
0	146
7	373
0	0
0	0
0	0
0	0
829	370
0	311
0	356
0	0
0	0
122	0
0	5
0	0
0	0
0	4
0	1
0	0
0	0
0	2670
45	238
38	1835
5	118
0	109
4	1804
0	48
26	972
0	100
0	2878
0	2945
20	2767
0	2654
3	151
35	168
6	10
12	651
0	303
15	123
0	21
0	0
62	16
0	2408
0	280
0	624
0	509
0	454
0	572
0	363
1	553
2	431
1	632
20	641
4	393
0	569
0	500
0	155
3	193
0	222
0	15
0	97
7	238
0	116
0	67
0	55
0	63
4	791
57	831
0	151
6	716
0	437
0	97
21	363
0	110
9	436
25	167
0	90
7	60
0	137
0	184
0	155
12	0
74	26
0	18
0	9
0	15
0	0
847	348
24	348
0	343
28	343
0	21
0	205
0	0
0	8
0	0
0	0
0	0
0	0
0	0
0	5107
9	251
13	31
71	2011
1	2465
0	2011
4	1679
0	1994
2	1246
4	583
12	711
0	714
6	697
5	666
3	471
0	746
0	58
624	383
29	209
0	111
7	135
7	58
7	331
0	0
3	6
6	306
0	32
0	68
0	39
0	100
4	41
12	423
3	436
0	260
26	112
9	115
5	50
0	0
0	8
3	16
3	13
0	16
1	0
0	198
126	3000
6	196
53	306
167	476
0	747
7	1518
5	2680
0	1696
7	2525
0	202
0	354
2	2
4	797
0	618
270	2314
6	523
28	190
0	335
69	414
271	438
0	2139
0	3529
11	3146
0	3203
188	3393
23	3414
0	3084
45	2907
2	197
0	305
10	110
24	22
24	15
0	56
9	39
3	64
5	281
1	779
0	650
6	1
0	2139
0	0
0	124
329	124
16	121
192	100
0	1
0	92
7	4
0	0
1	0
0	10
0	3
0	3
0	0
0	0
0	0
0	0
0	0
0	10
0	0
0	187
0	162
0	162
0	65
0	0
0	0
0	0
0	0
0	0
0	0
0	0
0	0
788	2441
4	1221
10	1606
0	704
6	43
0	97
0	49
0	3
0	0
0	0
3	53
45	145
5	108
0	18
0	23
0	62
0	0
0	0
0	1280
0	1280
0	2
0	0
0	101
0	0
0	0
0	0
0	0
0	0
0	0
0	0
0	19
154	19
0	0
0	19
0	0
0	10
1739	7
4	14
13	749
3	638
0	636
10	46
0	663
0	746
2	1000
1235	1135
5	1065
0	231
236	41
0	56
0	12
0	0
0	0
0	0
0	0
0	0
0	0
0	0
0	77
0	474
0	474
0	474
0	474
0	474
0	474
10	146
0	146
0	146
0	146
0	146
8	331
0	55
9	112
0	0
0	0
0	0
0	0
0	0
0	0
9	272
9	194
5	46
0	92
0	70
0	7
0	686
0	678
0	683
0	326
0	50
0	2
0	92
0	498
0	680
0	276
0	124
0	1
0	229
65	331
0	45
0	219
0	0
0	0
0	0
0	43
0	351
2	1908
0	74
0	49
0	9
6	101
0	93
2	1965
30	1784
3	1957
0	11
3	969
0	120
0	0
0	0
36	7
9	16
0	43
254	646
6306	82
0	81
23	1
3158	709
53	703
10	106
0	87
0	39
21	1687
2	171
0	189
28	105
0	1547
119	1920
0	48
92	1903
12	1634
0	387
0	218
20	227
15	795
3	472
39	121
30	95
1485	179
9	26
1	80
0	0
1	306
0	304
28	397
0	266
0	260
0	245
0	59
2	91
0	91
0	66
0	14
0	14
0	35
0	14
0	0
0	0
312	0
0	196
0	77
0	0
0	10
0	1359
0	69
9	1550
2	1359
2	409
3	33
0	1359
0	92
0	1359
0	46
0	130
0	41
0	97
0	30
63	6770
14	3798
0	6149
184	764
0	2598
0	886
3	86
11	5733
4	272
87	1093
103	1528
0	518
0	612
2	19
0	20
0	478
7	477
0	43
0	406
0	0
0	0
0	59
9	3
0	2
0	0
8	0
8	13
0	1
11	0
0	214
5	48
0	0
0	2
0	2
0	2
0	0
0	0
0	0
0	0
0	0
0	0
0	0
0	0
0	0
0	2
0	2
0	2
0	515
0	187
0	514
0	515
0	900
4	1001
10	1009
72	1226
2	873
0	746
0	856
0	3
6	814
0	787
0	301
0	995
0	17
0	17
0	17
0	17
0	0
0	13
0	13
0	13
1	6
0	0
0	0
0	0
0	0
0	0
0	0
0	0
0	0
0	0
0	0
0	638
0	727
0	197
0	0
0	0
0	0
0	6
0	59
0	42
0	1
0	5
0	43
1	64
0	2
0	1
0	13
0	3
0	5
0	20
1	39
10	0
0	19
0	18
0	7
0	4
0	4
9	0
2264	138
0	138
1	0
0	0
0	0
0	0
0	0
0	0
0	21
0	0
0	21
0	1155
53	1179
29	868
0	329
0	515
0	331
3	297
0	379
6	115
13	45
9	2
0	79
11	0
0	52
0	39
0	0
7	11
26	11
0	8
20	171
0	3
1	19
0	32
0	3
14	137
3	0
0	44
0	142
0	101
12	5198
0	6861
0	8952
0	4369
0	20
21	516
0	143
27	310
67	46
459	4234
9	6
0	0
0	0
0	0
0	0
0	0
0	0
0	0
0	0
0	0
0	0
0	0
6	0
0	0
0	14
0	14
0	14
0	0
0	14
0	14
0	5
0	14
0	9
0	0
0	6
0	14
0	0
12	167
0	295
0	453
0	312
12	26
28	415
0	248
0	715
454	1066
0	319
1	11
33	29
0	0
0	0
0	0
0	0
6	0
0	0
0	0
0	0
2	0
0	0
0	0
0	0
0	0
0	6
0	0
0	0
0	0
0	6
0	0
0	0
0	3
0	0
0	0
0	0
0	0
3	0
0	0
0	0
0	0
0	0
0	0
0	0
0	0
41	1
0	1
0	0
815	2791
0	98
5	2245
1	1161
467	2642
660	2587
8	1473
9	1552
90	824
14	198
0	0
0	0
0	0
0	0
0	0
0	0
0	0
0	0
4	0
0	2930
4	2702
0	2635
0	2906
0	2748
15	2770
0	2868
0	72
0	1008
0	1020
67	327
0	964
0	477
0	505
0	238
0	79
0	41
0	45
2	36
0	53
14	30
0	0
0	0
0	682
0	232
0	547
0	600
0	106
0	134
0	185
0	79
206	409
3	15
12	29
75	400
8	67
0	0
11	0
0	73
0	17
0	644
0	717
0	206
0	26
0	109
0	83
3	143
4	17
1511	758
0	648
0	75
4	0
23	53
0	111
6	0
0	44
0	63
0	66
408	330
0	276
0	233
0	159
0	66
0	46
0	0
0	0
4	42
0	66
12	2714
11	3393
0	3393
97	3393
8	14
13	1567
6	69
7	89
0	17
0	12
1	90
0	166
0	178
0	61
0	168
0	174
0	145
0	174
0	58
0	131
0	145
0	93
6	100
15	173
0	153
0	183
0	66
0	44
0	41
0	130
0	128
0	113
0	84
1	13
0	0
45	136
0	114
0	136
0	86
0	114
0	28
0	94
0	51
0	136
4	114
0	254
0	226
0	242
0	175
10	213
0	174
0	146
0	35
0	43
2	95
0	114
0	143
79	38
0	117
0	132
0	72
0	77
0	7
59	268
0	31
3	31
46	70
0	75
6	75
0	8
0	6
0	1006
0	968
0	129
11	139
3	215
5	120
7	81
0	55
0	98
0	84
0	38
0	58
0	54
0	62
7	63
1	103
28	19
0	51
107	668
6	560
14	357
0	409
0	2
0	0
0	0
25	327
2	45
7	246
0	763
11	652
0	330
0	272
0	282
0	76
6	23
0	31
0	23
12	12
0	0
0	758
0	727
0	0
0	0
0	0
0	0
0	107
0	92
0	309
25	451
1	292
5	27
0	62
0	214
11	126
0	118
0	100
0	73
154	121
0	54
0	82
2	87
0	88
0	65
0	89
0	72
0	0
8	456
34	924
37	401
0	355
0	355
0	372
0	116
0	141
0	0
0	0
5	19
0	0
0	0
0	357
0	2354
28	47
33	32
15	8
204	2389
0	0
0	0
0	0
0	64
289	2656
0	0
3	0
0	0
0	0
0	0
0	0
0	0
1	61
0	0
0	0
0	0
0	0
0	0
0	0
0	0
0	0
0	0
0	0
0	0
0	0
0	0
0	0
0	0
0	0
0	0
0	0
0	0
0	0
0	0
0	0
0	1
0	0
0	0
49	0
0	2
30	463
0	160
0	0
0	1
0	64
51	5627
2	4942
41	4241
12	4868
469	2168
35	4416
42	2399
67	962
1	317
0	875
5	192
15	0
0	763
0	763
0	763
0	0
0	0
0	0
0	0
0	0
0	5948
0	6546
25	45
0	1389
0	12065
0	0
0	0
0	0
6	16926
58	11289
0	11123
0	10526
12	9961
0	8040
0	7717
4	5429
0	4413
4	2049
1	5236
0	16722
9	1185
3831	1678
0	1345
32	1667
1	4
0	46
0	84
0	644
0	0
0	0
0	205
0	0
0	0
0	20
0	0
0	0
0	21
0	21
0	21
0	0
0	0
11	0
0	0
12	133
0	148
0	149
0	186
0	206
0	41
4	187
0	168
0	186
0	182
0	115
120	692
0	67
5	216
0	0
2	8
4	8
0	54
0	20
0	49
0	49
0	22
0	20
1	12
8	12
0	0
90	2697
2	2716
157	1077
81	441
0	669
95	153
0	0
0	0
0	0
0	3
0	34
14	1
13	1
0	1
32	54
0	13
168	130
4	87
0	63
0	26
0	26
0	35
0	5
0	3
0	2
0	5
0	0
0	48
52	889
11	1635
2	1517
408	1843
30	229
0	177
1	31
0	11
0	0
3	25
0	0
0	0
0	0
0	0
0	0
0	9
0	9
0	3
0	0
30	2
0	0
0	0
17	3845
30	3847
0	3950
92	3995
0	97
294	4191
4	155
4	3788
68	81
0	442
0	136
0	250
0	32
23	1095
0	679
32	459
0	0
0	0
0	0
0	0
0	0
0	0
0	0
0	0
0	0
0	8
0	0
0	0
0	0
0	0
0	0
0	6
0	0
0	0
0	4
0	0
0	0
0	0
0	0
2208	0
29	10
0	0
26	753
0	16
1	16
0	16
0	16
0	16
0	13
0	13
0	13
0	13
0	0
0	0
0	0
0	0
0	0
0	0
0	0
0	0
0	0
0	0
0	0
0	0
0	0
0	0
0	0
0	0
0	0
0	0
0	16
0	16
11	85
1	362
0	311
0	102
0	192
0	257
7	1
0	104
9	122
0	179
0	79
3	256
0	79
0	80
0	149
0	23
0	23
6	2
0	11
0	0
0	169
0	1837
36	1865
2	1837
0	555
5	270
0	307
0	144
0	73
0	43
8	31
38	0
16	0
0	0
0	0
0	0
0	0
0	0
2	803
0	0
0	0
0	0
0	0
106	2
4571	3049
0	515
9	3949
6	366
48	3048
60	478
1338	477
14	54
13944	4128
4	119
53	355
12	355
36	724
1	355
0	365
1	252
0	433
766	251
10	67
0	107
0	31
0	36
44	0
6	0
0	163
0	31
0	31
0	0
0	0
0	0
0	0
0	0
0	0
0	0
0	0
0	0
12	714
45	1184
182	863
6	339
15	489
0	439
8	19
862	4084
152	5661
360	5186
138	2943
160	1547
29	124
29	259
173	114
109	244
0	5453
0	5424
0	3482
38	4471
4	485
0	344
0	59
2	344
0	136
84	5388
1	6
0	2
32	22
0	0
0	0
0	0
380	2468
101	1443
19	587
32	268
1	413
0	766
14	381
23	743
268	1380
18	713
24	1244
0	207
161	46
809	385
0	273
0	0
0	0
0	0
0	0
356	125
0	108
0	131
0	124
0	65
7	132
16	1
0	1
0	0
0	0
0	0
0	0
0	0
0	0
0	0
0	0
0	0
0	0
0	0
0	0
2639	225
7	225
0	1007
2	1087
130	770
24	1007
0	267
0	191
0	197
11	123
0	127
0	127
0	115
0	1007
0	1005
0	0
19	169
0	42
0	59
0	143
9	84
0	0
18	143
5	282
0	192
0	247
12	268
0	0
7	15
0	0
0	1
0	0
0	6
0	20
0	10
0	3
0	169
0	229
0	7
0	0
0	17
0	36
0	18
11	0
0	26
0	32
0	26
0	11
0	0
0	16
11	0
0	1
0	9
0	1
0	12
0	16
3	18
6	331
0	0
0	0
0	0
0	0
30	0
2	161
22	171
0	112
0	61
58	0
0	314
0	314
0	0
0	4
0	0
0	0
0	0
0	0
0	0
0	4
0	0
0	0
0	0
0	0
0	0
0	4
0	269
0	51
0	52
0	52
0	51
0	0
0	52
0	0
26	231
0	6
0	6
0	1
0	46
0	32
0	32
0	32
7	5
0	5
0	5
0	5
0	2
0	17
0	0
0	0
0	0
0	15
0	36
14	281
0	6
1353	607
18	493
3	350
0	468
0	129
0	514
0	23
0	37
0	45
0	55
14	65
0	143
0	28
0	4
4	0
10	1
0	0
4	126
0	7
4	55
9	333
0	423
91	637
0	110
34	119
0	298
1	219
45	227
0	162
0	0
0	0
0	0
0	0
0	0
0	0
13	2156
20	2264
0	736
0	630
6	143
8	8
0	61
6	54
0	118
16	18
16	122
0	16
3	191
0	0
0	0
0	0
54	5294
0	776
263	5347
89	196
1	219
0	98
0	126
0	200
0	521
18	251
0	264
7	352
12	176
11	241
47	81
0	15
0	343
117	74
0	57
0	261
0	342
0	12
58	72
0	110
0	222
199	222
0	0
0	0
0	0
0	0
0	0
44	2927
0	1511
97	2615
20	1241
8	32
3	1374
0	168
0	0
0	0
0	168
6	225
0	0
0	0
0	0
7	19
0	77
0	0
0	0
17	231
0	0
0	5
0	5
0	0
0	0
1061	921
0	264
10	45
0	11
57	2108
0	2101
45	967
1	779
2	1
8	113
0	242
5	175
0	132
0	49
0	2
0	0
333	278
24	316
9	1298
19	874
59	183
20	1298
2	59
2	122
50	42
2	6
16	0
16	930
0	239
41	241
6	172
25	763
0	119
22	799
129	70
0	61
9	34
0	34
0	527
0	543
0	16
73	543
0	0
0	3
0	0
0	3
0	0
0	0
0	0
20	277
0	25
0	25
0	25
0	25
23	9
275	971
0	23
0	15
4	62
0	284
0	2734
3	2108
4	2541
5	79
9	1882
21	1896
0	28
0	726
11	936
0	11
0	10
0	10
0	10
0	0
0	0
0	1
0	1
0	0
0	0
0	15
0	15
0	15
0	0
0	13
0	12
103	5510
23	5760
34	5187
0	1120
28	2274
0	1769
0	2044
217	1368
8	838
0	357
28	549
19	459
3	378
0	315
0	349
40	426
0	189
306	123
0	291
11	0
0	417
0	9
0	6
5	7
0	2
0	2
0	5
74	25
18	417
0	46
2584	0
130	29
0	2
0	27
3	1028
0	15
7	573
0	713
0	93
0	286
0	886
0	57
0	58
0	283
0	504
0	691
0	513
0	119
9	124
0	1
0	23
3	899
55	2075
14	359
0	575
21	131
0	13
0	11
5	107
0	0
1	96
0	0
537	1263
4	1263
0	0
0	0
0	14
0	0
11	437
26	498
0	248
65	580
3	88
0	180
0	10
0	0
14	0
268	929
55	345
1	317
0	857
81	736
12	3
10	14
14	274
0	189
1	95
3	1622
0	1342
8	1430
15	125
0	142
0	96
0	93
0	7
0	7
19	268
0	0
0	153
2	124
4	311
0	12
0	27
3	77
0	34
4	399
8	43
0	345
0	37
0	94
0	18
0	191
0	184
0	0
0	582
2	399
6	176
8	0
1	6
0	127
0	0
0	0
0	0
0	0
0	0
0	5
0	5
0	2094
4	1893
4	199
0	0
0	75
1	60
0	123
87	654
0	124
0	175
35	478
0	71
6	49
5	18
0	209
0	151
0	1083
0	0
0	0
0	0
0	435
3	31
0	183
0	1366
0	1232
1	204
0	884
0	1123
0	2
0	0
0	2
0	0
11	509
0	0
0	0
0	0
8	1
0	0
733	7981
9	7800
0	283
12	710
20	346
7	26
5	39
0	111
5	57
0	1
0	23
0	0
4	0
0	0
0	15
0	82
83	264
0	245
0	22
0	0
0	14
0	15
0	150
0	6
3071	427
5	419
0	0
0	0
8	0
0	854
0	822
0	851
0	459
0	50
0	600
0	846
0	357
0	166
0	1
0	284
93	565
3	682
7	55
0	45
127	137
1	101
2	110
12	185
0	90
3	73
4	68
0	17
14	45
12	9
30	0
0	0
5	0
125	1984
18	123
0	7
0	0
0	0
0	5
0	0
0	31
0	31
4	0
0	4
0	4
0	0
0	0
2	1
0	1
0	0
9	0
2	110
0	0
0	81
9	283
0	401
0	412
0	43
11	23
0	160
5	6
1	0
24	136
0	13
0	21
0	0
0	0
11	131
0	132
16	106
1	25
0	0
0	36
0	69
0	158
41	1757
6	1758
0	19
0	1751
22	1731
0	1735
22897	3398
0	3381
4	3384
193	3527
3	448
7	588
0	265
1	77
186	144
0	2
0	0
0	0
0	0
0	0
197	7
0	7
0	1272
18	145
52	1099
0	60
0	10
0	1252
1	0
0	0
2127	1583
0	1560
0	1281
0	1340
3	1024
52	540
9	594
0	70
2	550
17	630
50	48
1	323
12	117
4	215
0	107
0	36
0	36
0	28
0	8
0	108
0	86
4	804
24	1056
15	759
42	760
2	448
11	435
3	155
1	8
0	0
0	76
0	86
0	0
0	86
0	76
0	76
0	0
0	0
41	1068
688	578
25	330
4	575
10	766
0	0
0	0
0	0
0	0
0	0
0	842
0	847
7	818
1	798
7	868
0	28
0	535
0	507
6	484
0	297
0	350
0	0
0	0
0	21
1	11
3	814
0	0
0	241
0	0
0	0
0	0
0	0
0	0
0	0
0	0
9	0
0	0
0	0
0	10
2	10
6	226
0	78
72	14
0	38
0	22
0	15
2	1
0	219
488	11
24	11
0	7
0	7
0	0
0	0
19	4729
44	4744
25	3154
0	180
5	155
210	708
0	391
1	228
24	0
0	29
0	0
0	0
0	29
0	29
0	145
0	145
0	145
0	145
0	145
0	145
0	19
0	19
0	19
0	19
0	19
0	19
0	8
0	8
0	8
0	0
0	0
0	0
7	0
0	0
0	0
0	0
0	0
0	0
0	0
0	0
0	0
0	0
0	0
0	0
0	0
0	0
0	0
0	0
0	0
0	0
0	0
0	0
0	0
0	0
0	0
0	0
0	0
0	0
0	0
0	0
0	0
0	0
0	0
0	0
0	0
0	0
0	0
0	0
0	0
0	0
0	0
0	0
0	0
0	0
0	0
0	0
0	0
0	0
0	0
0	0
0	0
0	0
0	0
0	0
0	0
0	0
0	0
0	0
0	0
0	0
0	0
0	0
0	0
0	0
0	0
0	0
0	0
0	0
0	0
0	0
0	0
0	0
0	0
10	0
0	0
0	0
0	0
0	0
0	0
0	0
0	0
0	0
0	0
0	0
0	0
0	0
0	0
0	0
0	198
10	84
62	230
0	96
9	87
0	194
0	0
0	0
0	0
0	11
0	0
0	0
0	0
0	0
0	0
0	0
0	0
65	97
4	43
13	54
0	3207
0	361
0	0
0	3209
0	2152
0	72
0	2036
0	86
0	221
0	212
0	0
0	0
0	0
0	0
0	0
0	0
0	0
0	0
0	0
0	0
0	0
161	2675
0	2129
0	40
0	918
2449	988
6	41
108	79
0	135
0	101
6	87
0	78
0	855
0	0
0	0
0	0
0	23
168	23
0	0
0	0
0	0
11	170
0	0
0	0
0	0
0	54
53	121
0	28
0	0
0	0
0	0
0	0
0	0
0	0
5	5
0	5
60	252
0	12
0	27
0	0
157	3230
0	3229
0	0
152	62
0	62
0	52
0	51
0	37
0	18
0	3
0	0
0	2
0	0
0	2
158	700
0	1030
126	1107
0	75
2	285
39	23
0	85
0	70
0	9
0	0
0	0
0	41
0	59
0	1
0	1
0	0
0	0
0	0
0	34
0	0
0	0
0	0
0	0
21	0
11	64
2	50
0	64
43	30
578	217
6	177
0	69
0	6
10	163
3	11
0	157
1	91
10	283
31	71
0	71
0	0
0	0
0	0
15	0
0	0
14	1098
0	1106
0	1134
0	722
0	74
0	21
1	0
7	64
0	12
0	1099
193	684
0	36
1	557
30	135
0	88
0	87
0	88
0	103
0	87
0	87
0	73
0	49
0	14
0	29
0	11
0	11
0	103
0	0
16	99
1	99
0	2
0	2
0	2
0	36
0	0
0	0
0	0
0	0
0	3
0	3
5	24
0	57
0	0
0	0
0	0
0	0
219	9607
105	9607
0	14
2	14
0	22
0	26
0	17
0	0
4	0
11	792
0	0
0	0
0	0
3	7403
0	7575
0	7479
47	5843
36	6400
0	149
159	92
0	4
297	56
23	24
0	32
1059	270
0	270
0	0
1606	1064
5	1043
9	373
31	480
0	186
0	0
41	32
0	0
0	0
6	0
0	0
0	75
10	152
0	190
0	115
0	162
0	31
0	31
0	31
0	18
0	27
0	18
0	0
0	1
105	731
14	492
0	651
1	44
0	57
10	29
0	10
0	465
252	116
0	89
8	48
7	32
7	18
25	9
0	5
33	49
6	0
0	0
0	0
0	0
0	0
0	0
0	0
2	0
0	0
0	0
0	0
74	304
0	23
0	24
0	23
12	95
12	100
2	2
15	17
0	19
0	0
0	0
0	0
0	0
62	1371
0	176
1	149
0	150
11	1220
0	163
0	0
0	275
0	27
6	144
0	140
0	103
5	1819
6	2398
6	1503
0	1861
0	1871
12	1569
0	89
0	106
0	93
1	1
16	51
0	181
0	134
26	39
14	0
0	2566
0	149
0	649
6	6
0	16
0	48
0	0
0	0
2	1799
4	1743
8	735
0	122
47	456
18	66
39	333
26	234
3	25
0	107
0	39
0	72
3	21
0	66
0	66
0	67
7	67
0	9
0	0
0	0
0	0
0	0
0	0
0	0
0	0
0	9
0	0
323	260
21	321
7	285
39	344
0	278
0	5
0	199
16	85
17	12
0	0
0	40
60	767
14	129
0	118
0	18
0	18
0	18
0	18
0	0
0	0
0	0
41	438
0	444
65	444
2	460
9	51
13	63
0	0
0	0
1	301
0	307
0	2015
0	2252
0	79
69	1097
78	892
0	244
2	725
0	1226
10	711
7	2098
5	27
115	1313
0	80
0	55
0	202
0	511
0	531
0	409
0	12
0	46
0	0
0	0
0	0
0	0
0	0
0	0
0	0
0	656
0	0
0	0
0	0
0	0
0	0
0	0
0	0
0	0
0	0
0	0
0	0
0	0
0	0
0	0
0	0
0	266
0	293
0	271
0	269
4	190
0	294
0	21
0	0
0	7
0	6
2	4
0	4
0	4
0	162
0	137
0	0
0	0
1	241
9	46
0	168
0	115
0	157
0	47
0	0
84	1055
25	1084
30	1056
0	149
5	185
0	74
0	100
0	0
0	0
0	0
0	0
0	0
0	0
0	0
0	0
0	0
0	249
0	0
0	0
0	0
0	0
0	0
0	315
0	335
0	325
0	320
1	129
0	335
0	200
0	17
0	0
0	0
0	0
0	0
0	8
0	0
0	0
0	8
0	0
203	10823
545	7140
159	13183
11	12479
18	11932
32	9721
1318	54
0	54
7	147
0	111
0	7
0	23
37	1182
6	4
0	113
0	22
0	0
0	22
0	0
0	0
0	0
0	0
0	0
0	0
0	0
0	0
0	0
0	0
0	0
0	0
0	0
107	0
64	168
8	316
0	282
0	110
0	51
0	42
1	70
0	79
2	100
0	95
0	75
21	92
0	47
10	0
0	19
0	200
0	207
0	92
9	104
5	33
0	27
0	88
0	42
0	159
0	42
24	92
0	137
0	107
0	80
0	0
0	6
0	48
0	31
0	32
0	1
563	16
0	37
0	37
0	0
0	0
65	192
249	215
0	35
0	18
4	69
1033	2656
24	160
0	1538
0	114
67	181
23	229
9	529
187	281
4	74
7	261
28	68
8	377
21	425
7	79
22	513
0	0
9	27
0	0
0	1
0	1
0	0
0	1
0	0
0	1
3711	2207
0	521
0	722
2	507
15	133
6	149
17	175
0	330
1	501
3	143
0	1102
0	1102
1821	1863
28	1343
0	1015
0	1047
0	1164
0	0
0	0
0	0
0	0
0	0
0	0
0	0
0	122
0	122
0	0
0	0
0	0
0	0
0	0
0	67
0	0
0	0
0	0
4	39
234	39
0	29
0	12
0	42
3316	677
0	677
0	200
0	24
0	179
0	568
0	2137
2	2088
12	1394
90	1315
0	1612
0	1543
0	366
2	272
28	380
7	448
5	164
0	533
0	225
7	32
0	317
0	262
34	402
1	63
8	211
3	163
0	127
0	189
3	189
0	80
2	54
0	78
0	38
1	35
0	20
0	21
5	11
5	72
7	108
29	242
9	185
425	933
0	201
3	216
0	1
0	0
0	0
0	0
0	0
0	0
0	13
0	0
0	0
0	0
0	0
53	1758
0	0
0	4
0	0
0	0
0	0
0	0
0	0
0	0
0	0
0	0
0	0
0	0
0	0
0	0
0	0
0	0
0	0
0	0
6	996
0	878
65	1435
20	1593
459	1287
2	1061
0	624
0	460
0	134
4	27
43	10
48	2
18	33
3	0
0	0
0	0
0	19
0	0
0	0
2	2
0	49
0	0
0	19
0	0
0	0
0	0
0	0
0	0
14	1309
43	488
0	433
0	196
0	6
0	25
0	0
0	473
244	0
0	0
0	1
0	0
0	98
0	218
0	97
0	0
0	287
0	337
8	324
0	68
0	71
0	27
113	0
8	66
0	12
0	6
22	15589
0	15051
18	14880
0	4439
0	15052
0	15968
0	10891
52	13830
0	10627
0	7008
0	7937
58	7295
0	4962
18	4858
44	62
19	529
61	3954
19	2059
2	2702
0	3729
141	1283
4	1694
7	291
0	628
0	53
6	776
0	44
0	7
0	585
0	0
0	2
0	5
0	2
20	374
2	87
0	306
0	284
0	66
0	44
0	4
0	186
5	99
0	64
0	0
0	6
0	0
0	0
0	75
0	25
0	198
1103	13361
33	1400
26	9012
47	8058
135	8001
11	8071
98	5287
224	2079
50	3005
198	3033
0	487
3	487
14	84
0	66
1	43
6	7
2	2
0	1
0	1
31	55
12	130
0	118
1	202
0	95
5	118
136	883
4	188
27	800
12	207
0	13
0	6
0	7
0	7
0	0
9	0
0	0
5623	1585
522	1585
0	721
109	5616
0	3893
0	1204
4	1995
0	642
17	910
1	1074
0	954
0	2546
0	1520
0	964
0	1315
0	1219
0	753
2	1180
36	94
0	501
0	436
0	440
0	357
0	143
0	36
0	367
2	1100
0	503
0	119
17	9
0	234
0	85
0	1649
0	303
0	0
5	0
0	0
0	0
0	0
0	0
0	10
0	0
83	120
0	95
0	25
0	249
2	0
9	5159
114	4521
48	5145
81	2577
0	3154
0	230
0	277
0	126
6	182
6	312
14	17
6	248
32	431
0	500
1	313
1	195
0	764
0	86
0	18
1	61
7	59
0	24
0	512
25	68
7	241
14	422
0	413
0	120
0	273
0	217
0	210
1	154
0	86
0	79
7	99
11	89
0	51
0	46
2	50
0	42
0	5
0	18
0	8
9	3
19	15
5	0
0	4788
0	0
0	1205
0	1389
0	1354
0	1327
0	1363
0	3
0	0
0	0
0	0
3	0
0	186
0	21
25	17
3	12
0	161
0	0
0	0
0	0
0	0
56	0
0	0
8	137
38	196
0	132
0	133
0	109
0	109
0	1
4	272
0	108
0	110
1	0
0	2
0	1
26	79
0	0
6	0
9	7
0	10
0	18
0	12
0	50
0	0
0	25
0	20
0	113
0	103
0	109
0	105
5	44
0	38
0	106
0	99
3	6
0	49
0	16
0	8
0	2
0	0
0	115
0	48
0	946
5	954
21	119
17	27
0	1305
1	950
0	1546
0	1540
0	928
0	62
14	412
0	125
0	944
0	26
0	1204
0	1193
9	102
59	203
12	1635
0	64
0	28
16	147
0	27
0	27
0	20
0	17
0	7
0	7
0	0
0	0
0	0
0	20
356	3061
1	238
4	976
7	0
13	283
0	2934
0	18
1	216
4	140
0	664
0	779
0	0
0	194
292	240
0	44
0	0
17	0
0	16
0	14
0	0
0	14
2126	44
0	13
36	13
0	2
0	16
0	61
0	71
0	65
0	61
0	9
0	71
0	196
9	196
0	59
0	65
248	99
9	47
0	0
0	0
0	0
0	172
0	8
0	172
0	31
0	200
0	172
5	21
0	67
0	15
0	5622
3	2778
2	312
0	1631
0	731
0	648
0	159
0	449
322	49
11	162
140	266
0	288
22	9536
0	927
0	57
164	57
37	936
74	1047
11	30
1	58
0	36
0	0
0	29
0	74
0	12
16	38
3	0
0	0
0	0
0	716
0	707
0	713
0	392
0	550
0	714
0	253
0	143
0	715
73	443
0	71
0	72
0	73
0	56
0	72
17	3
0	0
0	0
0	0
0	0
0	0
0	0
0	3
0	0
16	99
0	98
0	98
3	26
0	0
1	0
0	0
6	0
0	0
0	30
0	0
0	0
0	0
0	0
0	1
0	29
0	18
0	18
0	752
0	0
1	74
22	169
0	57
0	175
12	0
102	0
10	201
0	174
0	87
6	138
0	27
0	16
15	9
0	149
12	114
0	34
0	0
4	0
0	0
0	0
0	0
0	0
0	75
0	0
0	75
0	75
0	0
0	0
0	0
0	0
0	180
0	192
0	171
0	39
0	25
0	180
3	49
7	85
0	192
0	3
0	44
0	162
0	44
0	180
0	3
0	27
0	0
0	61
0	45
0	52
0	35
0	192
0	50
0	7
49	33301
19	30834
573	30794
0	3514
0	15437
21	15437
6	4711
1	8920
4	6263
17	8055
12	7739
0	4243
410	7087
9	5048
0	4912
4	2230
25	2544
0	2432
0	1503
0	548
57	8
1	33098
16	31155
144	0
0	4942
0	0
334	516
0	153
254	2
0	0
12	2
0	0
0	0
1	81
7	226
0	0
0	0
0	0
0	0
50	1593
0	0
0	64
0	39
86	3009
0	2836
5	522
0	2967
3	30
0	32
0	638
8	72
12	19
0	5
0	13
0	3
0	0
0	0
0	0
0	0
0	0
10	164
0	0
0	2012
0	81
0	1724
0	111
0	363
0	0
0	0
0	0
0	0
0	0
0	0
0	0
0	0
0	0
0	0
0	0
0	0
0	0
0	0
0	0
0	0
0	0
0	71
0	135
12	1639
0	1639
4	1652
0	492
31	391
13	44
0	121
0	28
8	59
55	563
11	111
0	79
0	8
0	503
52	783
0	852
15	783
0	0
0	0
51	906
17	774
0	791
0	20
29	807
0	0
0	0
0	0
10	64
671	654
178	62
0	33
2	67
5	305
1	306
4	212
212	250
0	250
0	7
0	15
27	78
13	51
0	876
0	876
0	0
0	876
0	0
512	3254
0	3895
39	2041
0	2250
0	4052
0	174
88	194
0	78
0	108
0	77
0	88
0	0
0	0
0	0
0	0
0	0
0	0
0	0
0	0
0	0
0	0
1	128
0	0
0	0
0	0
0	0
0	0
0	0
0	0
0	0
0	0
0	0
0	14
0	14
0	0
0	328
0	328
0	328
14	317
0	323
0	59
0	58
0	40
0	39
0	5
0	36
4	29
3	69
448	180
0	376
0	115
49	403
49	62
2	95
0	7
0	0
0	82
0	19
0	4
0	94
0	94
0	0
0	0
0	17
0	19
0	19
0	0
0	3
10	113
0	214
0	51
0	2
0	52
0	9
0	51
0	214
0	95
0	0
0	0
0	0
0	0
0	0
0	0
0	0
0	0
0	0
0	0
0	0
0	2
0	9
0	9
0	0
0	790
0	777
8	797
0	814
3	114
0	81
5	21
4	73
0	63
10	73
0	24
0	65
0	25
1986	96
0	0
0	19
0	32
0	1010
0	6550
0	5670
0	4654
155	549
0	62
0	617
0	306
0	12
0	15
0	25
0	810
4	0
3	522
383	449
142	739
1	13
46	6
15	119
35	218
0	318
0	31
3	0
123	674
0	551
332	40
0	6
0	9
18	85
0	267
1	22
40	217
0	111
0	0
0	0
0	0
0	0
0	0
0	619
0	0
5943	11827
245	8484
37	8027
356	3105
6	1908
0	1414
0	26
0	1908
0	543
0	544
22	295
316	209
0	10
0	10
8	21
0	7
0	2
0	0
0	506
0	101
0	22
0	22
0	3
0	594
0	0
0	0
0	0
0	0
0	0
0	0
0	0
0	0
0	0
0	0
0	0
0	0
0	0
0	0
0	0
0	0
0	0
0	0
0	0
0	0
0	0
22	80
3	15
0	34
5	31
0	38
0	10
0	36
39	36
4	29
1	23
68	35
0	0
0	81
1715	1452
0	1428
0	886
0	686
112	670
19	136
29	85
16	137
0	69
12	30
11	49
0	7
168	1453
0	2
0	72
0	136
10	2656
0	2860
0	2735
1	527
17	2547
0	1191
30	110
6	220
275	1838
621	1535
187	853
0	10
0	808
0	798
465	71
0	14
0	4
14	281
45	683
29	707
5	53
0	194
5	104
13	110
4	197
4	184
0	121
0	93
4	70
9	20
1	21
0	1
81	1450
4	1451
10	1498
10	88
89	811
0	174
9	47
16	189
1	359
0	32
0	11
6	368
0	32
0	32
0	32
13	8
25	8
0	26
83	20
2	313
0	11197
233	3904
36	11032
0	11176
1105	11250
81	109
1	793
4	11044
0	10217
0	25
0	0
0	0
0	0
0	0
0	0
0	0
0	0
0	0
0	0
0	0
0	0
0	0
0	0
4	144
0	45
23	186
191	294
4	96
0	13
35	238
0	0
0	5
8	16
0	64
0	0
0	0
0	0
0	0
0	0
179	1138
7	1100
10	57
8	159
0	40
18	70
0	0
0	1855
0	2184
12	299
94	27
13	162
0	2194
2	16475
0	15522
0	217
0	5908
0	16158
0	15843
0	0
0	0
0	0
28	7900
0	0
0	0
4	14814
0	23
0	55
20	20
179	421
0	256
0	0
0	998
8	494
7	388
0	42
0	0
0	741
54	2407
0	485
23	254
0	78
10	34
0	0
342	461
38	28
0	0
225	2074
7	1938
5	1938
21	749
11	46
1	938
33	11
0	0
13	354
0	922
137	708
0	378
0	15
0	516
0	406
9	294
63	10
2	18
2094	51
0	0
0	51
0	4
0	0
0	4
0	4
0	4
0	1
0	4
0	0
0	0
0	1
0	6
0	0
0	0
0	0
0	0
0	0
0	0
0	0
0	0
0	0
0	0
0	0
0	0
0	0
0	0
0	0
0	0
0	0
0	0
0	0
0	57
0	125
0	17
0	1506
110	1434
11	1363
45	353
0	0
2	0
0	48
0	48
0	27
0	12
0	12
0	12
0	23
0	0
0	0
0	0
0	0
0	0
12	299
0	0
4	598
5540	1117
2	444
0	50
4	506
0	483
0	13
4	24
3	305
0	2386
18	227
26	37
74	142
0	2272
0	7
0	7
0	7
10	41
0	0
0	0
0	0
0	0
0	0
0	0
0	0
0	0
20	0
0	0
0	0
0	196
10	261
0	260
8	310
0	216
0	101
3	222
0	159
0	3
0	269
5	262
0	143
0	137
0	117
0	76
0	100
0	36
0	104
0	88
0	70
58	194
0	44
18	26
0	39
8	148
37	150
23	37
3	14
0	25
2	0
1	44
0	44
0	483
10	483
0	6
4	96
0	323
0	0
0	8174
37	7547
10	73
36	3319
0	7903
9	219
0	4105
1	1375
0	0
0	0
41	350
0	8053
0	412
0	7514
0	4054
0	0
2	7813
0	0
6	282
8	0
0	217
0	207
16	6645
0	0
0	360
0	0
0	0
0	0
1	324
0	2507
0	5560
0	0
0	550
0	0
0	4471
5	954
76	2327
0	210
0	2836
0	470
0	970
3	652
3	2548
0	2842
0	1249
4	2852
0	1952
4	1004
0	2856
0	769
0	650
0	743
0	525
0	423
0	1
0	423
0	0
0	571
0	732
0	676
0	0
0	1003
0	389
0	672
5	47
1009	1032
0	34
0	320
0	60
5	1
41	480
0	405
0	466
0	147
0	262
4	0
0	17
0	56
0	56
0	62
0	87
13	0
0	0
2	1
27	21
0	0
0	0
0	0
0	0
0	0
0	0
0	0
0	0
0	0
0	0
0	0
0	0
0	0
1	0
0	0
19	66
28	66
0	0
0	0
111	274
0	0
2	1
2	165
3	164
0	2
8	60
0	51
0	9
135	57
40	463
0	19
34	12
0	54
0	0
0	0
0	0
0	0
0	0
38	1579
0	26
0	140
0	1352
48	1808
4	108
404	289
0	228
254	40
1	159
14	102
159	344
0	391
9	26
4	41
0	11
0	25
0	0
0	0
0	0
0	0
0	0
0	0
0	0
0	0
0	0
0	0
118	0
9	176
0	0
0	0
97	95
0	229
16	229
7	0
0	4
3978	4911
0	3136
4	1145
55	389
11	54
54	103
131	20
86	17
31	507
0	153
0	539
0	150
0	0
1	3
0	3
0	269
122	44
0	126
0	0
0	0
0	0
0	0
0	0
0	0
0	0
0	0
2	21
0	5
0	17
0	126
0	126
0	1751
0	143
0	86
17	78
0	154
10	232
0	86
11	172
1	96
0	76
0	102
0	66
0	256
0	1293
2	2003
0	147
0	188
105	2229
3	6336
0	136
0	91
0	56
19	3050
21	1457
0	11
4	122
5	140
0	120
0	68
0	739
0	69
7	50
0	3
0	2777
0	0
0	132
0	6499
14	14
0	3
0	14
878	0
0	489
0	2
0	31
0	11
0	7
0	10
0	124
0	124
0	34
26	127
56	49
3	43
0	33
0	33
0	28
0	35
0	11
0	16
0	11
0	0
0	10
221	105
0	81
0	73
8	0
0	12
0	78
0	503
22	1229
0	704
0	525
0	232
0	29
0	89
0	82
75	271
0	0
1262	0
0	14
0	0
21	192
0	14
305	677
0	311
6	55
0	132
0	105
0	1
0	61
5	57
17	0
0	23
8	63
2	0
0	36
0	28
0	0
5	0
29	0
815	3307
53	57
5	2
31	3312
122	3230
1	460
1	631
3	379
46	105
44	25
5	1297
0	1159
0	1297
0	928
2	1307
0	9
0	0
0	1226
0	88
69	1196
0	963
0	30
0	124
0	110
0	252
24	422
0	690
4	1011
0	965
0	1011
0	1026
0	663
11	33
1	42
6	48
7	6
0	32
0	23
0	493
0	691
0	315
0	421
0	43
0	31
1	281
0	318
0	421
0	0
0	0
0	0
0	0
0	0
0	0
0	0
0	0
0	0
0	0
318	207
0	11
297	764
0	73
37	205
0	338
16	59
0	784
25	66
44	2
92	375
3	341
0	376
36	205
0	557
0	500
0	569
1258	871
1	508
0	423
0	557
0	0
0	163
0	0
0	0
0	0
0	0
0	0
0	13
0	6
0	0
0	0
0	0
0	0
0	0
44	4654
57	3624
58	4686
1	2985
0	182
0	160
0	37
0	37
0	9
23	72
3	7
7122	4349
0	1884
25	627
0	601
24	1040
1	324
1	426
2	412
0	296
0	144
0	35
0	22
0	0
0	0
72	1507
0	0
0	0
0	0
0	0
7218	738
8	40
3	497
0	18
0	207
0	0
3	113
0	64
67	1496
477	1717
0	1496
0	1584
0	164
0	141
5	138
0	24
0	134
3	79
104	170
0	87
0	87
32	53
0	53
0	1489
1	1607
0	0
0	0
0	0
0	0
0	0
0	0
0	0
0	0
0	0
650	305
3	203
2	65
4	102
156	1147
2	161
146	2593
1044	5672
0	5425
0	1417
3	4779
0	0
0	0
0	0
0	0
0	0
0	0
0	0
0	0
0	0
0	29929
122	21485
0	24675
0	26089
47	22553
0	5124
0	5983
0	4973
29	4804
3	3194
1	1702
0	880
3	883
25	3669
106	3843
0	16
33	593
2	533
0	6
0	375
0	53
0	69
0	20
0	512
90	1850
28	419
0	720
1	671
4	550
34	666
0	150
4	50
15	51
26	0
0	1501
0	22
11	134
0	47
0	101
0	29
0	101
0	0
0	33
0	100
0	100
0	101
1	13
0	48
4	25
24	19
0	392
35	390
68	391
11	52
4	83
0	61
3	31
0	27
8	3
9	4
0	336
0	3
0	4
0	4
0	3
0	77
0	77
0	77
128	287
42	315
0	192
0	5
0	5
6	1826
26	5
0	5
3	1826
0	1982
7	1240
0	685
0	264
0	2277
0	1610
0	2021
1	1896
12	144
0	2114
0	1765
0	1790
0	1765
0	1512
0	1917
0	1885
0	1774
3	2236
0	131
1	924
0	1396
0	230
0	1274
0	1757
0	1867
0	1550
0	504
6	831
0	905
0	187
0	1688
3	937
0	226
26	1773
8	1560
25	260
0	11
0	1272
0	304
13	2193
0	1798
0	1704
27	199
849	213
253	670
0	1814
0	1593
0	1185
0	487
0	182
0	1422
0	107
0	103
0	1321
0	489
4	116
52	273
0	22
0	104
0	0
0	1143
201	656
2	1133
0	153
1	1050
0	1977
0	742
0	1767
0	1476
0	1504
0	1464
0	1336
0	1494
0	1436
7	896
0	366
0	293
1	1172
0	121
0	1116
0	70
0	817
0	388
102	1219
0	76
15	1028
0	9
118	882
0	558
0	421
137	1431
13	131
31	209
0	136
14	95
0	89
0	235
7	213
6	138
0	262
2	189
0	127
8	45
0	25
5	78
2	65
0	88
0	3
9	146
0	28
0	39
0	163
0	0
0	77
0	0
0	0
0	1426
0	758
0	577
0	307
15	460
8	460
0	360
0	1635
9	21
2	35
0	0
0	2
0	2
0	0
0	305
47	497
3	497
0	26
0	271
2	17
0	44
0	47
0	3
0	48
0	25
0	20
0	0
0	471
0	0
332	0
608	47
0	0
36	882
400	1371
12	720
39	435
0	1347
2	1246
2	1332
34	1063
0	93
52	334
17	255
7	91
0	366
0	887
36	148
0	58
0	52
53	224
89	345
39	137
48	160
0	173
64	141
0	1278
1	852
30	842
0	27
738	507
0	313
3	194
1	40
1	7
2472	1624
85	1495
28	1
0	700
0	889
2	387
0	459
91	388
16	235
0	0
0	0
1	9
20	80
0	560
0	465
0	371
0	268
0	268
0	24
3	1
0	1
0	16
0	0
0	16
0	13
0	0
8	1
4	6
5	7
79	90
0	586
0	586
0	567
0	562
0	0
0	0
0	0
8	16
0	0
0	0
0	0
0	0
30	0
4	240
0	0
265	2063
59	578
56	1163
0	269
7	384
4	161
10	1031
4	216
105	270
0	41
0	0
0	0
26	229
0	1284
0	1313
45	892
5	0
0	1273
0	0
0	0
0	0
0	0
0	0
4	0
8	0
0	0
0	413
0	29
19	75
4	60
2	15
0	15
0	974
71	609
3	935
4	926
1	134
0	291
0	31
3	61
3	6
11	28
0	56
0	36
0	65
0	0
0	0
33	1524
0	0
0	0
0	0
463	309
25	268
0	242
0	18
0	7
6	5
0	0
0	0
0	0
0	0
0	0
0	0
0	0
0	0
0	0
0	0
0	0
0	0
5	3
0	3
0	3
0	0
0	0
0	0
0	3
0	3
0	0
0	0
0	0
0	0
0	0
0	0
0	0
0	0
0	29
0	29
0	0
0	0
0	0
0	0
0	29
0	29
0	6
0	12
0	29
20	30
0	6
0	1717
0	0
62	2057
0	1552
0	1437
0	1700
0	208
42	1276
9	1210
0	185
11	90
23	421
18	413
0	165
0	9
0	113
0	410
0	199
0	124
0	18
0	153
0	149
0	6
0	144
0	36
0	49
0	347
1	49
0	90
0	130
4	2
0	0
0	0
0	0
0	0
0	0
0	0
9	194
0	0
0	0
0	1
7	285
0	232
0	232
16	64
0	27
11	62
0	43
0	43
5	46
0	0
0	0
0	0
0	0
0	0
0	157
0	142
0	382
0	31
0	21
0	5
0	0
7	461
648	469
91	8
0	746
0	638
0	660
10	725
0	711
0	11369
13	11305
0	1433
0	1581
0	1647
5	1361
0	1385
1	1402
0	1463
0	1509
0	1281
101	1156
12	360
0	1
0	1
0	165
0	165
0	6
0	0
0	0
8	227
0	233
2	1111
11	1199
66	57
27	38
0	34
18	10
14	252
0	140
0	138
12	149
0	15
2	130
0	81
0	13
0	3
8	830
147	901
109	296
0	83
3	524
0	579
0	366
0	541
0	553
0	75
10	376
3	27
0	2284
45	1616
8	1913
4	1516
195	5302
3	5241
19	1211
0	67
0	170
0	86
2	111
0	5262
19	974
13	1112
0	867
54	650
13	544
21	224
101	13
65	9430
0	566
755	1947
26	1888
15	2315
12	953
4	246
19	2056
40	7933
100	1743
28	36
6	241
0	174
190	5209
963	5003
2	135
15	1442
0	667
0	902
0	915
0	1
0	0
0	342
0	21
0	903
0	15114
0	1699
0	15169
0	8219
0	14873
0	12290
0	12078
0	4080
155	1668
33	2563
24	387
67	1650
38	388
0	431
164	2123
18	926
47	880
0	0
0	0
0	0
0	0
0	0
0	0
0	0
0	0
0	1332
0	1169
0	59
19	0
0	1275
0	9
0	0
8	0
0	31
23	28
7	11
72	58
0	5
5	18
0	0
0	0
0	50
14	0
3	110
12	92
0	38
2	778
0	49
21	18
0	61
0	65
0	1
0	1320
3	206
106	340
0	161
13	343
0	27
17	246
0	0
0	0
0	90
0	35
0	0
6	0
5	8
0	699
0	10
12	21
0	11
0	8
4	5
0	0
10	0
4	64
0	688
0	6337
0	6021
939	258
8	96
0	128
0	70
0	15
529	377
2	132
8	31
14	117
0	0
0	0
0	0
0	0
0	0
0	0
0	0
0	0
0	0
0	0
0	0
0	0
3	250
594	366
0	58
59	77
3	19
6	0
7098	12322
165	12231
0	6912
265	8499
83	6281
0	6428
0	7728
35	1124
63	117
140	566
1856	576
0	11
335	360
28	261
6	240
15	324
0	258
27	279
0	165
0	28
3	294
1	626
5368	0
0	2
0	1
0	127
0	0
0	0
0	17
1	0
0	0
0	0
44	550
0	0
126	26605
335	18601
0	1721
0	21760
0	17640
1	6540
43	504
59	6940
19	1258
0	13008
5	9092
98	10028
4	9013
8	9054
0	2439
0	1989
0	0
0	0
241	24
2	0
3	13
0	0
0	0
0	13
0	0
0	0
0	0
41	833
44	951
12	831
0	353
0	827
10	888
0	891
0	39
0	5
0	3
0	0
0	0
0	0
0	1313
19	624
0	1494
0	1640
0	1421
0	1422
0	159
0	31
11	0
0	47
0	224
2	41
12	151
0	13
0	9
1	21
0	0
0	5
0	181
0	129
0	0
2	66
11	82
0	14
0	49
0	9
11	36
0	1421
0	1640
10	276
4	286
9	6
0	11
7	18
20	17
0	12
4	0
0	0
0	0
0	0
58	87
10	701
395	2413
0	13
0	2342
0	703
10	151
11	105
0	237
0	0
0	0
0	0
1	455
61	457
0	403
0	280
1	279
20	255
16	262
24	192
3	21
22	8
12	23
2	418
0	9
0	5596
0	5329
2	4786
80	5094
28	4832
56	4187
18	3467
33	1166
0	3849
10	1122
0	763
446	3450
1048	1180
3	1816
0	1444
17	1093
42	57
0	48
0	11
0	0
0	0
0	0
0	0
0	11
0	0
0	0
0	0
0	0
0	0
0	0
0	0
0	0
0	0
0	0
0	0
0	0
0	0
109	113
0	2
0	2
0	0
0	0
0	2
41	239
20	171
0	164
0	82
31	60
0	8
0	34
35	2116
2	18
1	1422
4	2120
12	38
114	2098
23	10843
3	425
0	1065
1	10902
0	96
0	245
0	376
0	157
0	125
9	11190
26	587
62	957
0	369
10	2981
11	10597
54	22
0	698
20	915
0	423
0	366
11	345
0	455
3	670
1	10846
38	117
0	548
5	268
3	364
0	128
14	1188
0	650
0	636
3	19
30	13
0	89
0	143
1	946
141	976
18	252
0	116
303	257
13	1109
76	509
24	1396
0	10865
8	31
1	1065
0	730
0	668
0	818
0	0
1	11
0	1061
13	74
0	66
0	6
28	8
3	132
2	132
0	16
0	24
0	0
0	0
0	14
0	0
0	26
0	546
0	402
3	552
63	516
22	104
0	25
0	3
0	2617
0	2617
0	0
0	17
2	0
0	0
0	0
0	0
0	1864
0	786
0	2026
5	7
0	161
0	15
13	0
17	17
16	1882
0	1864
6	3734
0	3839
8	1443
0	68
0	985
0	814
0	28
4	28
0	124
0	64
17	110
0	40
0	46
0	46
0	20
0	1
0	0
0	3841
23	120
578	4889
51	3524
0	114
0	73
5	3003
0	3316
4	94
28	4528
0	4317
3	3783
0	181
0	2606
0	392
0	149
28	0
1	1772
0	220
155	1617
12	572
0	2
4	33
66	74
18	55
0	12
0	5
0	5
0	0
0	0
0	0
0	0
0	279
0	292
0	100
0	59
0	27
0	6
2	58
23	6
0	3
0	7
0	23
0	19
0	15
4	0
0	1
0	7
0	0
0	0
1	1091
1450	2404
4	1878
2	0
10	60
0	0
1	0
0	4
0	4
0	2
0	0
0	4
0	1
1	4
0	81
0	249
0	45
15	107
0	284
0	149
0	19
0	19
0	182
0	7
0	183
2	182
0	60
0	6
1	6
3	7
0	0
0	0
3	0
0	0
0	0
0	0
0	106
0	0
7	39
20	72
2	117
5	1749
13	1749
5	346
4	212
103	177
4	211
38	113
15	5
24	734
10	171
3	1
0	448
37	4
1	203
93	427
0	5
0	20
0	20
0	158
0	26
0	572
14	665
4	117
0	21
14	176
8	39
0	57
0	152
0	132
0	130
0	25
0	0
3	8
0	33
0	16
0	15
0	24
0	3
0	3
1	2979
67	3048
2	2492
1	188
0	2066
0	1895
0	2104
8	1171
0	35
38	1020
6	2
33	26
5	182
12	84
0	25
51	484
47	469
12	326
0	147
25	1
3	27
9	532
66	566
14	558
68	42
0	0
0	0
0	3
0	1
0	30
0	2
0	0
0	3
0	3
0	44
40	136
23	159
0	11
3	23
0	1
0	159
0	128
3	147
0	137
1	843
4	26
16	112
9	826
0	172
12	178
34	10
0	127
0	0
0	0
219	118
0	0
0	0
0	0
39	122
178	3007
28	298
441	1468
0	3104
0	2677
6	2698
175	2214
19	391
30	490
5	416
39	369
17	341
0	64
6	17
10	124
0	22
0	19
12	121
10	183
47	26
8	721
11	1018
191	512
4	369
0	430
6	531
0	582
49	315
40	541
15	200
0	658
0	287
115	84
0	35
0	8675
0	496
3	8622
0	35
0	333
0	822
0	300
0	0
19	37
0	21
0	0
11	108
5	1
0	0
0	734
28	722
0	167
3	29
6	33
0	24
7	0
20	18
1	2
2	16
0	22
0	2
7	4
12	0
0	762
0	762
0	461
0	0
0	0
0	0
0	0
0	0
0	0
0	0
0	0
0	0
0	154
3801	248
29	52
0	42
96	175
0	72
0	54
0	43
0	30
28	59
0	59
0	43
0	0
266	91
4	69
27	27
0	1073
0	1055
25	130
2	42
14	18
0	717
18	144
31	21
0	663
29	855
312	643
0	96
5	121
4	421
0	377
183	554
0	0
2310	12
0	0
0	3
21	3
0	0
9	53
0	0
0	262
11	264
0	76
0	30
18	29
1	17
0	8
285	3067
3341	3067
1	4
62	0
33	614
0	0
1339	1921
0	166
6	209
12	123
0	11
0	0
3	4520
0	7059
0	7058
1	6319
518	6961
0	7068
54	7829
0	6987
0	7231
23	708
4	1794
4	46
0	685
0	636
0	1127
1	440
0	460
0	285
2	558
0	6
0	273
0	0
2	361
5	28
0	7669
73	464
0	0
0	0
0	268
0	0
0	0
0	0
7	1164
28	1411
0	1356
0	302
7	1
0	501
7	1
0	458
12	64
0	605
0	797
50	459
0	49
0	47
0	0
0	0
0	0
0	201
0	209
0	210
0	142
0	214
4	229
0	212
0	220
0	2
92	459
0	84
0	0
0	9
1	0
12	390
5	572
103	0
0	575
0	42
0	345
0	264
0	139
0	569
0	550
0	0
0	0
0	0
0	0
0	11
0	0
0	0
0	11
0	0
3	0
0	0
0	267
76	270
77	268
33	115
0	0
0	0
0	0
0	0
0	0
17	106
0	0
16	47
0	38
0	0
0	0
10	0
0	28
0	2
5	0
0	0
0	0
0	0
0	0
0	0
0	0
0	0
0	0
0	0
0	0
0	0
0	0
0	0
0	0
0	0
0	0
0	0
0	0
0	0
0	0
0	0
1	333
0	398
0	4266
0	1847
37	3015
0	2154
1	1589
0	276
109	599
0	306
0	100
0	105
2	4326
1	0
0	39
0	35
0	35
0	35
0	35
0	35
0	36
0	35
0	39
0	1
0	0
0	0
0	0
0	0
0	0
0	0
0	0
0	0
0	0
0	0
0	0
0	0
0	0
0	0
4	0
0	36
2	1236
0	0
0	0
0	0
0	0
0	0
0	1135
0	0
128	404
276	3090
151	1997
71	516
0	2331
1	242
106	49
9	210
34	164
11	419
16	1832
20	0
0	0
0	0
0	0
0	0
0	0
18	5
264	308
0	315
0	190
0	46
0	1
10	10
0	1
0	0
0	0
0	0
0	0
0	8
0	8
0	0
0	8
45	6
0	0
1	330
0	0
0	0
0	0
0	0
0	0
0	0
0	0
0	0
0	0
0	0
0	0
0	0
0	0
0	0
0	0
0	0
0	0
0	0
0	0
0	0
0	0
0	0
0	0
0	0
0	0
0	0
0	0
3	179
0	0
0	0
0	0
0	0
0	0
0	0
0	0
1784	875
14	872
13	650
13	380
5	230
64	35
3450	317
0	317
1	0
0	0
0	0
0	0
0	0
0	0
0	0
0	0
0	0
0	0
0	0
0	0
0	0
0	0
0	0
0	0
0	0
1437	4337
16	1066
2	0
0	357
0	468
0	4180
0	413
0	353
0	472
405	192
0	496
64	740
0	0
0	0
0	0
0	0
0	377
0	391
6	0
0	1
0	391
0	377
15	11
0	11
0	11
0	11
876	1184
0	1141
2	838
47	895
0	254
180	711
0	0
0	0
0	0
0	0
0	7
0	0
0	0
0	0
0	2
0	2
0	0
0	0
1	7
0	0
0	0
0	0
1	0
0	0
0	0
0	0
0	0
0	0
0	0
0	0
0	0
0	0
0	0
0	0
0	0
0	0
0	0
0	0
0	0
0	0
0	0
0	15
0	15
0	0
0	0
0	15
0	0
0	0
0	15
0	0
0	0
65	824
0	0
0	0
0	0
0	0
0	1
0	1
26	166
0	1
0	0
1583	2684
7	3708
0	63
0	2457
0	280
7	3691
0	1766
8	2477
0	291
0	425
0	3714
0	2460
0	561
0	635
3	1838
1	286
0	284
0	349
0	180
3	61
0	12
0	0
10	6
0	1
0	3703
0	3784
0	0
0	0
0	0
0	0
0	0
0	0
0	1013
0	1221
39	716
8	303
0	597
0	98
2	253
0	262
0	128
3	484
0	1462
0	998
0	391
0	2924
3	390
0	2087
0	2585
241	1535
374	1767
0	869
63	209
10	334
13	121
5	2183
0	56
0	0
0	0
0	0
0	0
0	0
0	0
9	11
0	0
93	205
0	29
0	196
0	209
0	0
0	1
0	28
0	230
1	0
9	465
0	489
0	75
5	175
8	175
1	303
2	303
0	50
0	8
3	197
2	238
0	121
47	708
549	661
0	661
7	717
0	0
0	0
0	0
0	0
0	1536
0	0
0	0
38	1703
0	405
0	22
1	5
2	5
0	0
0	1666
0	1666
0	0
0	200
0	200
0	3
0	3
0	0
0	0
2	0
0	0
0	0
10	958
0	869
0	593
3	543
0	175
0	126
7	0
0	0
0	46
0	0
0	0
1	0
0	0
0	46
0	0
0	106
0	0
65	209
0	0
4	153
0	28
8	0
0	0
0	2
0	0
0	106
0	0
0	0
0	0
0	0
0	0
0	0
0	0
0	0
0	35
0	0
3201	2371
37	0
857	2371
40	2492
25	0
6	1803
1	234
0	43
39	514
10	80
0	264
0	488
0	39
0	63
0	15
0	73
0	57
0	45
0	32
13	13
0	31
0	31
0	0
0	9
0	31
3	21
0	0
7	3227
16	2292
0	1661
137	1940
0	1304
3	833
19	564
0	844
0	680
10	699
1	388
0	26
10	996
0	0
0	0
0	0
0	0
0	0
0	0
0	0
838	1571
0	402
16	362
0	1492
0	467
0	451
0	335
0	20
2	14
0	12
0	345
0	0
0	0
0	99
0	122
0	65
0	85
0	22
43	670
0	187
0	228
0	112
3	218
0	123
0	75
1	53
0	1
0	8
0	0
1	19
14	27
0	18
0	0
0	0
0	0
0	10
0	224
0	190
3496	0
14	36
4	407
0	36
2	367
12	213
4	36
0	4
13	0
0	694
0	668
0	0
0	0
0	0
0	0
0	0
0	668
0	0
0	0
0	0
0	0
0	0
6	4
0	0
0	0
0	0
0	0
0	0
0	7
0	7
0	7
0	0
0	0
0	0
0	0
0	0
0	80
0	49
26	132
43	80
78	118
3	20
0	18
0	17
0	18
15	73
0	0
0	12
0	0
0	12
0	0
0	0
0	0
0	0
0	0
0	32
181	323
0	1
0	4
20	354
0	0
0	0
233	1277
17	1280
0	226
0	453
0	14
0	1744
0	2129
0	185
0	1838
0	1629
0	1863
0	996
0	1515
104	1309
2	1586
0	1843
0	1754
0	1559
3	1882
0	1607
7	1850
0	1392
0	1839
0	1793
0	1815
0	1791
0	1688
0	1791
0	1613
0	1390
6	1501
17	1720
11	1075
0	812
0	813
0	1057
0	701
1	608
0	649
0	580
0	49
0	194
0	218
24	408
0	135
0	0
9	219
5	123
0	0
0	14
0	14
6	19
0	11
0	10
0	0
0	0
2	18
313	1378
865	1883
26	1208
9	542
6	586
0	143
0	0
0	143
0	6
0	6
0	6
0	6
0	6
0	0
58	27
0	4
0	13
6	2
0	11
4	16
0	50
0	48
0	35
0	50
0	35
0	47
0	35
0	3
1929	7802
0	2
0	662
1	2415
3	5063
15	4788
34	66
0	61
13	13
5	373
0	70
0	107
109	111
0	34
0	84
6	116
0	166
25	156
30	162
0	162
38	51
0	94
0	16
0	16
0	44
0	0
0	23
0	16
5	28
0	18
1	41
0	583
0	61
0	521
0	542
3846	1174
3	1137
0	37
21	791
0	30
0	13
0	30
0	0
0	15
4	0
0	2
111	89
0	23
0	2149
0	272
0	175
3	37
9	16
10	29
0	15
0	11
13	15
0	0
0	0
0	12
0	12
0	0
0	0
0	12
336	141
0	98
1	388
0	8
0	523
0	19
0	415
0	0
0	46
32	0
0	69
0	98
0	79
0	25
31	32
16	118
0	9
0	34
0	27
0	61
0	11
0	54
0	512
0	3
0	0
0	0
0	0
0	0
0	0
0	0
0	0
0	505
0	533
11	108
8	71
22	136
5	83
4	165
24	1181
12	91
0	428
0	555
1	23
0	45
5	1161
9	1158
0	70
46	1148
0	187
0	97
0	0
0	0
0	0
0	0
0	0
0	0
0	0
0	0
0	0
0	0
0	0
0	1
0	646
0	53
7	699
0	422
0	20
0	2
0	58
0	26
0	302
0	0
0	90
4	402
0	358
0	0
1	25
0	0
6	642
0	335
1	362
0	56
0	62
0	64
1	602
0	42
2	592
0	296
3	34
0	592
0	0
0	0
0	0
0	0
0	0
0	726
0	377
0	87
0	722
17	492
1	397
0	586
0	323
0	313
0	10
0	107
4	206
0	0
0	10
0	8
0	0
0	14
0	0
0	0
0	9
0	0
0	0
4	101
0	0
0	0
0	570
0	529
0	476
0	469
0	44
0	390
0	470
0	438
0	469
0	172
0	617
0	179
5	51
58	246
0	204
10	34
0	12
0	0
0	0
55	1102
6	1105
2	32
0	26
0	27
6	15
0	43
5	814
0	47
0	55
0	67
0	808
0	1057
40	1
0	0
0	0
0	0
0	1
20	1
0	1
0	0
0	0
0	0
0	0
0	0
0	0
0	0
4	744
0	0
0	0
3769	1203
15	752
18	528
26	82
0	201
0	0
0	0
0	0
243	3542
0	3007
0	326
2	1485
0	1284
0	1124
0	104
0	117
0	1295
4	1467
0	133
0	1137
0	1269
0	89
0	1081
0	72
0	411
0	9
0	12
0	40
0	186
0	42
0	71
0	1166
0	0
3	126
5	845
282	651
8	172
0	125
0	367
63	140
0	0
0	0
0	0
0	0
0	42
61	91
0	41
0	17
2	345
0	359
0	359
0	285
21	17
0	17
0	0
442	0
20	63
1	365
0	303
280	364
39	116
2	611
113	352
0	549
53	503
12	534
0	121
23	145
1	197
0	3
14	0
0	0
0	0
0	211
0	211
9	2188
2	144
8	562
0	198
0	468
0	528
32	1441
21	2314
0	0
7	641
0	584
2	687
3	29
3	7197
109	8329
8	332
16	0
0	8278
7	4668
163	3951
34	3838
29	1051
0	586
94	4183
0	0
0	0
0	562
0	10
0	68
0	10
0	41
62898	14188
91	14188
333	1068
2	353
9	691
0	262
0	358
0	219
0	194
0	303
26	3
1461	1114
5	55
2	69
18	12
27	106
57	0
14	908
25	2437
7	1125
0	1350
16	120
2	1058
5	1253
34	2067
2	35
0	0
0	1074
7	840
0	439
17	98
12	476
47	2169
264	1959
0	544
0	1948
29	358
0	2
7	2
14	11
3	303
0	291
5	378
0	302
3	0
0	0
0	328
5	663
0	609
0	229
5	548
0	540
0	837
0	492
0	589
0	391
0	330
0	540
0	896
0	294
0	519
0	474
0	435
0	306
12	610
0	402
0	173
0	454
0	490
0	522
0	373
0	398
0	296
0	334
0	176
0	156
0	248
5	210
0	328
0	378
0	294
0	293
0	156
27	482
0	251
0	21
0	216
0	81
0	293
1	68
0	277
4	60
0	12
0	97
0	140
0	148
0	26
0	143
0	152
0	99
0	51
0	36
0	28
0	5
0	244
0	10
0	10
0	11
0	373
0	0
0	0
0	0
0	0
0	0
0	0
12	0
0	0
0	0
0	0
0	0
0	0
0	0
0	7
0	122
0	41
0	41
83	14
13	568
0	687
0	279
0	497
0	382
6	395
28	162
0	244
0	38
10	0
22	0
0	0
0	0
0	0
0	0
0	0
7	901
9	901
47	901
0	15
0	169
11	595
593	857
62	607
13	214
2	283
0	0
0	0
0	0
0	0
0	0
0	0
0	0
0	0
0	0
0	0
0	0
0	0
0	0
0	0
0	0
0	1006
0	735
0	94
25	225
0	1006
0	52
245	343
0	50
47	15
0	0
0	0
0	0
0	0
0	0
0	0
0	0
4	47
0	0
0	0
0	0
0	0
0	0
0	0
0	0
845	1452
35	84
26	1379
0	0
0	10
0	10
0	0
0	0
9	22
0	22
0	22
6	106
24	3659
45	3671
13	3723
51	3551
1695	5997
0	3639
0	0
0	0
0	0
0	0
0	0
0	0
0	0
0	0
0	0
0	0
0	0
0	0
0	0
0	0
0	0
0	0
0	0
0	0
0	0
0	0
0	0
0	0
0	0
0	0
0	0
0	0
0	0
0	0
0	0
0	0
0	0
0	0
0	0
0	0
0	0
0	0
0	0
0	0
0	0
0	0
0	0
0	0
0	0
0	0
0	0
0	0
0	0
0	0
0	0
0	0
0	0
0	0
0	0
0	0
0	0
0	0
0	0
0	0
0	0
0	0
0	0
0	0
0	0
0	0
0	0
0	0
0	0
0	0
0	0
0	0
0	0
11	87
21	4790
0	4750
0	159
0	0
0	0
0	0
0	0
0	0
0	0
0	0
0	0
0	0
0	0
0	0
0	0
0	1
0	1
0	1
0	1
0	1
0	0
0	0
0	0
4	6
0	6
0	6
0	0
0	0
0	0
0	695
0	695
0	399
0	604
0	109
0	54
0	16
0	2
0	0
16	0
55	433
45	396
15	427
0	124
4	12
13	470
0	102
0	98
0	20
0	11
0	17
0	36
0	50
0	49
0	61
0	11
0	20
22	0
0	15
0	16
16	120
0	15
0	1357
85	1
5	542
0	61
9	520
0	1355
6	1393
4	219
1	564
249	257
38	241
12	865
0	0
0	0
0	0
0	0
0	0
0	0
0	0
0	0
0	0
0	0
0	0
1	0
0	0
0	0
0	0
0	0
12	51
0	0
0	0
0	0
0	0
0	0
0	0
2	646
0	27
0	23
0	28
0	24
0	24
0	3
9	21
4	10
0	1055
0	0
0	0
0	0
0	0
0	0
0	0
0	0
0	65
6	656
536	1771
0	677
12	544
0	579
0	540
1	125
6	113
0	58
0	25
0	90
0	123
5	24
0	14
0	35
0	27
0	24
0	24
0	30
0	37
0	68
0	40
0	76
0	64
0	45
24	68
11	32
0	613
0	37
0	637
0	0
0	0
0	1
0	0
0	0
0	0
21	726
2	454
0	320
0	49
0	313
3	203
0	236
0	118
0	769
41	735
55	38
0	78
1205	533
0	176
0	106
0	0
0	0
0	0
0	28
0	0
0	0
0	17
0	28
0	0
0	17
0	13
0	28
4	1504
29	1259
79	919
4	1179
38	350
0	1277
0	384
31	170
0	495
9	363
0	0
0	0
0	0
0	0
0	0
0	0
0	0
0	0
0	0
0	0
0	0
0	0
0	0
10	340
0	0
0	0
0	0
0	0
0	0
0	6
0	4
0	4
0	4
0	4
0	2
0	0
0	0
0	0
0	0
0	0
0	0
0	0
0	0
0	0
0	0
0	0
0	0
0	0
0	247
0	340
0	108
0	61
0	54
0	58
0	5
0	65
0	39
0	39
0	31
0	26
0	15
0	12
0	3
2	0
0	0
0	0
0	5752
0	6072
23	455
0	894
0	619
12	949
168	472
55	5654
0	3587
0	0
0	0
0	0
0	0
0	0
0	0
0	0
17	491
1	0
11	94
5	446
5	133
0	14
0	0
50	479
3	24
23	480
3	52
0	91
63	389
0	47
0	38
1946	2798
33	1
0	16
51	0
6	182
3	371
42	14835
131	2692
31	3001
3	589
117	801
8	649
0	14623
3	5267
0	329
47	329
0	0
0	0
0	0
0	0
0	0
0	0
0	0
0	0
0	0
0	0
0	0
0	0
0	0
0	0
0	0
0	0
0	0
927	1606
0	520
10	587
6	1238
10	397
12	305
804	1249
22	333
16	925
0	0
0	0
0	0
1426	0
1	181
0	186
0	181
0	241
33	451
9	12
74	181
0	172
1	192
0	161
0	266
0	156
0	225
0	255
0	177
4	399
0	70
0	146
0	94
0	118
0	118
0	126
0	58
0	36
0	41
0	21
0	0
0	40
1	14
0	53
0	0
0	0
0	0
0	0
0	0
0	0
0	0
0	0
0	0
0	0
2	513
0	2
0	0
0	4
18	4
0	0
0	0
0	207
0	207
0	0
0	0
0	0
5	774
6	109
0	17
18	253
0	0
0	229
7	870
12	0
13	0
0	156
0	330
7	625
0	417
0	244
0	46
0	72
0	94
0	10
8	56
0	1
2	75
0	633
0	594
0	623
0	0
3	0
0	0
0	0
0	0
0	0
0	0
0	0
0	0
0	0
0	0
0	0
0	0
256	827
2	704
0	238
44	168
0	74
7	47
0	186
19	1148
6	1030
0	32
0	11
0	327
0	134
7	356
0	192
3	69
0	128
0	128
0	117
0	853
0	247
0	211
16	274
0	0
0	3662
57	3450
0	1383
54	3642
0	3341
16	2753
0	3541
10	2332
7	3168
31	3506
38	2249
0	453
2	2783
0	0
0	0
0	14
6	456
0	0
0	86
17	208
3	241
0	170
0	48
2	47
28	57
0	127
0	0
0	0
0	0
0	0
0	0
0	1
0	1
0	434
0	434
0	0
0	0
0	1
0	1
0	1
0	1
0	1
0	0
0	1
0	0
0	0
0	0
0	0
0	0
0	0
0	0
0	0
0	0
0	0
0	0
0	0
0	0
0	0
0	0
0	0
0	0
0	0
4	137
0	137
4	87
0	1
0	12
1	7
0	8
0	8
0	7
0	7
0	2
0	0
0	4
0	2
0	2
1	2
0	2
0	2
0	0
0	0
0	0
19	142
0	0
0	0
0	25
0	2
0	5
12	20
4	0
0	0
0	0
0	0
0	0
0	0
38	1121
0	859
4	212
0	1861
103	1860
0	368
1	986
1	426
70	225
27	263
0	956
0	219
0	824
0	13
0	765
0	354
0	0
0	0
0	0
0	33
432	489
0	62
0	75
13	890
5	37
1	200
0	0
33	213
13	889
0	235
0	59
0	0
0	0
0	0
0	0
0	0
0	0
0	0
0	0
0	4
0	4
1	0
3	43
0	58
0	43
0	32
3	110
2	38
0	36
0	31
0	51
7	5
38	13
52	50
0	117
0	108
0	130
607	79
0	0
17	46
0	14
1	33
0	4
0	0
2	22
92	22
0	22
20	9
0	1
0	0
0	0
6	27
0	0
64	231
0	154
3	148
0	168
0	20
0	30
0	61
0	10
5	50
0	22
0	45
0	12
0	41
0	35
0	22
0	35
0	34
0	15
0	15
1	93
0	22
0	14
0	14
0	14
0	14
15	294
2	313
0	318
0	309
0	303
0	299
0	296
0	293
0	12
0	1
0	6
0	238
0	0
0	0
25	78
993	816
66	813
9	592
185	380
5	66
0	35
34	329
0	72
0	86
0	59
11	114
5	49
0	17
111	1771
14	1317
76	1914
19	78
0	10180
7	5749
21	2567
8	2293
0	846
19	227
11	603
15	464
2	10180
18	428
13	0
0	58
0	23
80	45
1	58
0	23
0	23
114	276
7	150
40	186
0	8
5	142
0	49
0	277
1004	510
0	49
11	2
0	1430
1	5
0	260
0	1081
0	226
38	585
5	934
1	138
11	244
0	115
8	558
1	723
2	569
11	1188
52	1084
1	444
14	110
37	599
0	98
0	112
3	90
43	363
7	387
1	19
62	322
0	181
0	0
0	0
0	0
0	0
0	0
0	0
47	779
0	255
0	180
0	30
0	502
15	316
0	90
2	56
0	125
0	202
10	143
41	184
1	11
0	138
0	6
0	0
0	5
0	11
0	6
0	6
0	11
0	1486
990	704
24	1274
14	692
540	53
0	1262
27	1491
0	518
6	400
5	378
3	366
5	109
0	114
0	141
0	0
0	0
0	0
0	0
0	0
0	0
0	0
0	0
0	0
0	20
0	20
0	2
0	0
0	0
1	0
0	9
0	0
0	9
0	336
7	319
5	10
29	105
1	3
0	0
0	121
11	126
11	28
0	25
12	28
0	38
0	11
0	24
0	0
0	0
7	10
0	0
0	0
0	0
0	0
0	7
0	7
0	0
0	2
0	0
0	9
0	0
0	9
0	47
0	0
3	47
0	0
0	13
0	14
0	11
0	5
0	7
0	4
0	3
0	0
3	0
0	6
0	0
0	0
0	0
0	0
0	0
0	0
0	5
0	7
0	0
0	0
0	0
0	0
7	0
0	0
6	0
0	0
0	0
0	0
0	0
0	0
0	0
0	0
0	0
0	0
353	869
0	665
1109	497
3	184
117	46
119	101
15	1405
0	1514
0	0
0	101
0	25
7	121
4	858
0	11
0	148
0	126
0	0
1	1
2	38
0	727
139	1179
0	20
3	31
0	1399
0	2755
0	363
0	29
0	2661
817	2820
276	3050
64	779
17	2271
1	202
22	178
15	0
0	272
89	205
28	191
0	42
0	124
0	108
0	164
0	43
0	29
0	15
0	5
3	9
11	5
0	2
22	1889
0	0
0	0
0	0
0	0
0	0
0	0
0	0
0	0
0	0
0	89
2	10
13	49
0	0
0	0
0	0
0	0
0	0
0	0
0	0
0	0
0	0
0	1176
6	1137
3	70
0	32
0	1054
0	0
0	743
0	2126
84	1704
1	400
8	164
0	626
0	43
4	240
128	1364
0	1842
39	476
210	632
14	632
19	0
0	6
0	6
0	6
0	31
0	31
0	31
0	31
0	31
0	6
0	0
0	0
0	0
0	25
34	82
0	30
0	82
0	552
0	537
0	536
0	22
0	0
0	521
0	27
0	25
0	15
0	3
0	2
165	2082
1803	2668
0	53
24	895
5	427
2	246
2	0
3	4952
0	4608
0	5080
7	4652
0	3643
14	3354
113	1359
2	172
30	324
0	1094
0	1116
15	986
13	1099
0	684
0	684
11	1095
0	1126
0	601
0	588
0	694
0	418
0	683
0	480
10	713
0	424
0	321
2	206
0	419
0	447
3	406
0	250
0	192
0	151
0	23
0	153
0	144
0	115
2	115
3	114
4	146
7	116
0	44
0	36
0	0
0	92
0	103
12	0
5	84
8	349
0	0
0	20
0	220
0	0
0	4
0	4
0	16
0	207
0	224
0	156
0	165
0	0
0	138
0	710
0	1195
0	893
0	478
0	668
0	668
0	668
1	782
0	618
0	664
0	634
0	546
0	1012
0	661
37	486
2	464
35	783
2	676
0	970
1	1089
0	773
0	642
0	660
0	648
0	673
0	660
0	669
0	595
0	591
0	752
0	472
0	746
0	480
0	733
0	679
0	668
0	505
0	635
0	659
0	610
0	658
0	762
0	691
0	678
0	746
0	441
0	650
0	566
0	513
0	440
0	346
0	504
0	203
0	77
30	47
0	172
0	118
0	119
0	25
0	51
0	61
5	76
16	100
0	63
0	22
0	34
7	42
0	15
0	0
0	0
0	0
0	0
0	0
0	0
0	0
0	0
0	0
0	0
0	0
0	0
0	0
0	0
0	0
0	0
0	0
0	0
0	0
0	0
0	0
0	0
0	0
17	5
0	5
0	5
0	0
0	0
0	112
1	106
0	0
6	122
0	230
0	20
0	215
7	14
0	122
0	0
0	45
0	14
17	528
70	535
1	429
6	221
14	26
0	26
0	0
0	0
0	0
0	0
0	0
311	478
0	138
12	436
490	4816
9939	4821
111	1210
14	478
196	2857
52	2332
9	818
0	321
8	131
26	87
0	35
0	13
75	218
0	0
3	0
0	0
629	3459
27	1164
79	1988
73	488
23	1573
12	1114
0	792
19	518
5	569
75	450
0	407
0	0
0	0
0	0
0	0
0	135
0	0
0	0
0	0
0	0
0	0
0	0
0	0
0	0
0	0
36	100
0	59
11	1943
266	1943
98	1344
54	980
0	0
0	0
0	0
0	2193
8	1632
0	1796
0	1660
7	2030
8	244
118	93
2	490
0	92
44	1024
0	112
0	54
0	252
0	111
27	408
0	83
7	256
0	288
0	140
11	424
0	0
0	0
0	0
0	0
0	0
0	5
0	19
0	5
0	1
0	0
79	11
0	4
0	0
0	0
8	1
0	1
0	0
0	0
2586	16985
856	9470
208	7543
2	194
0	80
0	184
0	0
0	12
4	0
0	0
0	0
0	0
0	0
0	0
0	0
0	25
0	0
0	25
39	0
0	100
2	12
12	20
5	18
2	95
1	23
0	0
0	12
0	12
36	79
0	72
0	89
0	0
0	89
42	10
0	0
0	0
0	693
71	753
3	11
0	47
0	700
3	93
1	385
8	106
0	777
0	0
0	0
0	0
318	17
4	17
0	220
27	1763
1	683
2	714
0	1804
0	726
5	726
1	21
11	396
0	145
0	138
0	77
17	33
0	94
0	105
4	29
12	91
2	1753
0	346
0	0
0	0
0	0
0	0
0	0
0	0
0	0
0	461
3	679
12	737
28	180
0	250
0	160
0	116
0	104
0	148
9	7
18	208
0	68
0	0
13	181
0	0
0	0
0	0
0	0
0	0
0	0
0	0
0	0
0	0
0	0
0	0
0	0
6	5
3	1
0	0
0	2
0	0
0	0
2	156
0	134
16	117
0	28
0	43
0	33
0	36
0	15
3	86
3	27
1	21
0	74
0	7
4	1
0	121
0	163
0	0
0	0
0	163
0	0
0	0
0	0
0	163
0	16
0	10
0	0
0	0
0	0
0	0
0	16
0	231
0	100
0	100
0	101
0	10
0	7
0	0
0	0
0	0
0	0
0	0
0	0
0	0
0	0
0	0
0	0
0	0
0	100
0	103
0	231
0	584
681	584
0	0
0	1
0	1
0	1
0	1
0	0
0	1260
0	708
1	2158
6	829
1	241
0	365
1	767
0	1837
0	719
0	610
7	859
0	139
52	225
0	1799
226	1497
14	1288
18	517
1	24
11	5
0	23
0	0
1	157
0	97
25	13
0	13
0	0
0	0
0	8
0	73
661	239
2	105
0	186
0	98
0	73
0	147
0	21
113	714
0	5191
0	5066
0	5318
37	429
4	166
5	393
14	217
0	27
0	15
0	5326
0	0
0	0
0	0
0	0
0	0
24	202
0	16
0	2
0	0
0	0
0	0
49	2828
12	2774
26	127
1	195
66	85
0	119
3	249
45	19
0	153
0	99
2	732
0	0
0	59
15	80
0	128
0	61
223	591
0	1697
16	1780
0	578
0	741
35	60
0	455
0	366
0	262
0	29
0	0
538	1066
0	855
20	59
13	436
26	319
2	15
1	384
8	234
0	20
0	162
3	20
0	8
0	6
0	6
0	1
0	107
5	494
0	495
0	472
0	78
3	262
0	148
0	71
8	153
1	122
0	120
0	71
0	113
6	35
0	96
0	46
20	38
0	38
0	20
0	0
0	0
0	497
0	974
0	120
0	54
6	93
0	84
0	106
1	93
6	770
0	64
9	304
1	54
0	54
0	53
0	113
0	90
0	222
0	86
0	234
2	742
1	358
1	8
1	50
0	19
0	86
0	53
0	48
52	385
0	201
0	777
256	1286
0	893
1	546
1	965
4	87
0	87
62	21
10	21
0	9
0	9
0	0
0	22
0	116
0	116
0	116
0	0
0	54
0	90
0	55
0	26
0	17
12	0
0	0
0	0
0	0
8	2308
0	2245
0	307
0	90
0	616
0	57
0	39
0	57
0	35
7	2128
0	1287
48	5044
56	4624
156	5044
0	349
9	213
4	165
0	1
0	1
0	1
0	1
0	1
0	1
0	1
0	1
0	1
0	1
0	1
0	1
0	1
0	1
0	1
0	1
0	1
0	4
0	1
0	0
0	1
0	0
0	0
0	0
0	0
0	1023
0	921
0	623
0	632
0	544
0	43
0	4
0	32
0	6
161	152
0	64
0	126
0	30
0	100
0	75
5	10
0	1
0	1
0	1
0	1
0	1
0	0
0	0
0	0
0	0
0	0
0	0
0	39
0	0
0	0
0	0
0	0
0	0
1	2246
0	1758
42	2105
0	1887
0	1933
0	1911
18	104
8	26
0	155
0	223
0	952
4	38
0	547
0	84
0	157
4	149
2	62
11	137
0	0
0	2049
4	108
7	367
0	229
500	694
0	1
15	1260
8	1306
0	172
0	0
0	0
0	0
0	0
0	0
0	0
0	0
0	0
0	0
0	0
0	0
0	0
0	0
0	0
0	0
0	0
0	0
0	0
0	121
0	6
230	783
0	166
26	309
0	525
0	306
1433	564
5	691
4	344
0	109
45	11
49	40
0	12
0	9
12	107
26	39
0	284
5	291
11	282
0	281
0	76
0	182
0	13
0	120
47	13
0	13
0	9
0	0
0	0
0	0
0	0
0	0
0	0
21	2616
25	1992
137	3329
0	2900
0	152
10	176
0	59
0	1
0	424
0	24
0	59
0	509
3	0
2	117
0	164
0	95
1	2
0	78
32	3
15	72
0	3
53	109
0	86
0	8
0	26
0	41
0	24
5	36
0	145
0	13
773	398
6	29
0	285
0	0
0	0
10	125
0	125
0	3
0	0
0	0
0	0
0	0
0	0
1	50199
0	12
0	12
0	12
0	5
0	5
0	5
0	0
0	0
0	0
0	0
0	0
0	0
0	0
0	0
0	0
0	0
0	0
0	0
0	0
0	0
0	0
0	0
0	0
0	0
0	0
0	0
6	904
0	78
3	904
105	1673
15	406
0	1420
0	223
0	49
0	91
0	39
0	139
101	27
0	2894
12	611
98	2832
0	2805
0	95
38	26
38	77
30	72
0	184
2	109
0	85
26	91
28	350
0	815
52	12
187	108
2	23
0	186
43	2848
57	1255
0	2636
35	1784
0	2545
1	810
6	322
0	2263
3	243
5	1
0	236
0	30
0	130
0	237
0	1
7	21
0	116
0	139
9	6
0	21
0	251
0	519
0	155
0	132
9	2
0	24
31	750
6	312
0	785
0	775
3	771
0	786
0	719
1	720
0	626
0	48
0	148
19	181
0	575
0	711
0	649
6	187
0	708
0	624
0	703
0	2
0	111
0	59
0	79
0	17
31	210
9	45
0	255
11	73
15	628
0	605
0	56
0	13
9	146
0	52
5	185
0	694
0	412
0	0
0	94
0	28
0	82
0	786
0	685
0	0
0	158
0	158
0	1
0	158
0	0
0	0
2	57
1	57
6	0
8	0
4	27
0	5
0	5
1	0
0	8
0	0
0	0
0	22
62	0
4	55
0	10
16	780
0	717
2	16
32	1529
1	867
0	1724
0	2106
38	675
0	101
0	709
8	200
0	182
34	9
7	106
25	182
0	239
0	1857
0	214
0	0
0	4
0	0
0	0
0	7
10	7
0	0
0	0
16	289
0	7
0	0
1	1
0	1
3	121
0	121
7	232
0	4
0	5
253	1280
32	298
102	685
0	27
0	260
1	254
0	199
29	246
11	9
0	77
0	34
0	26
2	4245
104	56
0	278
0	278
0	252
59	250
1	214
2	4035
0	225
36	265
0	120
0	69
6	6
0	266
0	266
17	53
0	53
0	0
0	0
0	0
9	343
8	229
1	189
0	315
356	254
0	129
11	51
137	4509
73	2130
0	103
14	140
49	92
31	5136
332	2358
4	52
131	994
0	197
0	0
0	264
10	298
0	749
0	651
30	0
24	23
0	188
4	185
0	20
12	1
0	0
0	0
0	0
0	0
0	0
0	483
1	55
0	259
4	347
4	347
0	483
0	346
0	132
0	482
13	256
0	332
0	40
0	428
18	135
0	3
0	3
0	22
0	0
0	15
2	36
1	71
0	0
0	0
0	0
0	0
0	10
0	15
0	0
228	17211
22	4430
0	330
453	112
364	168
0	161
0	0
16	29
12	486
0	400
26	29
0	98
9	10
5	218
12	3
0	39
7	466
27	404
0	1961
41	1712
0	320
0	1851
0	1272
17	172
0	708
3	92
13	33
3	1885
15	1710
26	1748
0	1272
2611	943
190	497
15	682
44	511
0	0
0	0
0	0
0	0
8	2094
0	279
0	131
13	3199
65	1046
0	1888
0	114
13	1186
221	52
0	0
0	0
0	0
0	1
0	1
0	7
0	6
0	0
0	7
0	7
0	0
0	0
60	5960
0	4391
304	5033
0	3040
0	1871
0	573
0	203
4	943
0	595
0	45
0	642
165	765
0	778
6	614
0	544
165	716
77	410
0	17
0	388
141	391
14	544
0	2371
0	10
0	11
0	2382
0	0
0	56
0	2331
0	5
0	2366
0	2382
0	201
0	2371
0	139
0	28
0	2301
2	0
10	0
0	6
0	6
0	0
0	0
0	2568
0	9388
0	171
26	185
0	98
97	129
60	9121
0	77
0	67
1	293
0	75
0	9116
63	79
2	99
12	63
99	607
24	2
0	40
7	88
534	8439
20	115
0	179
75	394
29	1488
0	8349
0	110
0	9222
0	17
0	0
0	17
0	9
0	9
0	0
0	17
0	9
0	0
0	0
0	0
0	0
0	0
0	0
0	8
0	17
0	0
0	0
0	0
0	0
0	0
0	0
0	0
0	0
0	0
0	0
0	0
0	0
0	0
0	0
0	0
0	0
0	59
0	0
0	0
0	0
0	0
0	59
0	0
0	7
0	0
0	0
0	0
0	7
0	0
0	0
0	0
0	0
0	0
0	0
0	0
0	0
0	0
0	0
0	0
176	108
0	108
72	3336
13	3230
18	821
77	3009
0	637
17	2121
0	1665
3	357
0	1847
0	1790
28	726
0	0
0	0
0	0
0	0
0	0
0	0
0	0
0	0
0	0
0	0
0	0
0	0
0	0
0	0
0	0
0	393
0	0
0	23
0	0
0	0
0	0
0	0
0	0
0	0
0	0
0	0
0	0
0	0
0	0
0	0
0	0
0	0
0	559
0	345
0	179
0	265
36	66
0	37
0	3
0	4
0	12
0	0
0	66
0	0
5	18179
76	2589
6	3021
24	1108
90	1820
70	293
435	784
10	169
2083	82
0	82
0	1042
0	293
0	323
0	41
0	351
0	172
0	112
0	30
26	30
0	2
0	2
0	1
4	70
0	0
0	0
41	3589
0	146
0	78
0	0
0	3591
0	3561
0	991
209	0
0	0
0	0
0	0
0	0
0	0
0	0
0	9
0	5
0	9
0	0
0	4
0	0
0	0
0	0
0	0
0	0
0	0
0	0
0	0
0	0
0	0
0	0
0	0
0	0
0	974
0	0
0	0
0	974
0	0
0	0
0	0
0	0
0	0
0	0
0	0
0	0
98	1123
0	751
0	35
0	0
0	428
1	24
1	970
0	591
48	300
3	22
0	14
0	14
0	7
0	14
0	7
0	7
0	2
0	2
24	238
3	257
33	66
2	177
0	51
13	62
0	25
4	144
22	86
0	0
58	116
6	60
0	2
0	0
0	6
18	488
0	2
0	0
0	2
5	488
0	300
0	10
1	0
6	0
0	471
0	27
0	220
0	28
1	8
0	84
0	112
0	24
456	1321
79	1304
435	1119
0	3
0	66
58	47
0	0
0	0
4	296
0	0
0	0
0	0
0	59
1	11
0	11
0	11
0	11
0	11
0	11
0	11
0	1
0	1
0	0
0	0
0	0
0	0
0	14
0	27
0	14
0	0
0	0
0	25
0	25
1	0
0	1864
0	0
0	0
53	863
0	0
0	0
0	0
0	6
0	0
0	72
1	72
0	19
0	25
0	67
954	1886
119	1886
210	846
1	70
0	21
0	69
8	941
0	941
0	0
0	0
0	0
0	9
0	0
0	0
0	0
0	0
0	0
0	0
0	0
0	0
0	0
0	0
0	9
0	0
0	0
0	0
0	0
0	0
0	0
0	0
0	0
0	0
0	0
0	0
0	0
0	812
2	821
91	51
173	395
4	254
6	210
2	0
19	1236
97	1236
6	47
6	56
1	5173
35	5129
272	2764
78	405
51	198
0	332
5	11
0	373
79	151
0	426
3	395
0	375
2	249
56	58
8	116
0	5336
1	687
0	280
22	684
0	68
0	492
0	172
51	67
3	426
5	190
179	48
100	192
1	83
0	47
0	179
0	174
9	175
0	30
0	27
1	41
0	119
0	101
180	144
5	30
0	43
0	55
0	13
0	42
3	7
0	0
0	0
0	0
0	0
0	0
0	0
0	0
0	0
0	428
9	379
0	280
0	399
0	160
0	309
0	75
5	261
3	352
0	229
45	45
16	165
5	145
0	98
0	111
0	97
0	28
0	3
0	1
0	10
0	2
4	46
1	10
0	5
4	15
0	37
0	10
0	37
0	5
0	5
0	0
0	0
0	0
0	0
0	32
1424	1125
0	911
6	14
34	34
0	0
0	4
0	4
0	0
0	0
0	4
0	0
0	0
0	0
0	626
0	0
0	0
0	0
0	0
0	0
0	0
0	0
0	0
0	0
0	0
0	0
0	0
0	0
0	0
0	0
0	0
0	0
0	0
0	0
0	0
0	0
0	0
0	0
1656	2482
85	2482
12	981
3	1342
0	1342
0	527
0	0
3	0
0	0
11	182
0	0
15	1087
32	1149
18	98
2	296
0	26
50	317
0	0
0	28
22	0
0	360
238	105
3	82
0	54
0	0
0	0
0	0
0	0
0	0
0	0
0	0
1	114
0	3274
0	4281
0	3333
0	3110
0	248
0	1
5	2471
14	3272
0	381
6	0
0	7
32	464
0	491
8	4338
0	26
0	1
0	1082
0	2657
8	406
5	467
0	718
24	256
5	468
12	584
23	772
0	4275
66	158
0	34
0	6
16	0
0	18
0	0
0	2
0	7
1	0
34	308
0	2277
51	1138
0	2174
0	2001
0	19
0	2
8	0
0	512
0	413
0	229
0	26
0	2275
0	2104
0	0
0	0
0	0
0	0
0	4
0	92
0	138
0	111
0	132
0	75
0	0
0	0
0	0
0	0
0	0
0	0
32	0
0	0
0	0
0	0
0	0
2	3559
4	251
3	2844
10	3172
13	516
16	3189
2	2070
0	482
0	311
2	13
8	1027
33	2183
0	7048
4	2167
3	2939
315	8394
0	7084
0	5853
8	7048
0	5638
0	1827
0	958
0	119
89	1204
30	1207
0	30
0	420
0	0
0	12
42	1717
0	0
0	0
0	0
0	43
0	43
0	43
0	43
0	43
0	43
0	43
0	43
0	43
0	43
0	43
0	43
0	0
0	669
14	1983
0	309
0	555
14	976
352	4885
2	4883
18	1594
0	351
0	4914
10	964
9	18
0	20
6	20
1	9
0	9
0	9
0	195
1	54
0	14
0	315
0	276
0	226
0	213
0	0
0	0
2	166
0	0
0	15
9	41
0	273
0	245
113	2749
74	2286
0	2713
6	1844
19	192
24	950
40	44
0	334
0	23
4	0
0	2717
4	2285
52	19
6	19
21	5192
123	3903
7	799
282	3237
6	302
294	643
2	368
1	5149
0	71
0	57
0	52
0	6
0	6
0	21
0	9
0	9
0	5
3	0
10	9
0	3
0	0
0	0
0	0
0	0
477	865
15	865
19	0
0	12
0	12
0	0
0	0
0	0
0	0
0	0
0	0
0	3
0	3
0	0
60	142
0	1
0	20
3	1
16	35
2	687
2	687
589	951
191	695
5	69
1	154
7	42
0	66
0	8
0	0
0	0
0	0
0	0
0	0
0	0
0	0
0	0
0	0
0	0
0	0
3	2541
1487	4321
0	46
15	3462
3	658
25	207
0	71
2	2441
4	43
0	41
0	40
0	0
101	163
0	4
0	48
0	131
2	88
0	23
0	0
0	0
0	0
0	0
1	844
15	26
0	0
0	1
0	1
0	4
0	1
0	1
0	0
0	0
0	0
0	0
0	0
1167	1716
15	1411
83	1694
0	26
304	236
5	220
3	227
0	0
0	0
12	0
0	0
1638	1337
0	1281
12	8
0	142
0	81
0	1
0	13
8	0
5	9
1	2
0	0
0	0
0	0
0	0
0	0
0	0
0	0
0	92
0	0
0	2
0	146
0	0
0	54
0	2
0	2
0	18
0	46
0	22
0	33
0	45
0	38
0	18
0	10
0	5
3	0
0	0
0	0
0	0
0	0
0	49
2	26
0	16
0	26
2	16
0	21
0	0
0	0
0	0
1	40
0	311
0	883
4	89
154	1135
0	186
132	1046
6	40
24	631
2	110
310	630
0	215
0	71
5	85
1391	2430
0	288
0	99
0	282
0	393
0	423
0	150
0	409
0	349
0	13
0	1
5	46
0	8
0	195
19	693
0	117
5	206
1	18
30	118
1	203
0	29
64	16
6	197
0	149
92	89
0	15
20	119
0	2
0	12
0	1
0	11
34	99
1	90
0	22
626	815
0	501
0	564
6	596
0	329
0	372
8	350
0	336
0	103
1	122
0	98
0	277
0	14
0	0
0	0
0	0
568	148
136	148
0	0
0	2
50	93
9	82
0	54
1	42
0	14
0	12
0	3
0	8
0	14
0	14
0	24
0	285
0	16
18	374
0	27
0	334
0	1
0	4
0	0
0	70
0	2
0	92
0	73
0	18
35	58
8	58
55	0
199	0
0	4
0	4
0	0
0	0
0	0
5	0
0	4
0	4
0	0
0	115
11	268
10	328
2	152
2	158
0	64
1	111
0	155
0	139
0	207
0	44
0	23
10	10
0	0
5	0
0	0
0	0
0	0
0	6
0	6
0	0
0	0
0	0
0	0
0	0
0	0
0	0
0	0
0	0
0	0
0	0
8	135
0	1664
189	173
0	2373
0	8589
0	8185
0	5271
0	5675
0	5010
0	4992
0	5396
0	5414
280	1307
0	556
10	652
20	92
0	0
0	0
9	1521
0	766
116	3217
1	778
114	2092
0	324
1	2709
4	781
13	2100
301	801
0	2248
0	16
2	715
0	87
1	2947
25	2285
15	142
0	233
40	2682
0	86
0	3052
363	2711
0	1374
1	53
11	87
0	178
0	192
3	1653
103	17
49	18
2	1121
13	16
111	45
34	290
142	142
58	1107
89	87
0	214
171	628
140	452
8	677
100	2799
0	4
0	50
1489	592
4	105
0	53
0	47
0	81
0	193
0	554
0	554
0	16
0	30
0	134
37	105
0	0
0	0
0	0
40	20
0	0
0	0
0	0
0	0
0	2
1	686
0	711
1	215
0	102
0	16
0	94
0	241
55	71
13	0
12	65
56	4
15	63
0	320
1	0
0	461
3	76
24	76
30	50
9	33
0	117
51	211
0	16
20	121
0	0
132	159
0	9
0	0
0	0
0	40
36	380
88	1262
0	26
4	289
7	223
2	282
0	0
0	128
18	1274
649	1593
0	122
14	982
0	114
5	380
50	828
4	474
0	206
0	563
7	492
0	0
0	0
0	7
0	0
0	0
0	0
0	0
2939	1816
7	234
13	988
0	615
2	578
0	572
2	564
1	503
13	300
0	75
50	88
0	84
0	23
0	2403
0	2129
71	94
0	2350
2292	2329
4	0
0	26
0	26
0	0
0	0
0	0
0	0
0	0
409	54
0	3
14	93
0	13
12	0
0	29
0	1
0	0
0	19
0	0
330	7151
378	438
76	438
36	1683
0	1961
0	4250
22	16027
6	2425
2	1295
0	264
0	0
12	3508
1	460
1	3420
0	10
23	21
0	201
0	2
0	71
58	140
0	0
0	1833
33	610
141	172
15	11238
16	458
0	0
29	230
0	940
0	0
0	0
0	0
0	0
0	0
0	0
0	0
6	0
22	174
0	8
24	168
0	174
701	3319
29	2018
25	3158
4	85
42	187
194	734
0	10
0	14
54	27
38	22
5	95
0	95
3	95
0	31
0	36
0	0
0	6
529	22
0	0
0	0
0	0
0	0
0	0
0	0
0	0
0	0
0	0
0	0
0	0
1	10510
95	10513
0	7747
0	7765
3	5210
0	7131
18	5897
24	4737
36	786
0	0
0	0
1328	0
0	0
0	0
0	0
0	0
0	0
0	0
0	0
0	0
0	0
0	0
0	0
0	0
0	0
0	0
0	0
0	0
0	0
0	0
0	0
0	0
0	0
0	0
0	1755
0	4157
0	35
8	128
0	36
16	130
0	31
0	40
1	49
0	25
29	102
89	108
0	40
0	6
0	134
0	165
0	3
21	3
0	0
3	8
5	15
0	8
0	7
0	8
0	0
2600	871
0	871
1	1
0	0
0	1
0	0
0	1
0	1
0	1
0	1
0	0
0	0
0	0
0	0
0	0
0	0
0	0
0	0
0	51
0	24
0	12
13	179
0	14
15	36
1	507
0	467
15	71
0	35
6	25
0	14
0	49
7	72
43	14
0	21
0	17
0	17
0	0
0	53
0	0
194	5102
137	2270
117	1089
5	621
10	288
6	348
19	247
12	147
5	6
0	215
59	10
0	5102
0	9088
222	9788
7	5918
59	2078
21	585
37	1015
10	691
6	1457
15	1552
1	286
0	2105
0	1667
0	1322
0	1089
0	735
0	685
0	700
1	897
0	308
6	0
0	1432
0	1417
0	1285
24	1275
13	19
0	0
7	0
0	15
0	0
0	0
0	0
0	15
126	56
0	32
12	18
3	0
11	27
0	53
85	59
27	648
0	518
0	0
258	349
114	697
59	158
0	645
1	82
5	638
0	637
0	0
0	346
0	0
0	255
0	0
1	678
0	0
42	206
0	0
5	1574
0	1
0	1
0	1
0	1
0	1
0	1
0	1
0	1
0	1
0	15
28	34
0	34
0	17
0	17
0	0
24	13
0	0
0	19
0	0
0	0
0	0
0	0
0	0
0	4
52	208
0	23
0	31
0	10
0	17
0	31
0	12
0	0
0	4
0	13
99	139
0	13
0	0
0	0
0	4
0	2
0	0
36	622
0	622
0	0
0	0
0	0
0	0
0	0
0	0
0	0
0	0
0	0
0	0
0	0
1	0
13	0
0	0
0	0
0	0
0	0
4	0
6	584
0	341
1	367
0	335
0	154
0	0
0	447
21	308
0	177
19	0
34	143
0	0
0	293
0	308
9	118
0	48
0	8
0	0
0	45
0	8
11	61
0	11
7	9
0	4
0	5
0	0
0	775
0	766
0	1263
0	769
0	775
0	759
0	764
0	793
6	420
0	174
0	691
0	382
0	371
0	376
0	412
0	384
0	390
0	376
0	438
0	269
0	398
5	426
0	263
0	406
0	383
0	410
0	401
0	431
0	697
0	743
0	667
0	684
0	743
0	721
0	674
1	764
1	207
0	33
0	8
0	1260
0	738
0	1263
0	63
0	0
0	0
15	443
0	394
922	887
0	18
12	42
17	0
1	42
0	31
0	24
2	42
8	0
0	0
0	0
0	0
0	0
0	0
0	0
0	0
4	0
0	0
0	0
20	1
0	309
224	336
0	8
5	28
27	19
9	145
0	4
0	35
0	0
0	0
0	0
0	0
0	0
0	4
0	4
0	0
0	0
0	0
29	1312
0	53
9	116
9	63
0	400
0	271
3842	1523
5	812
61	271
0	0
0	0
0	0
0	0
0	0
0	0
0	0
0	0
0	0
0	0
0	0
0	0
0	0
0	0
0	0
0	0
0	0
0	0
5	96
3	78
0	51
23	94
0	73
0	31
2	21
0	21
0	626
0	825
0	679
0	601
20	620
5	373
559	369
65	1403
33	850
0	602
0	610
0	33
0	842
402	789
11	202
0	580
0	34
5	205
0	20
0	86
5	292
106	1030
0	280
2	1084
7	283
0	1089
13	2
0	280
0	47
0	41
5	545
0	1301
0	551
0	120
0	116
11	59
3	1252
3	37
0	63
1	19
245	357
0	263
47	106
0	14
3	0
33	5444
0	5603
35	4926
0	201
0	2
1	416
0	426
0	125
0	99
4	43
0	173
1	24
0	169
0	176
0	42
0	0
6	4
4	0
0	0
0	0
0	0
0	0
11	854
0	0
0	0
0	0
0	0
0	0
1	44
0	342
0	170
0	143
4	93
0	368
0	14
0	571
1	4
0	709
6	702
0	562
0	2
25	14
15	113
0	34
0	73
0	36
0	48
0	22
0	0
6	76
0	517
0	421
0	18
0	1134
124	921
3	216
21	1296
89	1712
0	341
0	1153
0	21
0	0
0	1159
0	125
32	177
0	5
0	24
3	24
595	38
0	38
0	6
0	6
0	0
0	0
0	6
0	0
0	0
0	0
0	0
0	0
0	0
0	0
19	547
0	0
0	0
7	49
56	533
23	95
0	813
0	321
16	142
0	781
0	212
0	149
16	27
0	202
0	128
0	248
0	72
0	137
0	177
0	131
0	257
0	154
0	149
3	149
10	103
0	1
0	3
0	0
36	1165
58	823
18	96
0	1943
0	1846
2	252
0	1585
0	2158
25	423
0	0
0	0
0	6
0	6
4	6
0	204
0	0
0	14
1	14
3	103
0	57
15	15
4	30
3	136
0	792
1	955
0	929
10	463
57	0
13	666
43	405
0	273
5	224
0	187
0	99
0	30
0	0
0	0
0	0
6	0
0	0
0	0
0	0
0	0
0	132
3	92
0	107
0	724
0	4078
0	975
9	84
10	1061
16	130
6	984
9	9
0	1
0	1
0	4
69	4
6	147
5	4176
0	227
0	0
0	0
0	0
0	0
0	0
0	0
2	832
1	432
5	778
0	708
0	1112
0	1
0	1450
3	804
1660	0
0	67
0	0
0	0
0	0
0	0
0	0
1409	8991
13	540
12	87
0	0
0	154
0	15
5	16
40	155
83	831
121	836
20	668
17	121
4	109
0	50
0	88
0	154
11	28
0	30
0	541
0	228
550	2185
0	528
7	401
0	108
0	21
0	219
0	106
0	203
0	104
0	18
0	118
5	177
2	79
5	184
3	64
0	758
0	553
20	210
0	4221
89	472
22	700
3	378
13	702
0	306
161	229
5	124
31	280
80	3983
0	478
0	290
155	1704
0	0
0	0
0	0
0	0
0	0
0	0
0	0
0	0
0	0
0	0
0	0
0	651
0	54
6	721
3	221
68	730
11	169
0	812
0	48
23	28
21	10
0	161
2	48
0	48
0	734
20	604
0	491
3	578
3	462
1	180
0	138
10	766
0	841
2	822
0	320
0	0
6	78
188	318
0	312
0	320
0	312
0	0
0	0
0	0
16	281
0	709
267	859
5	146
261	3442
0	10032
0	127
0	107
0	628
0	5777
7	142
316	6610
180	238
34	5823
388	4209
0	10094
0	556
0	775
0	736
0	536
0	6
8	135
0	20
0	42
0	8
0	9
0	775
0	38602
0	248
0	38811
0	38870
878	19865
2	4055
105	2100
23	2752
44	2002
39	1149
2	1698
24	1547
9	606
24	927
13	119
7	102
0	38648
0	31964
0	37550
0	700
0	10768
0	11281
0	3422
0	2742
0	11856
0	8955
0	0
0	0
0	0
0	0
0	0
0	0
0	0
0	0
0	0
0	1
0	0
17	133
262	144
0	0
0	0
0	0
0	0
0	0
0	615
0	0
82	0
0	0
0	898
0	300
0	11
4	780
8	489
0	20
1	928
0	907
0	501
0	199
1	99
3	23
0	106
0	10
0	500
0	0
0	0
0	0
0	0
0	0
0	0
0	0
0	0
12	11146
664	12547
0	12193
0	10523
0	11752
8	12139
28	996
0	863
1	8671
40	1984
92	364
38	2824
539	1962
263	619
9	963
5	511
0	161
541	567
0	361
28	1101
0	872
0	148
0	374
0	669
0	444
0	373
9	167
2	191
0	20
0	20
0	20
0	20
6	25
0	15
0	23
0	18
0	21
0	12
0	4
0	12
0	4
0	4
0	3
12	5
0	0
0	0
2	3
0	0
0	5
3	5
2	0
0	675
0	677
0	0
0	0
0	0
0	5
0	0
0	0
4	0
0	5
0	1
0	0
0	25
0	37
0	43
28	255
0	5
0	0
0	0
24	19
0	10
1	0
0	14
0	0
0	5
3	626
0	611
0	358
0	27
0	20
0	76
0	44
0	45
1	41
0	22
36	35
209	10
20	0
8	10
6	0
0	0
0	0
0	0
0	0
0	0
0	0
0	0
0	0
0	1
0	1
0	1
0	1676
0	37
0	554
0	119
0	39
0	39
0	818
91	647
0	11
0	1462
0	83
0	83
0	83
0	83
0	83
0	83
0	83
0	83
0	83
0	83
0	83
0	83
0	87
0	37
0	6
0	6
0	18
0	0
0	61
0	47
0	0
0	97
0	0
0	51
0	54
0	97
4	91
0	0
0	0
0	0
0	9
0	0
0	9
0	1752
0	1716
0	160
34	207
0	5
5	279
82	218
25	104
0	70
0	37
6	53
2	0
0	0
0	0
0	0
0	0
0	0
8327	1249
32	117
28	301
17	1249
0	92
5	51
0	1879
17	7945
1	237
7	914
0	98
59	2221
7	2017
85	541
12	1454
8295	11161
20	809
0	76
0	76
326	21333
23	21333
6	21333
0	21333
62	21333
0	21333
2	21333
0	21392
16	16823
67	19590
0	1599
0	360
0	228
0	173
7	7
0	0
0	0
0	0
88	49
0	23
0	49
0	19
0	29
9	57
12	48
0	24
18	73
0	48
0	62
12	22
0	22
0	21
0	56
1064	664
3	290
0	220
0	19
15	18
0	372
36	0
0	0
0	1
0	1
0	176
3	0
0	400
9	400
21	240
0	23
0	20
1	26
0	26
0	0
0	0
0	0
0	0
0	0
0	0
0	0
0	0
0	0
0	6
2	635
0	0
0	0
0	0
0	0
0	0
0	0
0	0
0	0
13	0
0	0
0	0
0	0
0	0
0	0
0	0
0	0
0	0
0	0
0	0
0	0
0	0
0	0
0	3
0	0
0	0
0	0
0	2
0	2
0	0
0	0
0	7
0	682
0	0
0	0
0	0
153	1265
18	1281
13	160
7	159
13	206
9	58
3	1473
0	658
7	287
972	3521
81	1044
305	2448
7	184
0	0
4	13
0	13
0	1683
0	2085
0	1990
4	0
0	0
0	0
0	0
0	0
13	28
0	624
485	1478
0	0
0	135
0	150
0	7
0	58
0	122
0	138
0	10
0	10
0	96
0	83
0	85
0	139
0	0
0	29
0	86
0	129
0	74
0	84
0	147
0	20
0	140
12	35
0	68
0	141
0	86
0	122
0	104
0	119
0	94
0	135
0	15
0	5
0	133
0	115
0	0
1	229
0	0
0	126
5	157
0	128
0	119
1	140
0	77
0	93
0	77
33	160
0	10
0	0
0	55
0	22
0	22
0	12
0	39
0	41
0	0
0	10
0	66
0	78
0	23
0	58
0	35
0	67
0	110
0	66
0	137
0	80
0	56
0	21
0	0
0	112
0	54
3	99
0	108
0	32
0	33
0	41
0	5
5	1
0	52
3	14
12	231
0	264
0	53
0	51
0	73
0	0
0	0
0	0
0	0
36	146
0	58
12	204
133	90
7	252
5	1
1	825
9	278
0	217
15	517
4	222
12	1083
0	0
0	0
0	0
0	6
0	0
0	7
0	1
0	0
0	1
0	3
0	3
0	0
0	7
0	13
0	32
0	34
13	258
0	1036
0	32
0	0
0	8
25	283
323	1094
373	3009
0	350
0	22
0	1941
0	1448
0	4
0	136
32	1100
11	0
15	149
13	235
0	84
24	22
17	52
0	1862
0	1835
0	78
0	0
0	0
0	0
0	353
117	20
125	1811
0	1794
21	896
0	755
26	129
0	1794
297	164
1	197
10	43
6	176
0	0
142	511
0	404
22	230
7	18
7	1671
0	1616
0	1669
2	505
5	372
5	142
0	140
16	1703
0	2
0	2
0	0
0	0
4	0
0	8
0	20
0	26
0	10
24	26
0	544
0	755
0	745
1	107
0	358
0	219
0	236
0	152
0	109
0	107
0	68
0	44
0	605
0	583
0	62
0	110
0	97
1	40
0	19
0	50
0	21
6	6
0	33
2	18
0	0
0	18
0	26
17	43
4	44
6	1
0	25
0	11
0	16
43	75
19	112
0	104
0	62
0	110
0	94
0	17
2	51
0	22
4	59
0	69
0	7
16	16
0	18
0	3
0	2
0	0
0	9
0	1
1	1
0	0
0	0
0	303
3	163
3	167
0	255
0	119
0	242
0	38
5	71
0	9
0	51
0	57
13	169
0	0
0	0
0	53
16	210
10	187
17	18
51	14
87	396
3	1
11	740
106	1322
2880	2570
368	450
2	15
0	34
0	302
1	84
11	141
0	14
0	0
0	2
0	0
0	0
0	0
0	0
0	0
0	0
0	0
0	0
0	0
0	0
0	0
0	1028
10	108
4	30
27	7
8	1028
0	45
0	0
8	0
0	0
0	0
0	0
0	171
0	0
0	0
0	0
0	0
0	0
0	171
9	145
0	21
0	145
0	136
0	0
0	0
0	0
53	109
312	515
42	757
11	376
276	760
27	537
0	348
0	168
4	64
0	29
0	24
0	24
0	0
0	414
1	442
0	0
0	0
0	0
16	161
0	160
0	107
0	92
0	38
0	31
4	10
0	22
0	21
0	1
0	0
2	1
0	92
0	24
5	1
0	49
0	26
163	898
0	10
0	1
1	26
0	1
0	4
0	0
123	750
20	1897
1020	2553
373	953
10	121
0	114
0	53
10	49
4	471
20	190
9	184
0	44
0	265
0	133
0	60
27	35
0	0
1	76
0	8
28	110
0	6
27	77
90	52
0	18
0	85
0	34
1	8
8	9
0	18
0	8
17	38
0	38
27	1
2	46
0	15
0	3
0	45
0	0
0	0
0	40
0	45
0	52
0	41
0	45
0	0
0	0
0	0
0	0
0	0
0	0
17	0
0	106
0	24
0	23
0	0
0	5
0	5
0	0
0	5
0	10
42	5
0	106
0	51
18	109
1	639
234	881
0	48
0	191
77	95
17	332
4	307
35	160
38	109
4	231
0	0
0	0
0	0
26	24
42	83
4	921
305	977
7	49
9	135
0	246
11	464
3	1663
0	2278
0	2107
83	1853
19	1752
0	62
153	1267
30	199
29	536
3	240
44	437
322	334
0	2253
0	0
2	3
1	3
0	3
0	0
0	0
0	0
0	0
0	0
0	0
0	0
0	0
252	15741
19	12217
2562	15124
185	12875
0	4765
1	4835
43	7422
1	3887
7	25
15	4744
53	3640
30	3701
0	42
2	42
21	418
0	275
0	223
0	92
0	513
0	418
0	67
0	63
0	115
0	72
0	122
0	118
0	33
0	37
0	120
0	72
0	0
0	0
0	0
0	0
0	0
312	100
16	39
52	13
2	0
0	86
24	180
3	13
20	3
0	9
0	3
0	7
0	0
0	43
0	0
0	0
0	0
0	10
0	0
0	0
0	43
0	0
0	23
0	0
0	0
2847	28415
33	28415
42	28340
3	28348
0	0
0	0
0	0
0	0
0	0
0	0
0	0
0	0
0	0
0	0
0	0
3	76
0	0
0	0
0	0
89	193
12	161
0	52
19	51
0	53
0	0
0	0
0	0
0	0
0	0
0	195
0	148
1	66
24	88
0	0
0	76
0	195
1	218
0	195
0	125
0	195
0	0
0	0
0	0
0	0
0	0
0	0
0	46
2	0
0	0
0	254
492	280
0	268
0	242
14	299
15	286
0	179
3	19
0	0
0	0
0	440
0	484
13	479
34	293
0	297
0	22
3	3
1	0
0	0
0	118
3	105
13	259
0	66
0	167
0	170
0	152
1	156
0	110
0	0
0	1759
0	2175
0	2108
0	2280
0	306
0	1177
0	2015
0	1167
5	2033
0	1891
1	1823
0	168
0	84
32	965
0	1549
143	992
0	67
10	157
8	115
0	2219
0	0
0	0
0	281
0	281
0	291
215	282
16	279
0	56
0	7
0	45
15	6
85	5368
11	5154
77	3018
7	266
2	220
0	5132
0	0
53	1334
0	12
3	1294
0	136
0	32
0	0
0	9
0	86
5	202
0	0
0	0
0	0
0	0
0	0
0	0
0	0
0	0
0	0
0	0
0	0
0	0
158	1438
0	181
0	1424
7	584
4	1466
138	684
4	417
11	53
8	719
0	688
0	739
0	185
4	55
0	55
0	0
0	40
0	40
0	40
0	0
0	40
0	40
0	40
0	40
0	40
0	40
448	3384
329	1111
37	3425
4	3023
53	777
0	36
0	1
0	115
22	720
3	124
0	99
2	100
0	30
0	7
11	6
0	0
0	0
0	0
0	0
19	0
0	0
0	0
0	0
4	0
2	16
31	52
0	23
58	17
0	21
19	15
715	18
0	18
0	13
0	16
0	0
0	16
0	48
0	0
0	0
0	0
0	6
0	4
0	4
0	0
0	701
81	655
0	188
39	633
0	598
0	429
1	176
52	312
13	324
14	150
30	35
0	546
60	336
0	0
0	11
0	1
0	1
0	0
0	0
0	739
0	851
0	739
0	739
0	524
0	739
0	739
0	0
0	0
0	0
0	0
0	0
0	0
0	0
0	0
0	0
0	0
0	0
0	0
0	0
2	5240
0	4932
0	4925
0	3728
36	2453
0	2370
128	1576
0	316
0	315
0	207
0	142
0	48
0	20
0	0
0	0
25	858
20	306
2	679
0	517
9	645
0	306
0	302
16	5
0	138
2	253
0	196
0	185
0	31
0	238
0	157
0	83
0	16
0	0
0	602
7	219
5	26
0	20
0	5
0	188
0	219
0	217
0	0
0	0
0	0
0	0
0	0
0	0
0	0
0	0
0	0
0	0
0	0
80	590
36	326
7	470
24	89
0	41
1	0
0	428
207	201
29	203
13	66
0	57
1381	1441
0	57
7	261
0	812
51	585
0	457
0	81
0	357
691	1470
3	1455
0	268
34	172
7	146
0	149
0	1
0	94
0	95
0	64
0	71
2	39
0	72
0	1161
4	932
0	8
0	0
0	5
7	0
0	29
0	0
0	0
0	0
0	0
0	0
0	0
0	0
0	0
0	0
11	0
0	0
0	0
0	0
0	0
22	1312
0	10874
0	8406
0	5363
73	6210
0	8559
0	6832
0	6599
52	5395
1	6718
0	8557
0	3606
0	6831
0	18
0	18
0	0
0	3
0	0
0	0
0	0
0	0
0	0
11	111
0	0
0	18
0	0
0	18
0	102
0	14
0	0
0	0
0	21
0	98
0	17
0	0
0	0
0	5
0	9
0	22
0	107
0	18
0	9
0	18
0	0
0	18
0	0
0	5
0	0
0	18
0	103
0	18
0	23
0	100
0	0
0	0
0	82
0	3
0	84
0	21
0	18
0	18
0	17
0	18
0	30
0	0
0	68
0	3
0	0
0	0
0	0
0	0
0	0
0	107
0	15
2	23
0	23
0	0
0	23
0	23
17	19
0	0
0	0
8	88
0	0
0	0
0	0
0	10
0	10
0	10
0	10
0	7
0	10
0	26
0	760
0	8
4	0
0	10
0	13
0	8
0	6
0	7
0	12
0	2
22	4
3	26
0	26
0	45
0	4
0	74
7	56
0	67
0	250
17	210
0	185
0	245
0	236
5	104
0	183
0	91
0	109
2	5
0	52
3	46
0	6
0	11
0	10
0	7
0	0
0	5153
39	4965
0	447
17	1
28	147
3	3743
2263	242
0	1502
0	1
10	278
0	175
0	5126
188	528
13	3345
9	3123
46	1733
0	1553
4	119
0	136
2	41
0	3242
0	3191
0	228
0	52
0	217
0	0
0	38
0	0
0	0
0	8
0	8
0	0
3	723
0	519
0	612
0	79
7	125
411	414
2	78
9	20
0	113
0	0
0	4
0	0
0	0
0	0
0	0
0	0
0	0
0	0
0	0
0	0
0	0
1	770
0	770
12	120
0	770
0	10
0	68
0	15
0	83
0	77
0	68
0	22
0	19
0	15
0	0
0	77
0	6
0	6
0	6
0	6
0	0
0	0
0	0
0	6
0	0
0	6
0	6
9	188
0	0
0	0
0	32400
0	373
0	0
8	10282
27	22578
9	2302
0	23689
84	4256
13	22590
2	24
2	524
0	348
0	2972
7	646
0	14468
6	423
7	12431
0	111
0	179
0	66
0	8643
5	8285
13	571
4	463
0	885
0	5833
129	5615
19	1617
0	32076
0	24557
0	1538
79	121
29	121
0	25
3	40
0	48
0	348
0	298
5	40
0	327
0	196
0	283
0	60
0	50
28	421
39	142
0	108
8	99
0	9
0	0
0	56
0	9
0	0
14	48
2261	3659
1	152
0	3145
835	750
19	2894
0	180
16	550
8	121
43	305
43	110
11	420
2	845
5	253
0	0
8	2755
8	285
434	2816
0	44
77	14
1	101
0	87
10	68
0	0
0	0
0	0
0	24
0	0
0	0
0	0
0	24
0	24
0	24
0	24
0	24
0	0
0	0
0	0
0	0
0	0
0	0
0	0
0	0
0	0
0	0
0	0
0	0
0	0
0	0
0	0
0	5
0	0
0	0
0	1
0	0
0	0
0	0
0	0
0	0
0	0
0	0
0	0
0	0
0	0
0	0
0	0
6	7
0	0
1	54
0	0
0	0
0	46
0	0
0	0
0	0
0	13
0	0
0	0
0	0
0	0
0	0
0	0
0	0
0	0
0	0
0	73
0	33
0	136
0	30
0	38
0	7
0	21
0	0
0	0
0	0
0	0
5	57
0	4
0	0
0	0
0	0
0	0
0	1157
0	331
0	312
0	318
0	479
138	106
0	248
0	278
0	305
0	1151
0	20
0	308
0	303
0	311
0	299
0	212
0	236
0	250
0	242
0	201
10	10
14	15
0	2
5	152
0	130
0	0
12	116
0	232
22	71
0	200
6	11
30	212
0	147
5	86
1	80
1	79
0	67
10	67
0	53
0	43
0	13
0	4
0	1807
0	1854
0	114
3	916
0	419
15	1807
12	1708
0	0
0	0
0	0
0	0
0	47
167	52
16	263
0	0
0	8
0	10
10	1
0	0
0	0
0	0
0	37
0	37
0	125
13	372
1056	971
0	253
0	87
0	441
0	207
0	12
0	787
0	611
3	2
0	232
0	232
0	278
35	52
0	20
0	17
0	10
0	92
0	18
13	80
2	29
0	54
0	3
0	0
0	611
0	0
0	16
0	16
7	59
0	193
0	13
14	317
88	450
0	0
0	0
0	0
0	0
0	0
0	0
0	860
0	3
0	0
0	0
0	0
0	0
0	0
0	8
0	688
0	659
0	474
0	496
0	73
0	1
0	1
0	1
0	1
0	1
0	1
0	1
0	1
0	1
0	1
0	1
0	1
0	1
0	0
0	1
0	1
0	1
0	1
0	193
0	193
0	193
3	184
0	0
0	62
0	24
12	417
0	1
0	61
0	0
0	23
0	1
0	25
0	32
0	0
0	8
0	53
0	0
0	66
0	106
0	23
0	24
0	23
0	85
0	131
2	18416
40	13989
0	8816
5	77
289	14
0	5
8	133
12	3
33	446
0	92
0	277
115	67
0	1060
38	1369
0	981
13	1206
69	4723
54	6292
0	459
2	130
196	1162
43	881
0	46
12	16
4	472
7	8
53	17
0	0
0	0
0	0
0	0
0	0
2	993
20	986
6	57
5	19
0	4
35	11
0	1157
14	1032
0	374
0	641
0	724
0	780
24	326
1	716
0	358
2	457
8	190
4	1
33	138
0	2043
103	2035
0	1844
18	3
631	3
1	0
0	0
0	0
0	0
9597	4570
9	583
33	36
215	1281
48	739
0	87
0	2876
5	55
0	2757
0	0
0	0
15	3
80	3
0	50
0	9
0	0
0	0
0	1
0	0
0	0
0	0
0	0
0	0
0	0
0	0
10	0
5	91
0	63
0	13
0	62
0	76
0	66
0	0
0	0
0	0
1	142
0	142
50	0
68	10044
538	10519
5	4702
12	4887
110	478
1008	9311
40	1498
0	497
330	1015
2	596
0	512
0	462
2	1
0	50
0	82
7	147
4	111
0	91
1	41
0	96
0	88
0	87
0	87
0	16
0	807
0	5
0	52
0	653
0	3
0	0
0	653
0	6
0	6600
0	4117
0	818
0	856
0	124
12	817
17	1049
0	6420
127	2443
33	2452
0	2038
989	2098
39	236
5	208
0	46
557	46
0	1184
0	1109
0	4
95	703
5	460
27	509
1	570
1	66
17	177
0	162
0	544
18	270
0	931
0	7
0	0
0	0
0	0
4458	1040
0	991
0	410
0	0
0	0
0	0
0	0
0	0
0	0
44	0
0	213
0	0
13	56
0	213
0	0
15	22
0	22
0	0
0	0
2173	87
2	93
22	6
0	0
0	0
0	0
0	0
0	0
0	0
0	0
0	410
4	678
0	705
7	626
0	609
0	243
0	93
0	0
0	1
0	1
0	0
0	1
0	1
0	1
3	1438
10	92
79	601
4	65
40	118
0	82
0	26
0	60
0	14
41	2076
2	264
42	2246
0	44
15	662
14	210
0	157
0	73
0	26
0	1
0	1
15	107
423	46
0	0
0	2
0	28
0	0
0	0
0	2
10	2
0	28
0	0
7	0
0	0
4	0
0	0
0	0
0	0
0	0
3	234
0	6
0	6
0	0
0	0
7	127
0	0
0	0
0	0
0	0
2	1
0	0
0	0
0	0
0	0
0	0
0	0
0	0
0	0
0	0
0	0
0	0
0	0
0	0
0	0
0	0
0	0
0	0
0	0
0	0
0	0
0	73
0	73
0	13
0	0
13	232
8	167
0	0
0	0
0	0
0	0
0	0
0	0
0	0
0	0
254	449
7	109
0	13
13	166
0	305
0	86
4	30
22	16
6	11
0	37
23	15
16	40
0	45
6	8
0	29
0	3
0	20
87	1819
5	109
2	103
0	50
0	57
41	61
0	57
0	103
0	103
0	0
0	0
0	0
0	0
0	3168
0	70
1	2941
0	2644
0	2259
15	204
4	2973
5	3106
10	54
14	3302
0	3031
0	3012
0	11
57	3163
5	45
42	2986
0	25
17	64
0	193
53	650
374	886
0	145
2	938
0	151
0	1262
0	932
0	267
0	101
0	54
0	243
0	385
0	492
0	42
0	72
227	420
2	26
3	131
33	353
0	1
0	43
5	87
0	46
0	21
0	33
0	127
13	17
5	129
0	134
22	32
0	23
1	20
0	31
5	2
13	124
0	49
32	674
0	325
0	233
1	328
0	189
2	250
21	199
0	250
0	200
0	199
0	137
0	0
0	0
3	3
11	498
0	176
17	233
77	206
5	185
27	390
5	251
0	496
6	79
0	2
0	507
24	136
15	172
0	66
0	111
0	44
8513	313
0	11
5	0
10	16
0	0
13	31
1	796
0	3
0	2
0	1
0	1
0	0
0	0
0	0
0	0
0	0
0	0
0	0
0	0
0	0
0	0
0	0
0	0
0	0
0	0
0	0
779	1066
3	941
0	497
783	591
0	392
5	591
7	439
0	0
0	0
0	0
0	0
0	0
0	0
0	0
0	0
0	0
0	0
0	0
0	0
0	0
0	0
0	0
0	83
0	12
0	82
0	82
0	0
0	0
3	0
0	0
0	0
26	39254
65	38987
27	38921
2	36335
0	37752
0	38810
0	38798
0	38811
703	36828
11	36917
28	29205
39	6792
0	2423
0	936
160	795
114	9123
1	6295
936	5509
0	232
2	233
0	129
3	574
0	0
0	0
0	0
0	111
10	669
6	660
0	463
33	1455
0	1639
23	1024
91	1412
54	1020
0	1109
20	1479
5	899
37	1024
2	514
1	268
0	102
309	561
0	1334
11	1417
0	510
6	505
1	199
1	418
0	23
0	77
0	443
0	447
0	86
0	417
0	32
0	399
0	35
0	19
17	47
0	9
0	8
0	0
0	0
0	20
0	0
0	344
0	0
0	0
0	0
0	0
0	0
0	0
0	0
19	231
0	0
0	0
0	0
1	126
0	0
25	22
0	0
0	0
0	91
5	211
0	163
0	5
5	211
0	0
0	0
0	0
0	0
0	0
0	0
844	3227
3	348
14	202
3	24
13	201
18	3107
1	60
0	0
0	44
25	50
0	47
0	6
0	39
0	9
0	0
0	9
0	3
0	6
0	7
0	12
0	15
0	33
14	20
0	6
0	15
0	9
0	27
0	44
0	44
0	1537
272	1742
0	1745
12	1675
0	955
0	1151
0	880
0	885
0	757
3	404
0	2
7	52
0	304
44	113
0	233
0	66
1	41
3	97
0	104
5	43
8	10
10	3
0	1460
4	4
0	4
2	62
0	0
0	0
0	0
52	6
574	1488
0	41
0	1217
0	107
0	25
0	1248
0	1143
0	1207
0	189
0	189
5	157
0	1018
0	1013
0	84
0	76
0	3
0	50
28	116
0	174
0	159
0	111
0	265
104	74
14	159
73	204
11	183
4	50
0	64
68	16
1	0
18	16
0	132
35	1928
18	1462
0	1235
0	1460
0	2453
0	1349
0	1460
0	1461
0	1906
0	1461
0	1463
22	1153
0	1463
0	1184
0	1308
0	1563
0	1634
0	1652
0	1494
0	1443
0	1606
0	1255
0	1397
0	1395
0	1345
0	987
0	1295
0	1120
0	1279
0	753
0	312
0	125
0	122
0	4
6	4
0	0
1	50
0	0
0	0
7	0
0	0
1	195
18	649
8	79
0	123
3	527
5	56
36	291
20	52
7	0
0	157
250	163
0	61
0	7
0	7
0	7
0	83
0	83
0	83
0	83
0	83
0	83
0	83
0	83
0	83
0	83
0	83
0	83
0	0
0	0
0	0
0	0
420	394
6	482
109	98
98	284
0	130
0	83
17	87
0	441
0	3
0	72
0	69
0	33
0	5
0	32
0	27
28	0
0	0
0	0
0	0
2	0
0	0
24	0
0	0
23	780
0	0
0	0
0	66
0	0
0	0
0	70
0	0
0	55
0	710
0	689
0	949
0	33
0	12
0	0
7	317
0	0
0	0
0	770
0	0
0	0
0	0
0	0
0	0
51	448
317	1804
0	1446
0	671
0	373
11	44
0	0
0	0
0	0
0	0
0	0
0	0
0	0
0	0
0	0
19	46
10	35
0	31
0	39
0	46
21	9
7	0
4795	1276
19	1276
0	247
0	61
0	61
0	35
0	437
0	437
26	100
0	0
2	25
0	0
0	0
2	116
0	0
0	64
5	5
0	69
0	0
0	0
0	3
0	35
0	0
0	67
7	8
0	8
346	440
0	114
0	0
4	149
8	309
6	58
4	14
62	229
3	38
0	21
4	0
0	0
1725	0
0	0
0	0
0	8
0	8
0	8
0	0
0	0
0	0
0	0
0	0
0	0
12	4
0	4
0	0
0	0
0	73
0	0
3	73
0	67
0	6
0	0
0	0
0	6
0	64
0	27
0	34
0	0
0	18
0	0
0	18
0	0
0	0
0	0
0	0
0	0
0	0
0	0
0	0
0	2566
36	146
2	22087
13	12263
0	0
0	79
0	61
164	105
17	4590
0	8115
39	338
8	170
6	15
0	0
207	251
81	358
3	211
113	2804
0	115
15	63
107	0
12	489
0	19895
0	10
8	2137
1	3557
464	4805
0	2529
0	101
21	49
3	56
0	123
24	3391
0	464
0	743
0	474
9	284
0	275
6	192
0	277
0	256
0	50
1	97
0	41
0	38
0	72
0	44
0	330
260	105
0	51
0	54
0	0
0	0
0	0
0	0
0	0
0	0
0	0
53	382
0	7
0	0
0	0
0	0
0	514
0	487
10	582
0	487
2	469
3	559
0	568
0	158
0	152
0	244
0	152
0	152
0	81
0	1434
0	6
0	17
11	14
11	1040
0	1041
0	1101
2	840
0	1416
18	14
0	20
0	1101
0	0
0	1006
20	1159
2	1076
22	1116
0	825
0	915
2	946
0	533
16	500
0	632
0	665
0	576
0	426
1	312
0	53
0	186
0	98
1	73
6	0
17	1118
10	0
11	0
5	0
0	0
0	0
0	0
241	423
4	400
0	48
0	66
1	51
0	0
0	0
0	0
0	0
0	0
0	14
0	0
0	0
0	1866
0	1980
0	289
5	10
0	166
6	198
0	127
0	124
0	125
0	100
14	68
7	66
14	10
2	591
0	188
0	110
5	252
23	263
0	514
2	459
3	481
0	380
0	135
0	113
12	75
5	427
13	307
0	313
0	154
9	10
0	577
3	0
0	3748
0	2979
11	1326
0	941
0	111
0	110
0	15
0	29
0	16
0	8
0	25
0	14
0	16
0	8
0	0
0	0
0	0
0	18
0	8
0	0
0	8
0	0
0	0
0	0
0	0
0	0
0	0
0	0
0	0
0	0
0	37
0	37
2	4
0	32
0	4
0	4
0	4
0	4
0	4
0	4
0	32
0	33
0	0
0	0
0	0
14	131
0	4
1	0
0	0
0	0
0	0
0	0
0	5
0	5
0	5
0	5
0	0
0	5
0	0
0	0
0	0
0	0
0	0
0	0
0	0
0	0
0	0
0	0
0	37
0	37
23	4920
0	1282
0	158
0	33
14	1727
0	0
0	411
0	148
98	2689
0	461
322	1834
15	355
0	290
0	155
29	361
0	3050
0	4732
0	1277
0	777
0	136
5	129
0	794
0	24
0	33
0	13
0	0
0	34
0	34
18	750
24	761
0	740
0	712
0	761
0	0
0	0
0	0
0	0
0	0
0	0
0	0
1	0
0	60
0	60
0	0
0	0
0	0
0	1107
173	3329
0	3329
0	0
0	0
0	0
0	0
0	0
0	0
31	53
0	14
10	39
0	714
2049	0
0	0
0	0
0	0
83	24
0	24
6	0
0	0
0	0
85	664
2	31
6	48
18	635
0	73
0	0
0	0
0	0
0	0
0	0
398	313
13	58
0	0
0	76
0	0
3	276
3	78
0	38
0	20
0	7
0	9
22	0
0	275
407	1209
9	1214
10	558
0	266
1	29
0	24
0	12
0	3
0	19
13	161
1717	743
5	108
0	14
17	350
11	450
0	274
3	202
0	149
6	51
78	6964
2	518
0	349
0	349
173	15
0	6503
16	6281
19	801
0	989
0	993
0	0
0	0
0	0
0	0
0	0
0	12
0	0
0	6
0	0
0	0
0	12
749	382
9	1
17	185
2	184
0	49
0	2
3	61
0	0
0	1
0	0
0	0
0	184
0	0
0	0
0	0
0	0
4	79
0	2
0	0
0	72
0	79
0	0
0	0
0	0
0	0
0	0
0	0
0	0
13	23
1	0
1	0
0	764
0	946
0	0
0	3
0	0
0	2
11	2
0	0
0	0
1	2
0	0
0	0
6	111
0	0
0	0
0	0
0	0
0	0
0	0
0	24
0	24
0	35
0	10
6	33
39	26
0	0
3	36
0	15
0	15
0	24
0	17
37	133
93	751
2	542
142	517
1	95
8	93
36	1095
57	986
0	0
107	211
0	16
0	0
0	0
58	216
0	788
33	1008
0	810
0	934
0	15
12	779
0	283
0	86
0	87
2	119
0	649
29	269
0	538
3085	112
4340	229
0	190
32	39
0	0
0	227
1	254
6	94
5	84
6	27
0	0
0	11
4	208
0	63
0	197
15	19
0	21
0	8
16	21
4	29
0	0
0	0
36	394
9	429
5	116
14	272
18	104
15	148
80	25
0	86
0	0
0	0
0	1156
0	1118
5	1149
0	21
0	901
0	119
0	1169
0	1127
0	1203
0	787
0	858
0	119
3	165
0	1089
0	1166
0	879
0	879
0	0
0	0
18	6899
5672	7085
0	6273
7	4919
25	6385
354	2304
0	6088
25	405
0	970
0	905
0	83
0	578
0	102
8	562
0	81
12	1058
0	1145
0	1100
0	1059
0	57
0	925
0	636
0	874
0	874
0	1075
5	102
3	96
0	413
0	497
38	449
0	1069
7	336
0	1141
0	178
0	502
0	99
0	80
0	228
37	500
0	250
0	564
0	17
0	137
0	18
0	40
0	39
7	457
0	489
0	183
0	1014
0	125
6	242
0	139
0	180
0	0
0	0
0	3
0	78
0	0
0	0
0	5
0	19
0	14
2	19
0	58
0	0
0	3
0	3
0	3
2	25
0	0
0	10
0	0
0	0
0	3
0	3
0	3
0	0
0	6
0	0
0	0
0	0
0	0
0	0
0	158
0	3
0	4
0	0
7	3034
0	3032
3	1252
49	344
5	2429
68	32
263	1579
2	40
1	1510
1	30
0	29
0	5
231	26
0	25
0	26
678	732
7	732
8	131
336	1864
0	1517
0	713
29	13
1	6
20	7
16	11
0	0
0	219
6	6
106	1277
12	290
0	0
203	0
0	0
0	0
0	0
0	23
0	0
0	7
2	23
0	0
0	16
1	58
0	8884
18	2483
0	9047
17	2865
0	3308
0	53
0	40
0	8142
5	2576
4	7133
0	8656
0	0
0	0
0	0
0	0
0	0
0	0
0	4
0	0
0	0
0	0
1	104
13	106
6	65
0	5
0	2
108	251
18	251
0	0
0	0
0	0
0	0
0	0
0	0
0	0
0	0
0	0
0	0
0	0
0	0
0	0
0	0
0	0
0	0
0	0
0	0
0	0
0	0
0	0
1	23
102	1825
15	11
0	49
0	2
0	235
0	0
0	0
0	0
0	0
0	0
0	0
0	0
1	390
26	462
40	94
2508	3574
0	113
14	21
0	131
0	19
0	3309
2	19
0	16
0	1702
9	1359
0	314
120	668
0	669
8	907
0	182
12	21
14	187
0	109
0	69
0	2
3	799
0	565
58	8
0	8
0	0
0	0
0	2
0	0
0	0
0	4
0	0
0	4
0	4
8	262
0	4
12	6
2	6
0	6
0	0
0	0
0	0
0	0
0	0
0	0
0	0
0	0
0	128
0	0
0	0
0	639
132	674
0	685
6	0
0	0
3	19
0	0
0	65
0	26
0	7
0	79
0	14
4	14
0	5
0	673
0	11607
153	3078
0	19148
65	200
0	388
14	21274
1	7511
0	0
0	0
0	0
0	0
0	157
3	137
37	152
10	1
0	8
0	51
0	0
85	0
0	0
11	0
0	1639
0	1639
4	138
1	469
0	3398
0	729
0	535
12	538
24	621
1	414
0	298
0	109
0	97
12	1
0	3339
83	1334
0	126
7	4
0	14
0	41
0	1308
0	0
0	0
0	0
0	0
4	131
68	663
0	216
0	13
0	12
5	102
0	204
0	0
0	168
18	671
16	4
541	133
21	91
0	95
0	38
0	8206
71	7556
0	8712
7	2189
14	9571
11	6793
231	728
0	3278
316	168
21	6694
15	153
0	7342
1	5915
0	6083
46	1959
26	5137
1	351
516	4700
50	269
313	1317
53	3724
9	84
252	2589
0	1764
0	8931
0	7982
0	0
0	3
0	16
0	0
0	0
0	16
0	3
0	0
0	0
0	406
0	315
0	449
0	949
0	1079
31	29
5	38
0	56
0	55
0	0
0	45
0	59
0	0
0	0
0	24
0	13
0	14
0	5
0	4
0	3
0	1
0	21
0	3
0	0
0	2
0	0
0	0
0	45
0	55
1766	706
16	438
3	34
3	205
0	126
0	0
21	1508
0	1508
930	333
3	138
1	202
7	19
75	244
3	191
20	116
0	58
0	1269
38	245
0	1114
0	34
3	622
164	0
1	0
31	342
0	12
0	9
0	1270
0	4
0	4
0	4
0	4
0	4
0	4
0	4
0	0
0	0
0	0
0	0
0	0
0	0
0	0
0	277
26	276
0	396
6	295
1	10
0	143
6	108
0	23
0	41
6	465
0	20
396	223
2	173
0	186
0	23
0	0
279	26
2	53
706	768
0	140
0	124
6	326
22	147
0	0
0	151
0	151
0	10
0	0
12	132
0	1
0	1
0	1
0	1
4	14
0	0
0	0
0	0
0	0
0	0
0	0
0	1
0	0
0	93
0	93
0	40
0	83
0	410
0	31
0	31
0	2
0	68
0	0
0	0
0	24
0	0
0	3
0	0
0	410
0	0
49	78
12	27
17	728
0	36
0	9
67	106
1	43
0	25
0	750
1	2
15	727
137	676
0	608
3	92
48	415
8	62
46	11
0	44
0	558
3077	1028
0	1038
0	1025
0	986
0	1025
0	1025
0	1026
4	1002
7	44
0	1008
0	1040
0	192
0	908
0	0
0	783
0	55
0	1040
0	83
0	78
0	81
0	92
0	112
4	17
3	0
4	27
0	31
23	1867
0	1764
59	1657
0	1245
13	106
14	31
18	218
1	32
0	101
0	83
3	19
0	135
16	79
0	1764
0	1252
0	467
21	640
0	672
0	133
0	133
5	72
11	15
9	13
28	16
39	12
0	0
0	0
0	0
0	0
0	0
0	0
0	161
0	5459
0	0
0	0
9	8
0	6930
0	191
0	740
0	784
0	5420
0	255
0	4028
6	1170
0	3774
1	918
0	4234
37	345
1065	2318
80	1551
66	1893
0	1038
36	557
81	288
0	4312
2	6593
37	688
5	429
22	447
0	7
0	39
0	44
0	25
0	26
0	38
0	31
10	174
1409	323
0	35
0	180
0	0
0	0
0	0
0	0
0	0
0	0
0	0
0	0
0	0
0	0
0	491
0	0
0	491
3	609
0	575
5	630
30	249
0	176
0	125
4	148
0	40
0	15
27	4
0	0
0	0
0	0
0	0
0	0
97	82
39	78
11	10
0	5
0	5
0	5
0	0
16	5
0	0
0	0
0	0
0	0
6	0
0	0
0	0
0	0
0	0
0	5
2	5
0	0
0	0
0	0
0	0
0	0
0	0
0	0
0	0
0	0
0	0
0	0
0	26
0	2
0	0
0	0
0	0
0	0
0	26
0	2
0	0
0	0
0	0
0	0
0	0
0	0
0	0
0	0
0	0
0	0
0	0
0	0
0	0
0	0
0	0
0	0
0	0
0	0
0	0
0	0
0	0
0	0
0	0
0	0
0	2
0	2
0	1
0	1
0	0
9	1808
0	1808
0	44
0	31
0	42
0	22
0	7
0	0
0	0
3	16
0	94
0	105
0	2
13	13
0	0
10	20
0	20
10	0
7	566
19	532
16	545
1	163
30	130
28	78
0	57
0	14
204	651
57	3575
26	1046
9	2802
3	12
4	2022
7	1082
10	1947
0	2321
0	1604
0	2674
0	92
111	65
1	2034
1485	17
0	0
0	0
0	0
0	0
0	0
0	0
0	0
0	0
0	0
0	0
0	0
0	81
0	0
0	0
0	0
0	0
0	0
0	0
0	0
0	0
5	310
0	0
0	0
0	0
0	0
0	0
0	0
0	0
0	0
0	0
0	0
0	0
0	0
0	83
0	12
0	1
0	82
0	82
0	0
10	1720
0	0
0	0
0	5
0	0
0	17
0	0
6	133
31	80
0	20
2	51
164	1177
0	68
3	13
0	16
408	739
3	740
22	130
48	0
86	120
7	10
0	0
0	1339
0	490
0	84
0	84
0	23
8	1275
187	696
0	1305
0	90
1	555
20	439
0	140
0	52
17	56
0	37
0	0
11	95
0	95
0	52
0	58
0	9
0	0
3	9
0	9
0	0
0	0
0	0
0	0
0	0
0	0
0	36
0	36
0	32
8	24
0	5
0	23
0	4
0	6
16	5690
0	94
6	156
0	1589
9	1033
24	126
9	689
106	5458
0	4602
5	5
5	314
7	150
0	260
5	158
24	2009
8	74
3	0
80	34
9	503
0	13
6	113
22	118
409	4814
0	0
0	0
9	140
0	152
0	147
0	79
4	31
0	41
0	31
0	11
42	201
0	14
0	0
0	0
0	0
0	0
0	0
0	0
0	0
0	0
0	0
0	0
243	1480
4	2412
0	1107
47	754
1	213
38	344
0	108
3	97
0	0
4	2
0	106
5	93
41	106
0	43
1	56
0	0
0	0
0	0
0	0
0	0
1255	911
0	0
0	224
0	443
17	243
0	144
3	106
2	2024
0	34
19	2024
0	1627
0	0
18	0
14	106
0	413
26	287
13	321
19	34
0	34
0	40
0	40
0	40
0	0
0	36
0	36
0	0
0	4
5	350
0	0
0	100
4	805
0	40
0	36
0	4
0	0
0	0
0	6
0	0
0	6
0	0
0	0
0	0
0	0
0	0
0	0
0	0
0	6
0	17
0	17
0	0
0	0
0	29
0	29
0	29
0	0
0	0
0	0
0	0
0	0
0	30
0	1
0	29
0	114
23	495
18	0
0	0
0	223
0	55
5	109
0	75
0	28
0	73
5	131
0	106
0	31
0	101
0	0
0	0
0	0
0	0
0	0
0	0
0	1
0	1
0	1
0	1
0	0
11	0
0	0
0	0
0	0
1	0
0	0
0	0
0	0
0	0
0	1
0	0
0	0
0	0
0	0
0	0
0	0
0	0
0	0
127	668
17	668
0	0
0	0
0	0
0	0
0	0
0	0
0	0
0	0
0	0
0	0
0	0
0	0
0	0
0	0
0	0
0	0
0	158
4	49
0	1017
301	57
2	49
0	975
0	884
0	820
0	81
0	810
62	499
6	63
0	254
0	921
1392	139
0	101
30	38
619	1765
16	368
1	448
0	34
13	136
195	1307
0	75
0	226
0	211
0	211
0	726
39	925
1	1220
11	1254
0	353
9	494
0	389
7	768
0	673
0	77
13	12
0	67
0	117
2	113
2	42
474	2176
0	2192
7	1726
0	1542
153	1874
24	126
8	92
3	30
0	10
75	7
0	2187
0	0
13	939
112	1359
0	1736
0	1251
76	1714
72	2863
0	1028
0	821
0	11
205	1328
0	215
5	1352
1074	1507
0	1096
0	2
0	57
0	91
0	0
0	12
0	185
0	14
0	27
0	8413
36	8382
19	1387
55	8568
31	585
676	5643
0	8222
0	1700
9	376
4	18
0	7388
4	1061
0	48
0	1916
6	759
22	149
0	144
0	1874
2	175
160	1780
2	5243
0	0
0	0
0	0
0	0
0	0
10	46
0	0
0	0
0	0
0	97
25	463
0	25
0	0
41	1159
0	105
1	6
12	11
14	102
133	0
48	0
0	0
0	0
0	0
0	0
0	0
0	0
0	0
0	161
0	113
0	61
0	54
0	21
0	41
0	0
0	2297
81	2905
482	2909
21	4756
7	319
11	257
81	20
136	117
8	0
7	4756
0	0
0	0
0	0
8	139
0	94
2033	324
2	167
0	15
0	7
0	7
0	0
0	0
0	15
0	7
0	0
0	0
0	0
184	383
7	68
3	348
54	160
0	312
0	334
4	282
0	342
0	333
0	368
0	287
0	317
0	288
3	56
28	167
0	146
0	33
54	3823
124	1492
13	312
8	758
0	3378
32	1279
0	1310
0	1204
13	307
0	898
2	691
0	130
4	140
6	7
0	109
9	181
0	59
4	51
0	0
2725	0
0	308
0	303
0	308
0	14
7	224
0	51
0	213
0	215
0	72
23	154
0	38
0	115
0	0
5	100
0	0
0	860
0	22
41	49
5	8
43	106
0	157
10	5
0	5
0	839
0	26
0	533
0	2852
0	5
0	270
0	14
0	15
0	44
0	55
0	3
0	21
0	62
0	217
1	8
0	39
0	2705
0	2774
0	41
4	2777
0	2811
7	2748
0	2808
0	2766
16	64
0	0
0	0
0	0
291	64
0	0
0	0
0	0
0	0
0	0
0	0
0	0
51	541
78	370
2	463
0	104
22	448
0	196
2	77
0	0
0	0
0	0
0	0
0	0
0	0
0	0
0	0
0	0
0	0
0	0
0	0
0	0
0	0
0	0
0	0
0	0
0	0
0	0
0	0
0	0
0	0
0	0
0	0
435	105
0	99
458	201
167	201
60	56
1	165
3	144
3	0
0	18
0	16
7	20
0	7
0	20
0	7
0	1
0	0
0	20
33	3246
8	254
0	3178
15	3173
67	64
23	3259
0	211
0	102
0	978
5	947
4	467
0	72
0	20
0	1549
28	17
0	17
0	15
0	0
411	2424
19	224
44	265
0	1801
0	1649
0	13
0	15
0	15
0	296
75	296
0	61
0	0
0	64
0	39
13	10
0	7
0	0
0	0
0	0
0	0
0	0
0	11
0	451
0	6
0	6
0	6
0	1
0	6
1633	8
0	4064
0	1462
4	52
37	458
0	1217
0	1379
11	1203
0	1649
0	3930
9	212
10	15
0	45
22	66
2	146
21	16017
7	5826
105	1757
68	11475
2	8743
2	11923
0	924
0	6753
0	8325
0	6298
3	4315
19	13612
1	9627
14	857
0	700
250	189
0	189
13	62
111	33
23	781
7	123
1	177
0	278
42	251
0	13
16	12
0	0
0	0
0	2
0	3
0	2
0	2
0	3
0	61
0	8
0	30
0	10
0	0
0	0
0	0
0	2
0	0
0	2
0	53
0	0
0	2
0	0
0	0
0	63
0	10
0	1
0	53
0	20
0	11
162	114
0	95
0	86
0	122
0	36
0	36
0	84
0	44
0	70
0	20
1	69
0	73
0	35
0	0
0	29
0	79
0	0
0	0
0	0
0	0
0	0
0	0
0	0
0	0
0	0
0	1493
0	614
0	212
4	577
0	96
4	1019
0	26
0	285
0	0
213	140
0	97
2	65
0	58
0	26
14	89
0	12
2602	1546
5	93
20	150
0	0
17	98
8	1211
73	24
0	0
0	0
0	0
0	0
0	0
0	0
0	0
0	0
2	0
0	0
4	107
0	64
0	2
4	68
0	0
0	0
0	0
352	223
0	70
0	187
597	256
0	339
0	255
32	29
3	489
0	0
0	0
0	0
0	0
0	0
0	0
0	0
1098	917
0	369
16	453
0	0
0	0
0	0
0	0
0	0
0	0
0	0
64	995
10	411
0	87
1	32
0	996
1	37
0	0
0	26
1	27
0	7
4	1
0	0
0	0
0	26
0	9
0	26
0	26
0	1
0	0
0	26
0	0
0	786
0	12
0	972
0	13
0	1020
128	901
0	1312
0	880
0	1151
0	1098
2	902
19	123
6	95
0	257
0	93
0	177
0	43
8	79
58	41
0	54
0	54
0	70
0	77
0	96
0	63
0	51
0	25
0	43
6	1281
0	25
0	24
107	1558
21	0
0	150
0	464
15	0
0	98
5	1293
0	1160
2	1285
0	1
0	0
0	0
0	0
0	229
12	2120
0	902
0	125
0	167
0	138
0	110
0	208
0	355
0	87
0	97
0	408
0	360
0	478
0	243
2	0
0	94
0	224
18	282
7	126
0	150
0	183
37	186
0	23
2	11
0	11
0	9
0	0
0	0
2	0
0	0
0	0
0	0
0	0
2	148
0	0
7	310
6	2392
613	2782
140	358
0	35
386	840
0	0
8	63
16	120
17	46
0	51
3	34
0	1
0	0
0	5
0	12
0	12
0	0
0	22
0	6902
19	33
0	6956
15	4335
14	65
7	6624
0	121
13	60
0	6846
0	6787
60	0
11	373
4237	170
6	142
437	28
0	64
0	477
0	0
0	15
0	15
0	15
0	15
0	64
0	496
0	13
0	64
0	64
0	64
0	179
0	0
0	268
0	0
0	0
0	25
0	25
7	25
0	0
0	0
0	0
0	0
0	0
0	0
0	0
0	0
5	925
126	923
0	908
14	888
53	108
7	758
0	382
46	86
390	82
411	1
0	922
3	908
35	676
6	1046
9	919
1	979
0	619
0	193
61	97
0	9705
0	303
440	9770
2	8749
0	267
39	9750
99	9705
0	9105
3	20
23	526
600	7484
39	544
0	328
4	2017
83	3404
0	3082
0	11
0	11
0	11
66	407
2	0
0	35
0	468
70	6807
388	6720
4	42
6	5852
0	0
26	133
174	191
0	15
0	21
10	32
29	153
0	0
0	0
0	0
0	21
0	0
5	21
0	2
0	15
0	15
0	4
0	8
9	53
4	0
16	53
0	0
0	0
0	0
0	0
0	0
0	0
0	0
0	0
0	0
57	35
0	15
0	0
0	0
0	0
0	0
0	0
0	0
0	0
72	211
4	98
0	73
10	227
16	510
214	1037
0	429
4	155
38	81
0	41
0	50
0	47
3	5
1	1598
1	1747
1	1865
0	436
0	453
0	185
0	7
0	4
0	7
0	0
0	4
0	0
0	0
0	0
0	8
0	8
0	8
0	0
0	0
0	0
0	0
0	0
0	0
0	0
4	202
3	789
0	0
1307	789
0	0
0	14
0	14
0	0
0	0
0	0
2	0
3	7
11	7
0	0
0	61
2	12694
0	12665
0	12631
0	5720
55	438
0	4134
0	12627
0	1054
1	2816
0	162
1	24
41	280
0	0
0	0
0	0
0	1171
356	2000
0	371
21	1472
0	1012
7	1017
0	1462
34	1259
0	689
19	182
0	362
0	665
12	546
15	343
4	211
0	167
0	177
13	164
39	6
2	36
7	151
15	39
10	14
1	13
0	21
0	21
0	0
0	0
0	0
50	0
0	1688
0	54
4	188
3	1202
0	1596
0	0
39	1549
3	589
0	134
4	477
0	287
0	174
31	83
0	73
0	29
0	46
0	14
18	112
0	63
0	1056
1444	16081
9	9406
188	21692
72	18717
181	13240
0	5443
302	18
29	160
0	0
1	95
0	3
0	160
0	43
0	0
0	0
0	0
0	0
0	0
6	22
0	0
0	0
0	0
0	0
0	0
2	0
4	0
0	0
9	0
0	0
11	1569
0	12
0	0
0	0
0	12
1150	1847
67	780
31	1073
42	63
0	25
0	19
0	18
11	16
0	0
0	0
1	0
0	0
0	0
0	0
0	25
0	16
0	786
379	1231
0	1231
0	1791
30	96
222	2905
222	2518
1255	907
0	1804
60	1661
8	121
2	19
0	51
0	103
0	41
0	67
19	98
0	42
0	42
6	54
0	101
0	98
0	44
0	0
2	440
5	557
3	139
0	198
0	0
1	184
0	35
0	464
10	414
3	19
10	24
0	0
0	0
74	194
0	211
0	351
0	27
0	0
0	288
0	109
53	1584
0	1492
0	435
0	22
2	3
6	28
5	7
0	89
0	81
0	88
0	45
4	0
0	0
0	58
0	377
0	19
0	13
4543	2784
71	1383
3	401
556	1581
3	456
10	596
21	730
0	421
318	492
1	333
26	132
0	7
18	92
98	17
0	1148
132	222
10	229
10	118
0	79
0	0
0	0
0	0
0	0
0	0
21	533
135	687
4	634
3	190
10	11
2	37
63	45
0	2
0	342
0	0
0	3076
0	3076
0	564
20	346
6	0
23	244
7	3140
0	3093
0	517
0	3128
0	0
0	0
0	0
0	0
0	0
938	135
10	0
0	31
0	14
21	10
78	2862
391	2829
0	2631
0	2398
19	26
0	2652
0	1988
0	16
2	39
0	162
9	305
27	0
0	751
7	847
26	334
0	140
5	183
1	31
4	25
0	23
0	28
0	1
0	0
0	0
0	0
0	23
36	37
0	0
0	30
0	36
0	3
0	3
0	18
0	15
0	14
0	14
0	21
230	188
71	216
0	944
0	933
0	753
10	1047
0	95
29	3
0	82
0	189
0	0
0	1037
33	1860
10	1682
17	505
12	34
0	1860
0	0
0	0
0	0
37	801
14	136
0	128
0	136
70	4222
33	1645
221	2413
8	116
1	2238
10	52
0	141
2	33
5	71
1	213
85	33
0	27
60	385
53	191
0	0
0	0
0	0
0	0
0	0
1338	1994
13	1400
9	1685
8	462
0	0
0	0
0	0
0	0
0	0
0	0
0	0
0	0
0	0
0	0
0	0
0	0
0	0
818	847
20	640
15	1
16	348
3	495
0	334
7	0
0	69
0	185
0	455
7	97
0	254
0	0
0	0
0	9
0	9
0	0
0	0
0	0
0	0
0	0
0	0
425	3472
17	34
33	249
0	1873
37	1433
0	507
0	144
0	31
0	12
0	455
0	423
2	471
0	436
2	20
0	410
0	342
0	454
0	417
0	415
0	409
0	398
0	444
0	397
0	447
0	412
0	397
0	397
0	342
0	406
0	397
0	419
0	87
0	358
56	287
0	28
26	485
0	0
0	0
622	1103
7	258
24	976
7	194
0	72
1	832
0	1861
4	1643
5	42
0	733
3	77
2	211
26	587
2	34
0	102
0	69
0	74
0	41
0	40
0	25
0	34
0	4
0	0
1	4
0	0
0	0
0	0
1	0
0	0
0	0
31	0
100	0
114	74
0	62
0	74
333	0
994	207
1	169
1	71
0	6
0	6
0	9
0	0
0	6
0	0
0	0
0	0
0	0
0	0
0	0
0	0
0	0
5	10
0	0
0	24
0	24
0	18
0	18
0	0
0	2
0	24
0	18
0	2
0	5
0	0
0	0
0	0
3	10
23	4203
3	4020
3	508
1	3355
24	3720
16	3450
0	4031
4	4022
0	3859
1	961
0	984
152	607
10	360
0	254
0	145
0	5
0	2
2	2
0	4031
13	2391
0	219
0	195
63	166
0	182
0	206
0	154
0	181
0	185
0	137
0	88
0	85
0	130
0	17
0	44
0	20
0	63
0	20
0	200
0	182
0	206
0	192
1	0
26	711
1	574
0	660
1	3
0	343
1	183
0	165
4	74
2	98
0	11
4	0
0	0
193	105
6	105
0	105
0	0
0	0
0	0
0	0
0	0
5	75
0	48
0	0
0	0
0	0
0	0
113	96
0	0
0	786
0	754
0	783
0	778
0	592
0	289
14	491
21	476
30	509
3	493
6	122
0	0
0	144
0	0
0	76
3	40
0	482
0	526
0	1
0	1
0	1
0	587
2	496
81	2713
0	2722
1872	1133
4	16
0	16
0	10
0	0
0	10
306	802
0	92
22	396
3	21
0	0
1	203
37	0
3	0
0	0
0	0
0	0
0	0
423	479
296	479
0	0
0	0
0	0
0	0
0	0
0	0
0	0
0	0
0	0
0	0
0	0
0	1326
0	238
0	778
0	748
18	711
4	469
0	674
0	737
0	768
0	125
0	734
7	284
0	482
6	778
14	560
85	192
0	685
0	51
0	198
8	744
2	173
5	441
0	658
0	142
0	56
0	92
0	636
0	12
0	642
0	497
120	575
0	219
0	449
28	219
0	157
4	219
14	671
0	161
0	104
64	732
0	459
0	84
0	162
0	39
0	0
0	0
0	0
0	163
0	117
1	560
0	0
0	0
0	0
0	0
0	0
0	0
0	0
0	0
0	0
0	0
0	0
0	0
0	0
0	0
0	0
0	0
0	0
0	0
0	3
0	0
0	3
3	3
149	535
0	38
1	0
4	520
0	25
0	5
0	0
0	52
0	1178
0	1103
0	1358
0	87
0	150
0	31
12	139
0	67
16	294
1	237
38	1663
26	1663
0	14
0	256
7	362
0	330
0	41
0	86
0	23
0	28
0	92
0	45
4	0
13	26
0	10
0	1267
431	1692
0	24
2	514
0	1396
6	644
56	109
0	1084
0	153
8	19
53	102
3	325
5	87
0	1273
0	0
0	0
0	0
1374	568
11	84
31	2093
37	1428
15	373
11	324
0	161
0	169
0	113
0	198
61	383
14	55
0	115
0	103
0	1966
0	0
0	0
0	0
0	0
0	0
0	0
0	0
35	2277
0	580
7	105
0	0
0	2291
0	149
0	483
0	0
0	0
0	18
0	34
0	24
23	48
0	3
0	4
0	0
0	0
0	0
0	1
8	6434
0	5463
0	4357
1605	5472
0	268
0	6834
0	184
1	166
0	1148
0	5235
6	4423
0	3335
591	361
289	133
7	2211
44	1178
0	4595
0	0
0	0
0	0
0	0
0	0
0	0
0	0
6	165
0	440
0	621
0	1315
0	821
8	1132
7	1706
12	0
42	402
8	1942
18	3021
6	3027
145	3078
9	303
5	847
0	430
13	200
0	0
0	925
15	971
13	33
2	9
4	49
0	52
0	232
0	925
11	30
3	310
133	815
0	47
28	39
1	292
0	514
0	185
98	115
0	67
0	54
0	54
0	57
0	0
447	2122
26	1373
2	1158
0	1297
0	1306
0	1115
0	68
0	105
0	63
0	1445
0	0
0	0
0	0
0	0
0	0
0	0
0	3
0	0
0	0
0	0
0	0
0	0
0	0
0	0
0	0
0	0
0	3
0	0
0	0
0	0
0	0
74	403
0	10
0	10
0	0
11	42
0	680
16	193
38	262
8	215
6	262
0	389
11	570
0	374
0	368
0	300
10	346
50	487
58	366
0	56
0	0
0	0
0	0
0	0
0	0
0	0
0	0
0	0
0	0
0	0
0	0
0	0
0	0
0	0
0	0
0	0
0	0
0	0
0	0
0	0
0	0
0	0
0	0
0	0
0	0
0	0
0	0
0	49
0	49
0	29
0	0
0	0
1236	897
26	186
23	220
0	0
0	0
0	0
0	0
0	99
0	102
0	0
0	13
0	102
0	7
0	7
0	5
0	0
0	2
0	1567
0	1582
7	1597
0	1609
2	191
3	1142
6	101
14	27
0	10
0	81
0	3
0	10
55	677
0	691
17	117
42	246
0	68
0	1
222	8
0	8
0	0
0	0
9	617
4	2917
13	327
27	385
0	12
107	164
0	104
0	29
0	2907
33	15
0	15
2	0
1	0
166	2115
3	1416
34	340
32	375
10	925
0	322
82	345
3	124
71	205
16	201
89	93
0	40
1069	15
21	48
55	229
9	32
0	0
0	0
229	1021
0	0
0	1010
330	2805
49	951
0	1035
6	1524
12	637
0	2790
1867	389
0	300
77	177
0	59
0	43
0	54
2	21
6	10
0	2
0	2
0	26
0	12
2	12
0	57
0	66
258	9561
0	8026
3	1053
2944	9045
0	3248
25	1954
3	260
11	6915
88	596
22	1551
0	4024
0	90
18	3306
27	1169
6290	3341
285	2086
143	1851
0	0
0	0
0	0
0	0
0	0
0	0
0	0
0	0
0	0
0	0
0	0
0	0
0	0
0	0
0	0
0	0
0	0
0	0
0	0
0	0
0	0
0	0
0	0
3	14617
0	21133
37	12
0	19445
0	20333
0	4343
15	15577
174	12183
0	9395
327	1999
7	17344
0	12149
0	2817
0	31
0	1254
0	1237
0	21222
0	5975
68	4202
0	92
0	3571
302	130
7	183
1	126
0	4200
0	0
2956	399
0	70
0	127
12	212
3	16
2	63
0	0
0	0
0	0
0	0
0	0
0	0
0	0
0	0
0	0
0	0
0	0
0	0
0	0
0	0
0	0
13	37
2	1712
27	2340
0	0
0	258
223	402
0	1685
3	454
2	148
0	2009
0	153
17	402
0	1708
67	47
0	999
0	61
3	0
0	0
0	0
0	0
0	0
0	0
0	0
0	0
0	0
0	0
426	171
0	134
18	83
0	87
0	0
7	339
0	341
0	2
0	7
0	7
0	7
0	9
0	9
0	2
16	79
578	760
0	177
1	111
8	323
0	445
0	61
20	68
0	485
0	225
0	109
0	0
0	22
0	22
0	756
0	4
0	492
257	2213
36	1477
0	866
0	1152
2	351
0	979
41	111
193	441
4	92
0	29
0	0
0	5
2032	964
0	889
63	355
0	27
5	134
47	2637
15	28355
383	3793
67	14
231	96
156	1574
113	2615
53	485
336	10219
170	6597
1	389
0	422
0	405
2	418
3	6
4	88
0	95
0	48
0	21
0	57
0	19
0	0
0	30
0	11
0	20
0	6679
13	95
18	119
6	164
38	248
0	115
36	21
0	0
0	0
0	623
0	735
0	623
0	623
0	408
0	623
0	623
0	440
0	313
2	86
1282	2795
6	2439
12	770
222	2676
1	0
0	0
0	0
0	0
0	0
215	1018
13	37
13	982
0	0
0	0
0	837
0	2
0	2
0	2
0	2
0	0
0	0
0	0
0	0
0	5
0	8
0	8
0	0
1	0
0	0
0	0
0	0
0	0
0	0
0	0
0	0
0	0
0	0
2	37
0	37
0	0
0	0
0	0
0	233
0	0
0	0
0	0
0	0
0	0
0	0
40	2854
0	1452
40	734
0	2192
65	1919
64	205
114	52
28	0
66	2
0	0
0	0
3	0
0	0
0	0
8	3
0	3
0	0
0	1
75	496
227	207
22	125
10	485
9	321
0	0
0	0
0	0
0	0
0	0
468	1793
0	356
5	633
0	139
0	57
26	220
0	1185
463	1288
3	233
11	426
0	218
0	125
12	105
25	0
0	44
0	23
0	6
9	0
0	196
2	0
0	0
0	0
0	0
0	0
0	0
0	0
0	0
0	0
0	0
0	0
16	91
0	91
1	459
0	4
0	463
0	463
0	0
0	0
0	0
0	0
0	0
0	0
0	0
0	0
0	0
0	0
0	0
0	0
0	0
0	0
0	0
283	304
0	459
10	358
0	439
5	431
0	302
0	118
0	176
0	101
4	37
25	41
1	45
0	374
0	433
3	448
3	152
0	114
2	0
0	433
0	0
0	0
0	0
0	0
0	495
7	496
0	495
0	378
0	327
0	95
0	37
0	27
0	24
0	119
0	2
0	9
3	8
0	31
0	22
0	54
0	22
0	54
0	46
0	46
0	14
0	0
0	46
0	46
0	46
0	40
0	40
0	0
0	0
0	0
0	0
0	0
0	0
52	16
0	4
0	2
10	0
0	2
0	4
1	0
0	0
0	0
0	0
0	0
0	0
0	0
0	0
0	9
0	0
0	0
0	0
0	0
0	18060
2	32133
0	18520
0	17224
73	14995
5	1070
3	6
0	652
42	1379
51	1283
23	319
0	83
0	69
0	71
0	68
0	139
0	83
3	1044
0	1039
0	1047
0	697
0	737
4	231
0	10
0	122
4	45
0	59
0	13
9	27
3	280
0	0
0	17
0	3
0	3
0	0
0	0
0	0
0	0
0	0
0	0
0	0
0	0
0	0
0	0
0	0
0	0
0	0
0	0
4	0
0	0
0	0
0	0
0	0
0	0
0	0
0	0
0	0
0	0
26	92
3	44
5	5
0	3
0	0
0	3
2	0
0	7
0	7
0	0
0	7
0	0
0	0
0	7
0	0
0	0
0	0
14	39
0	1161
0	1092
3	63
0	142
7	69
0	78
0	77
0	37
31	0
14	84
0	8
0	0
0	1161
0	1092
142	753
7	652
12	270
0	0
15	9
1	153
0	64
0	102
9	31
0	19
12	0
0	92
0	35
0	11
0	71
500	2595
10	138
0	52
0	302
41	359
36	85
0	83
0	32
0	23
3	0
0	0
0	0
0	0
0	0
0	0
0	3
0	0
0	3
0	3
0	0
0	3
3060	151
62	24
14	3
0	0
0	3
0	17
1	8
1	17
124	309
0	309
0	0
0	0
0	0
0	0
0	0
0	0
0	0
0	0
0	0
0	0
0	0
0	0
0	0
0	0
0	0
0	0
0	0
0	0
0	0
0	0
0	0
0	0
0	0
10	883
10	450
0	366
0	743
5	758
0	465
0	279
0	218
0	281
2	690
0	178
0	103
0	2
0	589
0	0
0	0
0	0
52	6007
82	136
3	43
186	6007
3	128
245	125
0	186
0	242
0	64
9	14
12	105
10	0
0	257
17	0
0	0
48	469
45	218
0	40
0	0
0	138
14	108
0	99
0	78
3	17
11	6
0	35
0	2
0	1
0	0
0	0
0	0
0	0
0	0
0	12
0	12
0	12
0	0
0	0
5	2
0	2
0	0
0	0
0	0
0	0
0	0
0	0
0	0
0	0
0	0
0	0
0	0
0	0
0	0
0	0
0	0
0	0
0	135
4432	1773
0	214
19	1
1	215
0	1021
10	418
0	1205
0	71
0	725
0	92
0	159
11	99
2	462
20	961
0	24
0	0
0	0
0	0
370	4994
19	4146
0	673
12	36
0	3318
129	1355
43	4125
3	2013
0	1191
0	906
0	2171
21	234
0	0
41	93
0	93
0	10
12	1035
0	605
16	951
28	708
0	871
0	805
7	456
9	185
0	352
0	462
0	352
1	467
20	107
5	1
0	102
0	89
0	61
0	999
0	918
0	2
0	2
0	0
0	0
0	0
0	84
0	7
7	48
0	69
0	44
0	0
0	87
0	6
0	40
0	86
7	57
0	76
24	1857
11	178
10	1328
4	63
0	42
20	1455
0	1692
7	57
1	105
14	149
0	15
64	98
0	1214
0	1711
0	532
0	1168
2	373
22	0
38	1286
7	50
0	47
0	0
0	0
0	0
0	0
0	5077
0	5077
0	9794
1	7783
0	7119
0	1881
0	4049
8	7263
0	3263
0	2960
5	1834
0	399
0	101
278	6194
81	10929
10	8979
574	11359
17	7975
0	727
35	3063
123	6057
0	351
3	91
125	432
24	75
0	0
0	0
0	0
0	0
0	0
0	0
0	0
0	0
0	0
0	0
0	0
0	0
0	0
0	0
0	50
0	197
1	130
38	43
36	235
0	114
54	24
0	846
0	171
0	56
0	53
0	8
0	749
0	38
0	38
4	38
45	65
2	14
0	0
0	12
0	2
0	6
0	27
11	1443
28	1471
48	1434
47	5
0	0
0	0
0	0
0	0
0	0
0	0
0	0
0	0
0	0
0	0
0	0
0	0
0	389
0	389
0	0
0	0
0	0
0	0
0	0
0	0
0	0
0	0
0	0
6	3014
0	247
17	3880
0	3942
28	964
11	3039
0	3963
64	11
0	1142
22	200
0	222
10	0
199	153
0	180
0	14
3	994
0	15
41	0
0	169
0	379
2	399
0	354
0	472
176	120
0	384
0	217
73	232
30	99
6	103
35	15
0	0
0	21
0	41
13	45
0	6
3	23
0	5
0	4
0	4
0	252
372	576
6	6506
0	6506
505	6506
0	10
115	179
0	142
2	281
16	295
0	34
9	278
0	18
0	56
0	23
0	3
0	9
0	0
0	0
0	110
0	30
0	0
0	12
0	4
0	186
0	70
0	100
9	0
0	41
0	155
11	160
0	33
3	4
0	44
3	14
0	0
0	180
328	496
0	181
0	93
0	0
0	20
0	79
0	6
0	32
0	14
0	7
0	498
2	80
0	79
0	112
0	1569
2	106
35	253
0	106
0	79
0	1241
0	2149
0	81
6	113
67	2237
9	48
8	608
0	51
1	2113
1	1218
0	363
17	231
0	129
0	53
0	160
0	0
0	178
0	179
0	142
0	39
0	2
0	115
0	5
0	0
0	0
0	0
0	5
0	29
0	11
0	0
0	32
0	14
16	11
0	0
0	6
0	32
0	0
0	0
1	6
0	7
0	30
0	25
0	1
0	0
0	18
0	15
22	489
0	953
0	1023
0	896
0	881
0	1673
0	7
0	5
4	8
0	10
5	40
10	8
0	33
0	16
1	42
0	21
0	39
0	0
0	47
0	0
0	0
0	0
0	0
0	0
0	0
6	89
651	0
30	405
0	612
0	1209
0	0
0	0
0	0
0	2
0	2
13	0
0	0
0	0
0	0
0	0
0	2
0	2
0	2
0	2
0	0
0	0
0	0
0	0
0	0
9	68
0	0
0	2
0	0
0	0
0	15
0	0
0	0
0	0
0	0
19	29
2	276
0	12
0	3
0	0
1	178
0	110
6	170
3	151
10	184
35	310
75	146
343	508
0	74
0	70
0	36
0	284
0	3
0	80
0	59
6	18
101	5
0	0
0	0
11	178
0	225
14	339
0	301
0	303
5	155
0	140
0	20
0	7
0	58
0	5
0	14
0	45
17	14
0	25
0	0
24	26
0	7
119	396
0	1
1	4
13	1
0	6
0	0
0	292
0	326
390	207
8	207
84	848
0	1043
0	1161
0	1044
1279	1667
0	974
0	770
0	531
9	746
2	10
0	16
12	93
33	235
0	1025
0	1062
0	0
0	0
0	0
0	0
0	0
0	0
0	0
0	0
0	0
0	0
0	0
0	0
0	0
0	0
0	0
0	0
0	0
0	12
0	0
0	32
0	32
0	629
0	218
0	209
0	209
0	209
0	97
0	45
0	44
0	44
2	40
2	35
8	735
2	620
0	48
30	351
0	703
0	717
29	0
0	0
0	0
0	0
0	0
0	0
0	0
0	0
0	0
0	0
0	0
0	2725
25	454
8	34
45	60
2	1140
74	645
0	581
6	247
0	273
0	198
25	442
1	170
0	2438
20	180
0	180
0	4550
125	11576
0	19522
1	21843
0	20265
0	18932
0	21705
8	22828
14	11211
0	8767
11	8633
9	6705
97	11299
0	12219
46	174
21	164
0	155
0	165
0	0
0	0
0	0
0	0
154	113
0	0
0	0
0	7
0	80
0	73
0	91
0	75
0	93
0	56
0	22
0	44
0	6
0	86
0	56
0	86
0	78
0	78
0	68
0	30
0	68
0	10
0	73
184	1113
0	64
0	25
7	992
3	225
397	5024
167	5015
0	231
1	537
18	1502
11	377
7	645
0	5
0	92
12	311
0	4
0	21
0	25
0	6
0	231
0	604
0	662
43	114
65	4
0	103
0	10
9	332
4995	0
1473	2181
11	234
5	209
93	368
55	0
16	466
196	1113
0	201
20	175
68	444
15	296
0	73
0	33
0	24
0	0
0	0
0	0
0	73
0	42
0	0
0	0
0	233
0	568
2	385
0	638
45	508
37	638
0	502
0	60
0	248
0	266
0	135
0	116
0	72
0	0
0	0
0	0
0	0
53	939
1	475
12	5
0	58
0	12
0	0
8	0
0	8
1	1935
94	1393
0	1692
11	369
0	326
0	485
3	183
0	82
0	179
14	223
145	1753
7	473
0	452
0	239
10	1255
1	270
3	737
1	1175
0	1540
0	235
0	271
34	1304
0	442
0	269
10	99
0	350
33	436
30	1606
0	443
4	81
0	290
36	1169
8	878
0	1069
0	899
10	233
0	179
0	199
24	105
0	154
46	13
14	0
4	89
0	182
95	663
39	511
0	12
6	19
0	5
0	76
0	72
4	74
0	50
0	52
0	0
0	446
0	500
0	540
0	428
13	109
26	22
17	80
0	326
0	157
0	181
0	50
97	726
12	259
0	221
0	280
0	280
0	304
0	280
0	258
0	191
0	158
0	304
0	257
0	29
0	151
0	16
0	461
0	134
0	307
0	258
0	324
0	686
0	307
0	69
0	260
0	177
0	262
0	115
0	92
0	560
0	191
0	107
0	21
0	67
0	60
0	62
11	49
0	153
0	142
0	43
4	41
0	17
0	33
0	0
0	21
0	83
0	71
0	259
0	473
0	376
27	294
0	158
378	2671
0	39
0	59
1	502
376	559
15	643
21	11
0	922
1	799
0	735
1	521
41	0
0	2459
10	1632
13	1632
5	43
0	65
0	40
413	1177
9	134
6	48
0	711
0	48
0	185
3	70
0	107
1	0
1	69
4	78
10	4416
10	4631
0	1718
108	1513
15	3674
0	1233
0	1120
9	251
43	29
5	370
44	4
0	1350
4	460
0	101
0	6673
122	1751
957	6713
60	3505
0	0
0	0
0	0
0	0
0	0
0	0
0	0
25	334
0	105
0	16
0	14
0	9
0	5
0	85
0	537
0	117
10	795
8	713
9	27
0	11
0	17
0	404
0	474
0	321
0	33
0	8
0	413
0	91
3	26
0	73
2	0
0	811
0	783
10	0
45	23
0	10
0	14
0	8
23	62
65	381
0	1222
0	108
0	1028
0	229
7	44
0	861
0	161
1	108
10	204
11	119
0	123
0	853
0	1050
0	935
0	109
0	110
0	89
0	974
0	1027
0	111
0	76
20	0
0	0
4	338
4	17
0	177
0	96
0	0
0	0
0	0
0	0
9	163
0	0
0	22
1	62
0	10
0	1117
0	1135
0	1050
0	8
0	20
1401	1240
0	179
174	1405
0	1063
25	0
0	61
33	139
0	8
0	0
0	0
0	0
0	0
0	62
0	21
11	64
0	47
0	0
44	309
0	45
0	2
0	47
12	51
0	0
0	0
0	0
0	0
0	0
0	0
0	0
0	0
0	0
12	60
0	0
0	0
0	0
0	0
0	0
0	0
0	0
0	0
0	0
0	0
0	0
0	0
0	0
22	70
0	70
0	0
0	0
0	0
0	0
0	0
0	0
0	0
0	0
0	0
0	0
0	0
0	0
0	0
0	0
0	0
0	0
0	0
19	2859
14	4189
22	3221
144	869
186	57
77	0
52	0
54	292
8	4
0	2920
0	0
0	0
0	0
0	0
0	0
0	0
0	0
0	0
0	0
0	0
0	21
0	191
0	124
0	167
0	225
0	136
0	245
0	64
0	272
0	185
0	104
0	40
0	135
0	152
0	330
16	196
174	510
0	168
0	168
4	352
5	433
0	175
0	46
0	121
11	231
0	102
0	0
0	120
17	73
4106	404
6	404
0	31
0	114
20	303
92	382
5	0
0	0
7	31
0	9781
0	5806
143	799
0	0
0	41
0	41
0	27
0	19
0	21
0	11
0	57
28	946
0	1061
0	1043
92	509
0	964
0	963
22	90
1	40
0	9
0	114
0	1
13	31
10	470
1	7
0	3
12	78
10	2
0	31
0	45
0	140
4	1069
1	20
0	0
0	20
0	20
54	3311
93	4773
0	4692
3	1459
1	0
5	357
0	44
0	189
1	476
0	7
0	59
15	601
10	206
0	0
0	723
0	723
0	432
0	657
0	759
0	6
0	723
0	0
0	0
0	0
0	0
0	0
0	0
0	0
0	0
0	0
0	0
0	0
0	0
0	0
0	0
0	0
0	0
0	0
0	193
0	0
0	35
0	5
0	36
26	306
0	215
16	176
25	169
143	2091
341	6126
11	4940
41	381
0	32
0	927
1	421
16	282
1306	1103
0	118
0	53
0	142
5	27
2	105
76	409
53	505
0	35
0	434
2	27
3	5
0	11
0	11
0	1
0	434
27	227
0	10
0	1
0	150
0	0
0	0
0	0
0	0
0	0
0	0
0	13
0	13
0	13
812	1100
8	606
138	646
31	974
1	535
4	103
16	40
0	175
16	4504
0	686
1320	5677
73	1516
46	4704
1	5470
0	996
1	280
0	65
53	339
0	500
173	2214
0	628
44	17
105	1329
56	44
11	538
0	538
1	434
0	71
0	40
29	191
0	125
6	120
13	45
1344	1430
101	1164
2	1330
19	0
1	50
0	98
0	35
0	32
0	10
0	5
0	24
10	1551
0	766
3	59
24	464
5	233
3	66
0	133
63	639
12	529
0	245
55	790
4	241
0	108
0	59
15	20
1	228
100	20
58	62
12	28
1	173
0	260
0	1
0	0
0	336
0	177
0	179
18	165
47	3331
220	3277
322	7092
7	2171
0	3960
0	5148
1	4459
9	2535
0	662
9	541
19	289
0	0
0	0
0	23
1	10
0	8
0	13
2	2316
1241	3168
29	23
31	1899
23	2031
11	1935
0	1356
5	2528
175	188
388	180
0	194
0	190
0	199
6	83
0	64
0	61
0	87
0	25
2	118
3	100
0	72
26	118
0	37
29	287
0	15
11	55
0	137
11	201
1	136
0	43
0	4
0	217
22	141
14	846
0	988
1	1315
13	1222
4	11
32	158
0	177
2	124
0	198
0	222
22	608
1	161
0	0
0	0
0	0
0	0
0	0
0	0
0	2
0	2
0	0
0	0
4	405
0	384
0	86
0	24
0	0
0	0
4	2
0	13
0	19
0	115
6	60
0	27
0	46
2	28
0	0
0	4
0	0
0	0
0	91
0	124
0	3816
0	0
0	81
0	120
4	110
6	115
0	50
0	190
0	113
0	79
0	120
0	3906
3	270
1	0
9	947
3	166
0	898
0	3812
0	28
3	128
32	210
10	656
0	820
5	34
34	317
9	90
0	0
0	0
941	1040
14	1140
188	811
104	66
56	96
0	70
0	96
4	123
0	123
0	0
0	0
0	0
0	0
9	493
0	0
0	0
0	0
0	0
11584	21987
0	291
0	8
31	20597
22	610
164	17360
5	625
479	22
48	35
33	1714
11	10273
25	0
46	1053
31	4795
639	5
0	0
0	1
0	1
179	906
0	227
0	41
6	682
0	30
72	404
0	8
2	71
0	0
1	27
0	0
0	114
0	290
7	672
9	643
1	604
4	588
17	134
0	66
9	29
130	0
7	159
0	15
0	14
0	11
0	162
0	159
0	0
0	1
0	0
106	392
46	1625
2	1025
0	671
0	379
0	685
82	444
8	188
18	151
64	1451
1	4633
0	544
33	5473
191	2697
0	5331
0	421
0	3
0	2598
0	3912
0	5277
23	5280
0	5448
17	5456
0	6154
12	1114
2	1859
0	1504
2	461
79	42
5	2598
49	1144
0	339
10	5861
111	4997
0	4964
0	2544
6	794
0	467
0	416
0	215
0	71
0	92
0	500
0	170
1	457
8	314
0	106
3	141
0	110
0	118
0	391
0	120
34	0
10	66
0	107
0	39
30	86
4	166
44	60
0	481
0	674
0	13
16	22
0	13
0	13
0	13
0	151
0	83
0	83
0	148
0	4
0	0
0	0
0	0
0	3
0	0
0	17
2	35
0	0
0	11
0	3
0	17
0	0
0	12
0	0
0	0
0	0
0	0
0	0
0	6
0	0
0	6
0	0
1	198
0	0
874	304
0	302
0	269
0	30
0	6
0	498
0	197
0	128
7	66
0	20
0	61
212	1558
0	131
0	61
2	194
2	232
117	1178
0	816
0	8
9	344
5	10
9	183
0	0
0	816
39	97
5	92
0	45
0	46
35	26
0	39
11	22
0	22
0	20
0	20
0	93
7	126
0	19
0	19
0	1
0	9
0	13
8	19
0	19
0	9
8	1136
48	1405
1	425
0	145
4	0
0	424
0	404
0	403
0	414
0	0
0	8
0	8
0	8
0	8
0	8
0	4
0	4
0	4
0	4
0	0
0	0
0	0
0	0
0	0
0	0
0	0
0	0
0	8
8	85
23	79
4	85
39	79
50	568
140	229
0	343
0	98
0	0
18	306
5	287
0	55
0	0
0	0
0	0
0	0
0	0
0	0
0	0
0	0
0	0
0	0
318	2689
15	2507
0	2301
6	1092
20	862
0	549
17	447
15	176
22	44
0	0
0	0
0	0
114	10
6	0
0	5
0	0
0	11
0	4
0	0
2	0
0	0
0	9
0	0
0	0
2	0
0	89
0	9
0	9
0	0
0	0
0	0
0	0
0	0
0	0
0	0
0	0
0	0
0	0
0	0
0	0
0	0
0	0
0	89
0	6
0	6
0	6
0	6
0	0
0	0
0	0
0	0
446	605
41	8
21	140
1	74
4	112
0	204
0	522
11	86
0	132
0	74
52	79
0	149
6	128
1	33
9	241
29	93
0	70
0	108
0	72
0	449
19	378
0	323
0	69
0	219
0	72
0	72
0	40
15	5696
7	5378
0	112
50	278
0	243
0	65
0	0
0	0
0	0
0	0
0	0
0	0
0	0
0	0
0	0
0	0
0	0
0	0
0	0
0	0
0	0
0	0
0	0
0	0
0	0
0	0
0	0
2937	2816
0	1
15	51
0	47
17	500
0	7
10	223
20	191
39	511
56	301
10	256
8	637
13	330
0	766
0	24
0	0
0	115
0	41
0	52
0	47
0	32
0	105
0	2
0	31
0	31
0	37
0	37
0	31
0	22
24	44
0	0
0	0
0	15
6	15
0	47
0	47
0	0
0	0
0	0
0	87
0	0
0	0
0	0
0	926
10	916
4	865
8	680
2	531
0	635
1	614
1	0
0	183
48	11
60	157
0	46
3	128
0	46
0	122
0	48
0	109
0	750
0	907
40	0
3	6
0	0
96	855
0	907
121	231
8	107
0	107
9	84
0	111
0	0
2	373
0	0
0	10
0	9
0	0
4	110
0	8
1	50
0	79
2	124
1	48
3	51
10	62
0	42
0	15
0	0
0	5
39	345
18	323
6	138
15	85
0	23
1	6
1	131
0	61
0	51
0	39
1	20
0	20
0	0
0	8
0	2
3	0
0	0
0	0
0	0
0	0
0	0
0	0
0	0
0	0
0	0
0	0
0	0
0	0
0	0
0	0
0	0
0	0
0	0
0	0
0	0
0	0
0	95
0	91
0	117
89	277
3	335
0	150
8	226
0	300
0	234
0	226
13	236
0	134
0	103
0	58
0	193
0	172
0	80
0	304
9	14
0	0
0	2699
0	0
0	2699
0	172
42	2963
28	503
0	2156
0	749
463	970
0	818
0	162
0	177
65	949
2	955
10	382
0	518
0	390
0	467
8	110
4	102
0	953
135	696
0	1879
3	2037
0	1431
0	164
0	932
18	64
4	48
0	2153
0	2071
0	1395
1	284
0	1778
11	1427
0	0
536	345
0	124
2	1235
33	60
15	557
0	1263
9	485
0	658
29	471
50	4960
1	4743
0	3016
0	137
49	1332
10	506
0	1091
0	2430
0	208
25	3
34	1048
0	1062
18	1307
0	1091
0	377
19	233
197	1124
0	663
0	311
0	285
0	285
55	329
3	122
36	365
575	1048
0	822
39	354
5	318
46	21
0	171
11	132
5	6
0	0
0	1444
0	82
4	73
3	110
2	122
11	5
0	0
5	59
1	60
27	38
0	38
0	19
0	0
0	9
0	0
2	31
0	7
0	862
678	530
0	530
0	0
0	0
0	0
0	0
0	0
0	0
0	0
0	0
34	1404
19	791
58	238
0	948
2	666
12	687
3	706
7	944
0	70
4	188
9	8
15	32
0	621
3	695
0	4044
0	1755
0	57
4	1135
0	1135
0	0
0	9
0	88
4	116
4	70
3	87
0	67
0	0
0	4
0	0
0	4
0	0
0	0
0	0
0	0
0	0
0	0
181	1036
3	352
19	578
0	311
123	505
808	362
0	0
0	90
46	285
1	0
8	43
20	119
0	76
0	15
10	78
0	28
209	78
17	80
0	2
1	0
0	128
22	348
0	111
0	21
0	56
11	13
0	13
3	13
2	0
38	0
17	13
183	347
6	31
1	307
2	43
0	64
2	39
57	58
22	0
12	1267
275	1391
12	83
15	86
5	1202
0	1389
1	74
0	250
0	353
0	73
10	38
32	173
0	195
24	139
10	221
0	258
2	80
4	203
4	81
0	29
0	61
0	42
0	43
0	0
0	0
0	0
0	0
0	0
0	0
0	0
0	0
0	0
0	0
0	0
0	0
0	0
0	0
0	0
0	2166
56	2170
66	313
0	1805
0	916
0	34
85	578
0	32
0	21
0	0
0	0
2	308
0	9
0	10
64	1250
0	277
0	109
0	118
0	23
1	6
0	33
0	3
8	17
0	184
0	878
788	2630
0	592
20	1702
0	979
17	552
0	0
0	0
0	0
0	0
54	304
18	3
0	187
0	86
0	0
2108	531
45	245
891	164
0	138
0	26
1234	0
0	0
14	3
0	4577
19	719
2	15
2	15
366	812
2	21
0	37
0	28
0	15
217	1569
4	122
8	203
0	331
0	257
0	243
0	1165
0	12
0	13
0	52
4	1275
0	240
0	144
0	50
0	1325
0	30
0	279
0	323
0	73
0	248
0	1346
0	1241
94	958
0	791
0	1003
5	575
58	734
106	46
53	714
12	628
0	117
0	74
0	27
6	1606
6	1605
0	138
2	81
35	935
0	4633
317	1515
0	4675
79	11685
11	6969
13	1169
0	146
5	7380
4	162
392	9241
21	0
0	98
0	534
47	882
2	759
58	748
0	76
34	11
1	167
0	36
6	0
0	36
2467	6027
2	1951
265	109
3	86
0	23
24	65
0	0
0	0
0	175
0	0
0	0
0	0
0	0
25	956
2062	1169
0	0
0	0
52	342
0	248
0	12
2	35
0	5
0	307
0	0
0	0
0	0
0	69
0	17
0	79
0	0
0	79
0	4
0	0
0	0
0	0
0	15
0	0
16	79
59	186
9	187
7	58
0	0
0	0
74	1016
30	489
3	501
77	817
5	233
5	90
0	173
10	358
18	289
2841	7480
9	4065
304	4411
5	528
0	627
0	2619
0	5384
0	1358
0	623
25	1214
37	55
5	3205
4	77
3	120
205	143
184	254
0	384
0	21
0	0
0	0
0	0
0	0
0	0
0	0
0	0
0	0
1764	1321
0	791
0	539
0	704
8	118
0	524
2	253
20	1047
19	213
0	18
0	17
0	1
0	1
0	0
0	0
0	0
33	943
60	2088
5	35
27	3
3	356
0	50
18	309
0	46
0	71
2	921
0	25
0	10
0	25
0	15
3	15
0	8
0	13
2	551
0	29
0	29
9	0
0	0
0	0
0	0
0	0
0	0
0	0
0	0
0	0
0	0
0	0
0	0
0	0
0	0
0	0
0	0
0	0
63	609
17	564
10	342
11	298
0	400
22	7072
7	2469
0	339
0	2119
0	1897
0	1895
0	1895
0	1970
2	2163
14	7154
0	7416
5	2117
8	118
21	270
2	213
0	66
0	30
0	2117
0	1865
7	214
65	146
0	94
1	172
0	16
1	129
11	72
0	26
0	7
0	0
74	1468
0	7925
3	5505
8	8296
0	2585
39	11718
0	2624
155	13279
19	11993
1	8033
0	6299
0	8688
170	4969
0	787
10	110
19	145
0	95
0	28
2	9
0	0
0	0
0	0
0	831
5	798
0	66
0	41
4	73
142	174
0	200
1	200
0	200
3	57
0	45
1	21
14	759
0	2893
0	57
0	6
14	322
274	2902
0	323
23	580
8	297
0	0
0	0
0	0
0	0
0	0
0	0
0	71
0	89
0	83
0	70
14	70
0	41
0	20
0	27
0	15
0	20
0	13
0	5
0	5
0	2
0	11
0	11
273	34
13	34
25	1184
3	1209
21	1123
11	1162
3	1052
17	588
0	293
9	24
0	1
7	123
9	86
0	36
0	29
0	35
5	30
23	0
0	26
0	10
0	62
10	51
0	67
0	40
0	22
0	30
0	29
3	0
24	29
61	360
5	315
0	214
0	43
6	205
14	33
2	473
0	7
3	13
127	3
0	3
0	470
0	0
0	0
0	0
426	0
0	6
4	8
0	20
2	201
0	241
0	170
0	8
0	10
0	241
6	168
0	168
0	411
265	1567
18	126
15	35
4	531
0	47
4	61
0	1382
4	10
14	17
33	900
17	5890
13	5965
25	225
81	475
1	2873
0	8
0	1148
6	1024
0	4518
8	9
0	0
0	0
0	10
0	1
593	0
0	0
0	1
0	0
0	0
0	0
0	1
0	2078
17	1576
0	2300
0	73
3	1627
0	1614
8	1975
30	1779
0	410
6	1413
0	1323
13	1135
13	1121
47	622
13	397
0	507
8	182
0	1246
5	0
0	0
0	0
2	1
0	84
0	80
0	75
0	80
0	79
0	80
0	14
0	14
0	25
0	11
0	14
0	19
0	35
0	12
0	79
0	80
0	74
58	0
14	392
0	399
0	88
0	678
1	398
7	154
0	396
0	11
1	678
0	1
5	519
30	353
13	181
0	141
0	8
0	151
0	141
0	81
0	129
0	67
7	113
8	23
58	8613
0	6178
4	4053
2	4884
25	6212
16	6167
10	5127
0	5894
572	1231
10	446
0	1450
0	635
0	7
0	387
0	125
18	639
12	518
3	343
0	91
0	28
0	310
6	106
19	16
7	149
0	34
2	7
1	67
0	41
0	23
0	30
4	43
0	62
0	37
0	229
6	191
40	229
0	0
0	0
0	2
360	48
1	41
19	107
1	0
7	0
0	0
0	0
0	0
0	0
0	0
0	12
0	21
0	19
0	19
0	17
1	344
2	343
2	195
4	348
0	14
1	289
0	88
0	29
0	340
6	12798
296	13666
0	3363
0	1505
107	1418
24	2498
1	691
0	0
7	5
0	0
0	0
26506	703
83	4994
4	5042
0	5026
0	0
0	0
0	0
0	0
0	0
0	0
0	0
0	0
0	0
29	99
1912	1971
20	307
0	316
1	62
0	3
0	98
3236	450
13	462
8	0
0	1
0	7
0	0
0	28
0	28
3	17
0	10
0	40
0	13
516	21
0	14
0	7
154	698
0	152
12	596
3	585
1	183
34	183
253	529
0	167
0	183
4	208
3	91
0	442
32	201
22	2
1	1
47	133
0	281
164	1245
28	210
2	1245
12	1542
0	1542
0	439
4	319
0	317
7	1
0	591
0	698
0	0
0	7
76	24
0	7
0	14
0	0
0	0
0	0
0	0
0	0
0	0
0	0
2	0
1	0
0	4
0	0
0	0
0	17
0	814
0	38
0	58
3	570
313	585
2	59
0	59
1	549
0	1
0	7
0	7
3	0
0	0
0	1
0	0
0	0
0	0
0	0
0	0
0	0
0	0
0	0
0	0
0	0
0	0
0	0
0	0
0	128
0	153
2	159
6	49
0	167
0	72
0	139
0	78
0	116
0	102
0	39
0	24
8	13
0	19
0	25
0	0
0	0
13	155
0	0
0	0
0	0
0	1597
0	0
0	0
0	0
0	0
0	86
0	0
0	5
4	64
3	5
0	64
3	86
97	327
11	327
74	91
25	91
72	90
41	94
85	20
0	6207
0	1291
3	3
0	3
0	3
8	0
0	6207
0	374
0	6207
0	6
0	1848
0	5137
0	1780
0	2917
0	5444
0	2223
0	2212
0	3212
0	378
0	2656
26	1892
0	3825
187	1544
9	2533
3	5451
157	4845
0	5638
0	4581
0	1766
0	7592
0	7936
0	3433
1	4147
0	586
1	3362
1	2847
0	3045
0	1201
0	331
0	229
0	93
0	12
6	589
6	176
0	232
0	3806
24	1002
0	77
0	242
44	538
108	101
0	315
0	418
0	260
7	416
40	328
0	513
0	521
0	425
21	457
0	511
0	160
184	479
10	63
0	63
0	0
0	0
0	0
0	0
15	484
0	0
0	0
0	0
0	0
0	0
0	0
992	482
2	482
2	3
20	2260
0	0
52	0
0	0
0	0
0	0
0	0
0	0
0	0
0	0
0	0
0	0
648	992
117	503
53	73
0	68
0	89
91	45
11	200
15	58
0	9
0	104
13	67
0	44
0	227
4	20
0	39
0	295
0	158
2	1340
0	199
0	684
0	13
0	704
0	72
16	153
0	1
0	104
0	108
0	0
48	2868
0	5
319	3797
5	1811
65	2033
2	4664
68	3738
1646	2904
0	35
5	991
0	455
551	8968
108	5026
0	97
0	55
0	30
0	33
0	5
4	99
0	182
3	53
59	3924
1	55
21	276
7	289
16	540
0	554
0	605
60	15
6	93
0	41
0	43
2	79
0	17
11	79
9	480
19	685
0	31
178	821
0	604
112	571
12	80
0	58
0	0
0	0
0	58
0	58
148	340
0	151
0	308
0	151
0	241
0	0
0	0
0	0
0	0
0	0
0	0
0	0
0	0
16	11
0	11
0	11
0	0
0	0
0	0
0	0
0	0
0	0
0	0
95	2678
96	2211
10	172
0	163
0	28
451	356
0	58
0	71
176	938
20	369
2	152
18	16
5476	75
2	32
1	7
0	5
0	2
0	0
0	0
0	0
0	0
0	0
0	0
0	0
0	0
0	0
0	0
0	0
39	0
25	0
17	125
0	81
0	4
0	72
0	76
0	22
0	0
0	8
0	17
46	115
0	7
0	0
0	0
0	0
0	0
0	0
0	0
0	0
0	0
0	0
0	0
0	0
0	0
0	0
0	0
0	104
0	479
14	845
8	844
0	442
0	396
1	45
4	94
22	10
1	0
0	57
0	56
71	68
0	68
0	56
0	68
19	0
0	0
0	1
0	1
0	0
1	3
0	3
0	0
0	1
0	2
419	336
54	336
0	35
4	4
7	26
0	116
0	102
0	95
0	126
0	116
0	111
0	108
0	69
0	30
0	35
0	57
0	39
0	37
6	37
3	22
0	22
2	10
0	0
0	123
0	95
0	132
0	11
6	3
0	14
0	0
460	690
194	512
7	453
0	162
58	92
23	168
47	256
0	152
8	248
104	180
0	189
0	93
21	20
0	712
88	1705
0	339
0	467
17	1355
4	121
0	23
0	41
3714	3
0	0
18	0
4	0
46	399
53	902
1	915
169	1279
1	485
34	185
11	395
11	20
0	25
0	2
1307	780
15	255
11	592
4	51
0	78
0	25
0	102
0	0
44	825
0	12
7	80
0	303
0	621
0	12
0	12
2	254
26	860
9	860
0	864
0	816
0	179
36	719
4	770
0	164
0	0
2	77
0	266
0	58
0	23
0	151
0	175
0	13
0	35
2	48
0	10
0	10
0	45
0	19
0	3
0	14
0	38
0	255
0	0
0	0
0	0
0	0
0	0
0	0
0	0
0	0
0	0
0	0
0	0
35	191
0	0
0	1
0	0
0	1
0	1
0	0
0	0
0	0
0	0
0	0
0	0
0	2
0	0
0	0
0	2
8	52
226	468
0	202
0	363
0	255
0	205
0	210
0	81
0	207
0	108
0	136
0	178
0	177
3	146
0	0
0	52
1	35
0	21
1	0
2	9
0	2
6	25
4	0
53	17
0	13
0	4
0	344
5	1002
12	4628
3	4020
76	123
6	599
2	425
0	776
170	1012
8	804
21	2411
60	356
76	532
1	197
35	877
0	0
0	0
0	0
0	0
0	1048
0	1048
1	1038
0	690
0	68
0	32
0	33
0	33
0	33
0	33
0	33
0	28
8	25
0	33
0	31
0	36
0	31
0	38
0	31
0	20
0	20
0	0
0	13
0	3
1	1853
0	0
0	0
0	0
0	0
0	0
0	0
0	0
0	1047
0	20
0	23
0	23
0	16
0	0
0	16
0	23
0	150
10	150
0	143
0	25
0	0
2	222
7	222
0	18
24	316
0	0
0	26
482	689
4	604
0	666
0	78
14	103
0	666
28	19
0	524
0	124
32	287
98	26
0	106
142	474
28	56
14	55
15	425
0	51
0	51
0	48
0	51
0	199
0	271
0	279
0	112
0	52
58	120
0	14
0	3
0	12
0	12
0	4
0	0
54	1165
2	121
0	101
0	0
0	0
1	0
0	0
69	1191
89	1146
0	1190
0	0
0	0
0	0
0	0
8	0
0	0
0	0
0	0
0	0
0	0
15	6103
1	3779
9	1237
2	3817
77	275
2	4550
4	4058
23	29
0	6103
383	34
0	18
0	34
22	7
0	34
0	4
0	4
0	40
0	0
16	9
0	9
18	9
0	40
0	127
0	127
0	0
0	0
11	549
0	17
0	17
6	17
0	23
0	17
0	17
0	17
0	6
0	0
11	256
0	9
0	59
0	37
0	2
0	18
0	37
24	10
4	79
0	0
0	0
28	6034
702	6045
48	1761
0	211
8	1858
272	199
44	729
0	174
3	61
0	0
0	0
0	0
23	451
0	144
0	540
3	682
17	791
20	0
0	0
0	0
0	0
0	0
0	0
0	0
0	0
0	121
0	71
0	73
0	71
45	47
0	172
0	172
0	30
0	66
0	5648
0	28
24	3424
11	5525
1	1146
6	1036
3	615
8	194
1	241
31	60
2	166
4	63
0	37
0	42
7	0
0	0
0	0
0	42
0	42
0	15
0	0
0	0
0	0
369	5588
0	0
0	0
0	15
15	831
0	467
3	120
2	127
0	49
0	62
0	23
8	24
2	253
29	223
0	73
0	15
0	83
2	11
7	30
0	0
0	0
0	16
4	0
0	14
0	6
3	0
0	0
0	44
0	56
0	54
0	27
0	23
0	9
7	9
0	4
0	40
0	0
0	0
0	0
0	0
0	0
0	0
0	0
0	0
85	1077
219	1077
8	119
0	9
51	41
141	3
1275	13193
370	436
91	2479
345	45
1638	10056
165	127
473	9038
4	5605
72	134
7	183
1	7987
5	1206
168	2230
21	1622
15	17
0	719
65	1393
16	745
0	345
11	1265
3	44
4	1602
0	1037
0	966
12	876
0	387
0	841
4	29
0	980
13	96
5	295
0	78
27	72
13	29
9	57
0	49
0	0
1	29
0	63
0	42
6	782
0	788
8	728
8	1534
0	1457
0	18
0	1481
5	1456
0	3
0	0
0	3
0	16
0	0
0	0
0	40
6	40
0	40
1400	481
1	481
0	136
1	15
0	15
8	624
1	2040
16	714
23	1579
22	2030
0	801
46	655
7	93
0	72
224	379
0	55
0	209
0	14
0	72
0	103
14	39
9	27
0	115
0	103
0	5398
0	2945
0	0
0	800
0	504
0	219
0	2
0	522
0	95
0	643
18	251
0	217
0	569
0	619
3	43
0	33
4	0
210	708
141	2472
2	188
14	364
1	48
0	89
0	96
0	1
0	22
3	41
13	72
6	31
6	8
225	225
0	30
0	0
0	6
385	879
0	140
6	5
0	58
0	48
2	1476
3	1402
1079	550
0	42
4	792
3	86
4	5
12	782
0	36
0	88
0	64
0	44
0	5
5	25
0	33
21	99
0	625
0	17
0	44
4	277
0	282
0	143
0	0
0	281
0	0
423	121
5	121
0	0
0	421
0	401
0	369
0	397
3	245
0	409
0	455
1	401
76	330
14	84
1	126
0	0
0	0
0	0
148	11485
0	7784
7	12475
1	11096
24	4445
0	51
31	410
0	0
0	0
0	0
1896	829
9	682
6	89
0	17
0	696
0	10
0	18
0	8
0	8
0	8
0	8
0	8
0	8
0	16
0	16
0	8
0	0
0	0
0	0
0	0
0	0
0	0
0	0
0	0
0	0
0	0
7	8
0	0
0	8
0	0
1	0
0	0
0	0
0	0
0	0
0	0
0	4
0	8
0	8
0	8
0	8
0	54
0	0
0	0
0	0
5	10742
0	10247
0	122
0	75
0	0
9	468
17	418
0	87
0	0
0	0
0	0
0	413
0	434
0	449
12	483
0	76
0	94
2	0
0	147
0	437
0	121
0	151
6	177
0	186
0	109
0	62
0	90
0	0
0	19
0	22
0	54
0	13
2	13
0	0
0	2
0	0
0	0
0	4
0	4
0	4
0	0
0	0
0	0
0	0
0	0
0	0
0	0
0	0
0	0
0	0
16	189
1	3710
16	59
0	2282
4	45
0	1461
0	3956
5	2836
0	3875
0	12
0	14
0	0
1	109
4	19
0	17
0	4
10	292
7	121
5	165
0	117
3	175
14	1240
5	272
0	152
3	147
0	216
2	649
0	1118
0	1057
0	225
15	87
0	364
0	169
7	211
13	180
15	111
11	36
0	0
3	0
0	0
0	0
126	2298
15	190
46	2198
0	126
0	118
0	120
6	140
78	0
4	6530
0	5988
101	6050
0	4053
138	44
0	110
44	2313
0	2439
8	343
3	652
0	621
1	197
15	392
6	370
0	384
0	425
10	25
0	190
0	132
2	76
0	2577
0	3374
0	1556
636	9679
103	8364
11	9314
0	2538
21	238
53	49
0	0
0	0
0	0
10	133
0	24
18	117
9	0
0	50
0	4
0	212
1403	214
0	185
0	60
0	0
4	43
2	3340
21	3179
20	3725
0	3207
14	44
0	44
0	23
0	0
63	6
0	8
1	222
0	2
0	0
5	1457
301	1896
19	1468
4	1107
6	99
0	70
0	45
0	58
1	104
9	15
18	18
62	22
0	16
0	6
11	17
0	0
0	8
0	0
0	0
0	0
0	0
0	0
0	2
0	0
0	0
0	8
0	7
0	0
0	0
0	0
0	0
11	216
0	1848
0	1914
0	1446
0	1888
0	1826
10	271
50	240
0	355
1	257
17	297
36	499
0	0
0	0
114	647
2	108
0	88
6	19
22	48
11	49
0	35
0	14
3	16
32	103
0	103
46	167
0	167
0	21
0	42
5	0
0	0
0	0
286	1197
0	0
0	0
0	0
0	0
0	0
2	3
3	51
0	59
9	146
0	38
0	81
0	0
0	0
0	0
0	0
12	0
35	89
1	69
0	30
8	247
7	165
0	34
0	0
0	155
0	155
9	142
0	67
0	155
24	54
31	34
1	48
5	30
0	158
159	1368
30	23
0	486
31	1303
0	55
0	40
15	40
2	40
69	244
0	28
0	14
0	12
0	4
2948	1509
0	54
4	89
38	1167
39	1358
87	95
6	26
0	11
1	14
3	14
0	11
0	25
0	1
0	25
5798	0
15	530
7	750
10	1297
0	3282
4	10
0	48
7	2772
0	2886
6	304
0	282
0	2910
0	120
0	2970
19	1176
93	550
0	2352
0	531
0	33
2	2247
0	547
1	287
11	320
20	288
0	810
8	251
0	961
0	978
0	658
0	887
19	864
0	701
0	945
0	567
0	354
0	527
0	541
0	309
0	254
0	346
0	129
0	347
0	291
0	237
0	615
0	616
0	29
0	172
0	190
1	282
0	379
0	40
13	178
0	29
0	29
893	319
3	256
0	59
2	36
0	57
1	0
0	0
0	0
0	0
0	0
0	0
891	1868
0	1361
7	45
18	16
0	58
0	0
0	0
0	0
95	0
35	4551
57	4499
0	3242
1	3489
0	4543
2	3067
0	2750
0	2725
39	59
2	94
12	388
0	23
0	248
22	595
0	0
0	0
0	0
0	0
0	0
0	0
0	6
0	223
0	32
0	222
0	228
9	66
0	231
0	222
0	204
0	102
0	238
0	0
0	8
0	8
0	233
0	0
0	0
0	742
0	457
0	742
0	804
0	0
0	268
0	268
0	0
6	143
0	15
0	0
0	0
0	0
0	15
51	719
10	170
12	76
0	78
0	715
58	1068
0	960
14	972
19	1068
0	313
7	247
27	55
0	8
0	80
135	76
10	1
1	158
1166	1296
3	212
16	307
0	980
0	136
1	881
282	257
33	6
0	100
23	414
0	534
4	420
13	134
1	199
0	1
0	0
0	0
0	0
0	0
0	0
0	0
0	0
0	68
0	143
17	41
9	41
0	113
5	370
0	37
2	5
0	35
0	20
15	26
0	106
187	1073
0	480
0	85
49	757
0	536
0	273
0	527
0	700
16	107
6	56
36	186
0	0
0	0
392	426
0	105
0	106
3	113
29	310
0	37
0	285
0	285
19	37
0	20
0	37
0	0
0	0
0	0
0	27
0	0
39	1743
0	0
120	506
77	508
73	2
0	0
0	0
0	0
0	0
0	3
0	1
0	3
0	435
0	0
0	0
0	0
0	0
0	0
0	0
0	0
0	0
0	0
0	284
0	434
0	432
0	432
0	0
0	0
0	0
0	0
0	0
0	0
0	0
0	90
0	56
0	11
0	53
0	11
0	0
25	15
0	49
13	283
0	178
0	275
0	267
0	290
14	82
0	18
5	93
0	83
0	0
413	986
0	18
12	4
0	0
505	0
0	0
1	132
0	215
20	236
0	232
0	1
9	0
0	0
0	0
0	17
300	1881
9	1231
0	1313
53	1145
0	250
0	144
44	670
13	681
0	110
0	0
469	401
0	7
0	0
0	4
0	7
15	18
16	102
0	13
0	0
0	0
0	0
7	3675
12	4796
0	2166
0	312
55	1785
126	1146
30	465
0	230
0	2721
36	625
0	4778
1045	94
9	41
0	25
0	1
0	19
0	9
10	2
0	3
0	96
9	2
0	63
0	439
11	0
0	439
0	389
0	58
0	439
25	11
0	132
0	3
0	10
0	75
2	33
0	406
1	629
0	70
519	2407
4	1974
1	72
2	80
0	179
9	0
13	48
0	1186
3	70
0	10
0	12
0	5
0	33
5	16
0	3
0	3
0	0
0	0
0	0
0	0
0	133
65	379
56	485
1	231
0	188
0	107
9	179
5	755
0	41
4	199
0	39
21	22
0	65
0	53
0	69
0	13
0	69
0	69
0	65
0	61
0	52
0	35
4	0
0	4
0	0
0	4
0	0
0	0
0	0
0	4
0	4
0	0
0	4
0	0
0	0
0	0
0	0
0	4
0	0
15	0
0	0
0	0
0	0
0	0
0	0
0	0
0	0
0	0
32	6377
5	13979
7	22
53	22
845	13670
0	295
0	36
9	0
5	106
9	458
0	22
12	12408
270	2157
1721	2227
0	154
21	435
21	326
0	86
5	120
1	195
0	215
1	517
0	0
0	625
0	6
0	10
10	240
1	4
0	74
0	3
0	3
0	6
0	6
0	17
0	42
0	149
0	238
0	1
2	33
0	45
0	20
32	606
0	588
11	0
0	0
0	0
0	0
564	1750
8	1701
11	1013
18	531
3	0
0	4908
360	4917
1	450
0	734
0	734
0	444
0	668
0	770
0	6
0	734
0	4
0	0
0	0
0	0
0	0
0	3
0	3
0	0
0	0
0	0
15	29
0	29
751	662
0	202
0	56
0	75
2	47
0	84
0	176
8	185
0	0
62	217
24	175
16	32
0	56
0	214
0	189
8	10
0	0
0	53
0	83
0	2311
75	2866
49	3084
0	282
1	117
39	863
4	177
0	24
21	0
11	2
2	311
6	287
30	13548
0	5137
47	5012
12	9683
15	9939
11	9637
18	6933
25	9815
0	3895
4	4388
3	2247
0	0
0	0
0	0
0	0
0	7
0	7
0	4
0	2
1	0
22	36
0	36
0	0
0	0
0	0
0	0
0	0
0	0
0	0
0	0
0	7
77	73
0	7
0	0
0	0
0	0
13	194
0	0
0	61
0	23
0	23
0	64
0	61
1	293
0	285
0	25
5	1
0	65
0	134
14	64
0	0
0	0
0	0
0	1605
0	1605
63	1919
6	1953
332	179
0	612
0	896
0	123
0	141
0	26
0	163
0	105
0	32
0	20
0	20
68	1
0	0
0	651
8	4445
5	3728
0	1163
7	6258
0	24
0	58
0	635
0	3874
28	2
15	689
5	140
0	5
0	44
0	36
0	4000
0	4114
0	11
1	4946
5	6438
0	3096
1	45
22	12
0	3373
0	4104
0	3745
24	1478
0	233
0	3608
1	247
8	116
0	3089
6	4373
14	2675
0	11
0	98
1	2200
0	2432
0	155
38	1461
318	300
0	4390
13	6326
0	0
7	1
39	707
0	285
0	675
1	32
0	0
1	43
18	0
4	30
0	15
0	496
202	255
0	165
0	116
2	0
26	456
69	456
1	59
0	426
0	54
0	426
0	426
0	0
0	194
0	450
0	0
0	0
0	0
0	0
0	0
0	0
0	0
796	1332
4	404
11	386
0	230
74	212
1	304
0	175
392	317
6	149
8	316
0	76
3	366
0	415
0	108
6	68
0	104
7	45
0	0
0	0
6	17
0	15
0	15
0	15
0	0
0	13
10	58
0	0
72	30
0	0
0	9
0	0
0	0
0	0
0	4
0	0
0	2
0	21
0	15
0	15
0	15
0	0
0	0
19	111
0	11
5	137
0	130
0	19
0	26
0	67
6	48
0	12
0	9
0	12
0	0
0	9
0	0
0	0
0	0
0	12
0	12
0	12
0	12
0	12
9107	9096
9	2632
0	5280
0	6176
59	4927
3421	7242
3	3229
4	1326
28	6989
41	367
13	5174
81	1282
77	2927
409	4998
0	4304
216	3745
2	1550
89	635
87	764
0	828
0	1843
230	462
72	1290
35	312
0	1283
0	0
0	0
0	0
0	0
0	0
0	0
0	31
0	34
0	7
0	16
0	27
0	7
0	10
0	0
0	0
0	0
0	0
4	102
0	0
0	6
0	0
0	31
404	952
0	0
9	243
2	12
0	243
24	44
0	81
0	53
29	50
0	63
30	16
11	7
0	9
0	6
0	10
0	11
0	489
6	489
0	489
0	13
811	692
11	692
14	213
3	66
0	0
0	0
0	2
13	2
0	2
0	0
0	0
0	0
0	0
0	0
0	0
0	0
0	0
0	0
0	165
3	171
4	27
0	132
0	0
0	3
0	9
0	12
0	0
0	0
0	5
0	0
0	0
0	1
0	0
0	180
0	0
0	0
0	0
0	0
0	22
0	22
0	22
237	50
19	17
0	18
0	0
14	32
5	117
5	115
0	0
0	2
0	2
11	99
6	12
0	0
0	5
0	9
0	7
0	1
0	16
0	1
0	1
0	8
0	66
0	65
0	1
0	0
0	5
0	0
0	0
2213	1688
4	730
109	1655
0	0
0	0
0	0
0	0
0	0
26	33
149	0
79	0
0	0
0	0
0	0
0	0
0	0
0	0
0	0
0	0
0	0
24	657
0	0
0	0
0	0
0	0
0	0
0	0
0	0
0	0
0	0
0	0
0	161
0	158
0	119
18	312
0	81
12	97
0	160
0	145
0	35
45	113
0	113
1	384
0	251
7	368
37	345
0	74
209	50
121	55
0	5
11	14
0	10
610	0
0	0
39	109
2	109
332	273
0	35
0	25
0	4
0	238
0	3
83	214
0	129
0	0
0	55
3	63
0	4
13	59
0	9
0	9
0	0
0	9
0	0
0	0
32	1052
0	6
0	6
0	6
0	6
0	0
0	6
0	2
0	2
0	0
0	0
0	6
0	6
3	0
0	0
0	0
0	19
0	0
1	41
0	9
0	50
0	50
0	41
0	1
0	24
0	12
0	25
7	17
3	96
0	12
0	0
235	209
0	44
11	96
0	35
0	128
0	33
0	15
0	27
6	102
5	10
23	103
1235	7826
448	5949
23	3423
114	6774
30	5736
0	47
0	29
0	47
0	18
0	47
3	234
2	55
65	193
0	193
0	0
0	0
0	0
0	0
0	0
0	0
0	0
0	0
0	0
0	0
0	0
0	0
126	68
16	238
5	5
202	233
0	31
0	237
291	1006
34	909
0	0
27	1006
0	0
3	0
0	0
0	0
0	0
0	0
0	0
0	0
0	320
0	91
0	91
0	84
7	1405
0	1458
0	106
1560	1554
0	65
0	66
3	904
16	108
414	454
15	624
1561	3978
174	3452
95	1065
137	903
136	68
267	1127
7	2426
62	148
0	0
0	0
0	0
0	0
0	0
0	0
0	0
106	238
0	221
0	0
0	1
74	2276
90	3147
24	2494
279	2956
3	2777
20	142
40	17
78	253
4	51
4	235
1	242
1	70
0	274
25	169
0	0
0	5
0	5
0	5
0	5
0	0
0	0
0	0
0	0
0	5
0	5
327	5694
15	14759
691	0
0	538
303	0
6	331
0	51
0	14118
0	6272
12	12393
0	4216
88	626
0	2204
2	9217
0	8533
170	1859
0	819
20	81
0	8150
30	700
76	527
104	266
17	344
0	53
218	1
6	1951
428	3338
5	559
0	14668
0	6070
1	7490
1	5996
0	8036
252	3771
41	1369
4	7197
0	5899
0	5443
13	7403
0	777
57	1581
0	1528
59	493
7	2972
3	601
24	26
1	1850
0	300
10	1575
2	171
0	700
1	674
0	304
0	0
5	856
0	4
0	4
0	712
0	0
42	159
0	148
0	44
1757	801
1	767
12	400
56	313
0	1205
4	0
0	13
3	1
2296	2901
0	1087
130	2839
32	1475
163	422
126	288
0	148
15	52
9	132
2	109
0	1
0	127
0	0
0	0
0	0
0	0
0	840
0	739
403	2553
12	671
67	622
0	132
0	0
0	0
0	3
108	2387
36	4
0	2383
223	215
11	45
22	44
6	51
4	65
0	102
0	20
0	20
0	20
0	16
0	20
0	20
0	16
0	20
0	0
0	0
2	23
0	0
0	0
0	23
0	0
593	1259
35	1025
1	369
18	1088
0	172
0	130
0	36
1	97
0	49
0	68
0	80
8	196
2	178
0	65
0	59
0	24
15	0
9	0
0	117
0	0
0	0
0	0
0	0
0	0
0	0
0	0
0	117
0	117
0	28
0	81451
0	68891
0	49185
0	51591
0	62227
0	42870
0	37750
0	38288
0	81449
3	38093
0	0
0	0
0	0
0	0
0	0
0	0
3	745
0	189
0	177
0	187
0	0
0	0
0	0
0	951
0	862
0	940
4	758
0	814
68	290
0	6
0	444
20	232
24	9
0	136
0	308
0	435
7	3265
0	2865
0	3253
0	1599
20	1147
11	72
0	1267
6	44
25	102
75	62
15	607
30	0
7	1516
12	1259
11	1263
0	67
0	16
12	439
5	212
0	2931
6	198
9	3679
0	3691
10	202
2	2317
0	10
92	638
1	9
4	2209
25	905
0	149
0	134
0	477
0	161
4	80
12	331
3	673
8	0
35	298
2	81
18	6
0	6
0	0
2090	823
33	100
43	231
0	86
0	25
0	56
0	0
0	111
0	59
0	72
51	0
23	104
377	29
0	61
3	413
23	2
0	1067
9	1067
0	0
0	0
0	157
0	116
0	44
0	14
0	0
0	15
0	3
0	157
1601	2706
3	2022
13	1767
0	167
0	1716
42	2385
0	70
3	4
0	55
11	114
0	665
0	147
0	0
0	0
0	0
0	0
0	0
0	0
0	0
0	0
0	0
0	0
0	25
0	0
0	0
0	0
0	0
0	0
0	0
0	2239
0	2070
0	95
200	1975
0	124
0	102
0	107
0	2011
1	674
0	366
0	2165
0	67
2	89
0	33
6	115
10	100
39	3
8	46
0	192
11	1819
18	1024
0	371
0	210
0	18
1	0
8	767
40	151
0	652
0	454
0	552
34	654
0	162
0	354
0	180
38	34
1	268
66	442
0	448
2	13
9	182
0	99
0	10
0	10
0	1
0	9
0	13222
0	5955
0	6553
0	1396
0	11248
0	10
3	168
0	3
0	0
0	0
4	53
0	178
1	301
0	360
0	165
0	36
0	92
0	325
0	280
0	85
0	223
0	53
0	107
14	46
0	165
1	292
0	12
0	272
8	20
0	346
0	236
0	4
0	4
0	1
1	20
0	0
0	0
0	0
0	0
5	480
0	692
0	668
4	799
142	18
0	11
0	11
0	5
26	65
0	0
0	0
0	0
0	0
0	13
1	1394
0	1095
0	305
2	563
0	239
566	21
6	0
35	21
0	0
0	0
0	0
0	0
0	13646
0	13999
0	13309
0	1110
0	58
0	1525
0	13689
0	95
22	6
4	120
0	90
1	13325
0	911
0	1595
0	31
0	10
0	106
0	715
0	2182
94	12097
0	910
33	0
0	13014
0	1052
96	468
0	79
2	637
7	0
0	2896
106	780
0	2650
3	2342
0	74
13	241
2	15
4	1015
0	1992
0	73
0	106
0	822
3	782
0	907
5	835
0	787
0	713
4	832
0	716
0	1
0	834
0	73
0	834
0	783
0	751
0	770
0	0
0	104
0	5
0	23
0	603
0	671
0	0
0	620
0	657
0	13
0	58
0	214
0	25
0	100
0	283
0	130
7	38
0	174
26	68
0	0
0	75
0	67
12	483
10	78
0	65
0	76
8	480
0	78
10	56
9	67
545	421
2	95
0	56
0	0
0	10
0	49
0	34
0	4
0	5
0	61
0	61
0	3
0	0
0	0
7	335
0	2
0	1
0	9
0	9
0	0
0	10
0	5
0	61
0	61
0	0
0	0
0	0
5	0
0	0
0	0
0	0
0	0
0	0
0	0
0	0
0	0
0	0
0	0
0	0
0	0
0	0
0	0
0	0
0	0
24	593
54	659
17	477
0	372
2	15
0	102
13	35
0	81
23	6
13	31
2	9
4	13
5	2
95	2133
6	1472
0	1264
7	1473
1	86
0	55
0	68
8	622
20	75
0	451
9	251
0	0
0	0
0	0
1129	4376
88	2986
0	2056
17	1020
1	2376
21	2395
6	1997
6	2152
25	561
13	907
5	364
4	121
48	0
0	6
0	0
0	0
0	0
0	0
0	0
0	0
119	723
418	70
9	137
0	676
3	0
0	0
0	40
0	31
0	40
0	31
0	13
0	8
0	10
0	0
0	0
0	0
0	0
0	1
0	1
0	0
0	1
0	0
0	0
0	1
13	63
16	109
20	306
73	85
0	5
27	268
6	172
0	95
0	180
0	121
0	30
6	43
0	67
0	12
0	85
0	220
4	271
0	187
89	431
1	332
2	202
0	0
803	1209
0	710
0	635
0	884
0	244
5	1
10	24
0	2
0	496
0	633
0	576
58	616
0	119
0	39
0	27
24	54
3	12
0	7
0	512
204	338
0	62
5	0
1	338
49	52
0	51
0	50
5	624
0	20
0	0
2	36
11	34
0	15
0	14
0	1
0	36
0	0
0	0
0	0
0	0
1031	1375
0	1375
0	61
21	148
225	232
0	309
3719	1868
79	346
197	127
0	616
0	402
0	977
2	37
5	37
0	37
0	37
0	20
0	8
3	8
0	8
0	8
2	2
1	0
0	117
0	10
0	3
2	0
0	0
0	10
219	16
4	16
0	12
0	10
0	16
0	35
0	43
13	20
0	27
0	5
6	20
0	20
0	299
0	299
0	0
0	0
0	299
252	4648
3	129
1	0
0	4598
0	6
0	6
0	3
0	0
0	0
0	3
0	0
0	0
0	0
10	0
0	0
30	3
6	0
7	0
0	0
0	4082
0	4193
0	196
0	3927
0	4139
24	98
0	9
4	9
0	0
0	9
0	9
0	3
0	11
0	3
0	8
0	153
0	0
8	284
11	287
0	128
0	80
0	32
1	46
0	295
0	295
14	287
0	0
0	0
0	0
0	0
0	53
0	52
0	0
0	0
0	1016
0	41
0	317
81	531
5	242
50	124
0	185
0	60
5	279
0	256
0	0
388	1413
4	1240
0	26
220	26
0	0
0	0
0	0
0	0
14	527
0	0
0	1277
42	1364
235	1364
0	0
0	0
0	0
0	0
0	0
0	0
0	0
0	0
0	48
0	16
0	733
0	15
0	745
0	27
0	0
0	0
17	33
0	33
0	0
0	0
0	0
0	0
0	0
0	0
0	0
0	0
0	0
0	0
0	0
0	0
0	0
0	0
0	0
0	0
0	0
0	0
22	731
0	3
0	1
0	0
0	0
0	1
0	0
0	0
0	0
0	7
1	3
0	5
0	0
0	0
0	0
0	0
9	140
0	488
0	761
0	686
4	85
7	24
0	112
52	324
17	1248
3	0
0	0
0	0
0	0
0	0
0	0
515	607
0	291
0	401
0	188
4	2
13	152
0	19
5	19
0	19
2	18
0	18
0	18
0	18
0	19
781	406
0	11
12	76
0	65
0	0
0	8
0	8
10	168
0	8
0	2
2	268
0	120
0	0
18	0
0	9
0	7
0	6
0	177
0	170
3	154
7	202
0	65
0	168
3	275
0	207
0	28
0	29
1	76
0	177
0	87
0	0
0	0
0	0
0	0
0	1510
0	551
0	803
20	624
4	261
51	20
0	0
0	0
0	0
0	0
0	0
0	0
0	97
0	35
280	764
0	41
0	314
0	281
0	10
0	12
0	104
5	3
9	175
0	32
0	0
0	3
0	0
3	21
0	0
0	0
0	0
1	2297
1	2297
0	770
0	581
0	788
7	10
0	410
0	385
1029	847
48	443
0	71
0	467
0	603
9	4
6	107
0	854
8	417
0	741
0	25
0	25
0	17
0	17
0	0
0	0
1	8
0	16
0	1
0	0
0	0
0	0
0	0
0	1
0	0
0	0
0	0
0	0
0	0
0	0
0	0
0	0
0	0
0	0
0	0
0	0
0	0
0	329
0	0
0	0
0	0
27	1110
2	305
0	305
0	0
0	0
291	0
694	530
9	163
14	2570
0	14
17	299
0	257
4	404
0	76
0	169
34	120
50	82
19	296
0	38
0	81
0	2559
0	36
0	0
0	0
0	0
8	0
185	0
0	15
0	38
0	32
4	8
0	30
0	6
7	8
0	29
10	7
0	7
0	0
0	0
0	0
0	0
0	0
0	0
664	1983
126	397
9	159
36	1746
2	756
0	87
7	251
2	0
0	0
0	0
0	0
0	0
0	3
0	14
0	14
0	0
0	0
0	0
0	0
0	0
0	0
0	0
0	0
0	0
0	0
82	17
37	17
0	0
0	0
0	0
0	0
0	0
0	0
0	0
0	0
0	0
0	0
0	0
0	0
784	56
1	12
1	12
0	0
0	0
0	0
0	0
0	0
0	0
0	0
0	0
0	0
0	0
0	0
0	0
1	139
0	17
0	14
0	0
19	453
0	122
6	1
838	206
0	50
0	201
0	8
0	8
24	7
0	8
0	0
1	2191
3	246
9	2518
0	297
0	59
0	2237
2	366
1	373
7	209
7	446
0	2249
0	403
0	229
0	225
0	2210
0	1973
0	0
0	0
0	0
0	0
0	0
0	279
0	0
0	0
0	0
0	0
0	0
0	0
0	0
0	0
0	0
0	0
49	153
0	0
0	0
0	0
0	0
0	0
0	0
0	0
2480	2729
104	1648
20	2756
0	617
12	2181
2	706
55	840
10	64
0	650
0	121
32	0
0	306
0	117
0	51
0	42
1	80
2	39
0	20
0	6
0	101
0	42
0	18
0	0
0	2278
601	3055
35	76
0	53
4	2200
0	8
0	8
14	69
765	96
0	98
0	0
0	0
0	0
0	0
0	0
0	0
0	68
0	0
0	0
0	0
0	0
0	0
0	0
0	0
0	0
0	0
0	0
0	0
0	0
0	0
0	89
0	10
0	89
9	84
0	86
0	78
0	21
0	25
155	1022
3057	36002
387	2408
458	695
1070	10251
3586	32851
33	26
0	10
0	0
0	0
0	4
0	0
0	0
0	0
0	0
0	10
0	10
0	6
0	4
0	0
0	0
0	0
2001	395
0	152
0	332
1	9
73	23
0	4
9	4
0	4
0	0
118	9404
0	4618
939	9425
0	4754
33	1
0	3284
0	676
33	591
2	72
0	3893
0	1996
0	2003
0	225
14	358
5	630
1	1667
0	1901
26	366
0	1672
0	1994
0	1
0	23
0	23
0	1
0	0
0	1
0	1
0	0
0	0
0	9
0	0
0	22
0	1
0	22
9	0
0	5
0	0
0	135
0	119
0	119
0	92
0	0
0	0
0	0
0	0
0	0
0	0
0	0
0	0
0	0
0	0
0	0
1364	0
0	0
0	0
0	0
14	47
2	175
78	296
0	84
0	170
45	154
8	99
0	265
0	553
0	1905
7	78
6	68
0	1882
0	1923
0	1745
705	0
5	1611
0	1601
0	1199
0	357
0	71
15	1289
0	154
44	144
0	195
7	1290
0	109
71	76
0	180
0	116
0	329
1	95
0	150
8	104
0	106
0	39
3	181
53	165
190	983
0	496
0	461
5	343
45	184
11	185
1	19
0	845
0	0
0	5
0	4
0	1
0	841
0	1
1	456
0	466
1	18
151	1804
0	1351
17	1674
0	547
33	241
0	90
0	5
1627	514
0	352
0	48
15	2373
173	2249
0	2481
6	747
20	1292
50	598
37	1970
0	98
1	163
0	123
0	598
12	31
32	10
0	39
7	205
29	377
30	186
30	177
3	105
0	160
0	34
0	11
34	1070
10	1482
2	1270
0	1417
0	1403
0	1336
0	1259
5	266
0	280
57	159
0	85
9	95
0	78
0	62
4	62
34	180
1	0
44	1546
11	794
1	1147
0	73
0	326
1	1470
0	19
0	6
1	1392
0	1457
3	405
0	153
0	301
0	84
0	329
1	22
0	468
0	853
0	405
15	36
118	815
0	1471
0	1469
0	1413
0	3
0	3
0	0
0	0
0	0
0	0
0	0
0	0
0	3
0	0
0	0
0	0
0	0
0	0
25	78
0	78
0	78
0	0
0	0
0	0
0	0
0	0
0	0
0	0
0	0
0	53
0	57
12	60
2	1
0	0
0	0
0	0
0	0
0	0
0	0
0	0
0	0
0	0
0	0
0	0
0	0
0	0
0	0
0	0
0	0
0	0
0	0
12	1975
7	313
36	1698
0	304
0	434
5	375
21	312
0	673
0	333
6	19
48	1
0	27
25	78
0	0
0	0
0	0
0	0
0	0
0	0
0	0
0	0
0	0
0	0
3345	0
2	102
35	271
2	0
0	17
37	169
7	19
0	88
9	214
4	9
11	81
1	45
0	0
0	0
0	0
0	0
0	0
0	0
21	94
9	94
2	228
5	54
9	186
42	79
3	49
0	93
32	78
0	20
0	20
0	8
0	0
0	20
0	48
0	39
0	87
2	113
0	32
3	252
0	412
1	96
0	83
26	0
0	334
0	88
0	120
0	374
21	0
0	85
0	36
1	83
0	311
0	48
0	5
1	46
0	39
5	0
46	153
0	378
3	350
5	4
0	0
0	0
0	0
0	0
0	4
0	4
0	4
0	0
0	0
0	0
0	0
0	0
0	185
24	5
0	129
0	86
4	130
0	10
0	0
0	129
0	0
0	0
33	10
0	0
0	0
0	0
24	412
0	9
0	0
0	0
0	0
0	0
0	0
0	0
0	0
13	630
19	35
0	199
8	30
0	397
0	503
0	44
9	80
0	21
1	81
0	43
1	31
0	645
51	630
0	3909
72	3733
2	12
0	0
0	0
0	0
0	0
0	985
35	129
6	512
188	164
3	1310
0	567
0	0
0	0
0	0
0	0
0	0
0	0
0	0
7	744
0	0
0	0
0	0
21	1934
9	3
76	3666
82	3904
0	1
167	0
8	2131
24	1937
1484	362
0	105
7	116
81	248
0	60
1650	139
11	279
106	1100
142	133
157	759
18	127
55	380
0	117
2	154
0	30
66	22
12	0
0	71
0	72
0	69
0	54
0	53
0	71
0	72
2	63
0	35
0	36
0	0
0	5
0	5
0	71
0	67
0	56
0	55
0	55
0	8
0	3
0	8
0	3
0	0
0	3
0	0
0	0
0	0
0	0
0	2
0	0
0	0
0	0
0	0
0	1
0	1
0	0
0	4542
0	10
0	27
0	27
0	9
0	27
0	27
0	34
0	24
0	6
0	24
0	24
0	24
14	34
0	24
0	0
0	24
0	24
0	7
0	0
0	6
1	24
0	18
0	31
582	364
47	85
11	268
0	231
0	55
4	72
10	506
0	0
0	0
0	0
0	0
0	0
0	0
0	0
0	0
0	0
0	0
0	237
0	3
16	1255
39	23
5	1149
98	841
8	6
11	24
111	1426
0	142
11	283
0	388
0	246
103	157
0	90
0	89
0	14
0	14
14	66
10	52
0	42
12	76
0	51
0	14
0	5605
6	6420
10	2370
26	3519
0	3873
0	2863
37	1980
0	2587
7	2425
0	1578
6	44
33	1350
0	196
0	147
0	135
0	0
0	0
0	0
0	0
0	0
0	0
0	0
0	0
0	2
0	2
0	0
0	2
0	2
1	2
6	241
79	241
0	1
31	0
182	0
7	90
0	0
0	0
0	101
21	165
40	211
0	71
32	189
3	13
9	39
0	142
0	145
0	139
0	37
4	25
0	123
0	0
16	0
0	3
0	11
0	20
0	20
34	85
0	0
0	0
0	0
0	0
0	36
0	36
0	0
1	0
0	28
0	13
0	0
0	0
0	0
0	36
0	582
0	293
5	302
5	221
3	0
0	0
0	24
0	23
0	35
0	16
3	636
0	0
0	0
0	0
0	0
0	0
291	35
11	35
60	1361
0	356
10	464
26	598
0	755
0	948
870	860
0	10
34	34
5	28
6	21
0	200
0	681
0	675
0	659
5	992
7	290
0	227
0	39
0	1763
27	2210
350	981
1	585
118	1095
0	301
19	308
58	1084
64	747
1	215
0	506
0	109
0	0
0	0
0	0
0	0
0	0
0	0
0	0
0	0
0	0
0	614
0	0
0	0
0	0
0	5
0	13
11	13
0	5
0	13
0	5
0	11
0	13
8	780
2	533
0	84
0	486
0	13065
0	11785
0	11368
0	9010
0	12709
0	10915
0	9764
0	6800
0	13065
0	0
0	0
0	0
0	0
0	81
0	0
0	0
0	0
0	26
0	81
0	81
0	81
0	81
0	81
0	81
0	81
0	81
0	0
0	0
0	0
0	0
0	0
0	0
9	15
0	4
0	11
0	6
0	4
0	4
0	0
0	0
0	26
6	0
10	6
0	0
0	26
0	71
0	23
0	31
0	25
0	25
0	26
6	1851
10	1215
0	33
12	1530
40	1791
0	1322
30	1242
0	118
5	134
39	1206
10	21
34	130
3	258
0	222
19	706
0	342
0	0
1	51
0	0
0	0
0	0
0	0
0	0
0	0
0	0
0	0
0	0
0	0
0	0
0	0
0	0
0	0
0	0
0	0
0	0
0	0
0	0
0	40
0	0
0	0
0	0
0	0
0	0
0	0
0	0
0	0
0	0
0	0
0	16
0	16
0	583
0	583
0	0
0	2
0	2
0	5
5	73
0	6
0	0
0	0
0	3
0	3
0	0
53	3056
0	1559
0	0
0	0
0	0
0	0
0	0
536	1424
1	181
0	0
0	0
0	0
0	0
0	0
5	164
124	164
0	36
0	3585
0	3153
0	2475
23	2795
0	3140
0	2995
0	3202
0	2678
0	2507
0	2803
0	1972
0	2303
28	3229
0	2521
1	2540
0	2590
0	2918
0	2614
0	1933
0	3163
0	3099
0	2571
7	3101
4	2141
0	2070
0	2269
0	2324
0	2207
0	1859
0	1697
0	1266
0	1799
0	227
0	1276
0	1388
0	1171
0	950
0	354
3	408
0	399
0	424
0	555
32	294
0	279
0	10
0	215
0	33
0	229
8	295
174	273
46	1
0	15
0	28
0	0
0	0
0	28
0	0
0	0
0	15
0	0
0	0
0	0
0	28
0	0
0	0
0	0
0	0
0	15
0	0
84	1481
23	251
4	259
0	368
1	371
7	2603
0	2325
0	1253
0	147
0	46
0	131
0	91
0	17
0	42
0	110
0	0
0	2393
586	39746
0	7692
169	24447
845	8600
472	35826
12	3703
13	22875
1	21573
23	10394
76	5741
562	8085
247	1109
112	1883
0	46
0	0
0	0
3	0
0	0
0	0
0	0
0	0
0	0
0	0
0	0
0	0
0	0
0	0
0	0
0	83
0	10
0	63
0	1370
0	1415
0	365
32	319
0	354
0	96
8	145
26	78
0	63
7	59
52	2
0	1418
13	1378
0	1286
0	457
20	249
5094	249
0	24
267	221
34	58
0	175
0	2
2	33
19	0
4	0
0	0
0	408
0	408
1	15
0	2
0	0
2	2
0	2
0	2913
5	2167
20	887
28	1471
0	2372
0	1411
4	1728
5	120
0	1705
0	2425
0	154
4	186
0	113
0	123
0	49
0	0
0	0
0	29
0	29
0	27
0	27
0	350
0	330
0	45
0	54
3	25
0	17
22	1295
0	1280
0	1352
0	159
11	0
0	1291
4	0
0	21
0	21
0	11
0	0
31	0
9	0
0	0
0	0
0	0
0	0
0	486
0	486
0	46
0	51
0	486
0	0
0	8
2	2239
0	2102
23	2104
2	2211
0	2285
26	2271
0	366
9	271
2	369
3	40
10	3
0	12
0	285
4	112
0	45
37	3
0	34
1	0
9	19
14	52
125	214
1	5
8	8
3	8
0	12
7	148
0	12
1	137
0	14
0	0
0	117
0	55
0	564
7	1488
0	395
11	827
3	284
156	1253
5	391
3442	1626
0	540
0	82
0	159
0	55
71	28
0	162
0	1414
5	40
0	58
7	54
0	1448
0	75
0	50
0	92
0	47
44	13
9	102
8	128
0	40
0	53
0	106
0	27
0	31
0	26
0	84
0	27
0	20
0	31
0	37
0	55
0	34
0	35
0	27
0	17
0	25
0	25
0	28
0	28
0	1
0	0
0	117
0	174
0	50
0	23
0	35
0	178
1	234
0	193
0	163
0	63
0	3
0	0
0	20
11	71
0	0
6	0
7	0
0	204
0	40
0	0
0	1
0	0
0	1
0	0
0	79
0	79
0	0
0	0
0	0
0	0
0	0
0	0
0	8
0	31
0	175
0	0
0	0
1	257
12	86
0	137
14	245
0	49
0	0
0	0
0	0
0	0
0	0
0	0
0	0
0	0
0	0
0	0
0	0
0	0
0	0
0	0
0	0
0	0
0	2
0	0
0	0
0	0
0	0
0	0
0	0
0	0
0	0
0	0
0	0
0	0
0	0
0	0
0	0
0	0
0	0
0	0
0	0
0	0
0	399
0	55
0	175
754	1618
0	1088
1	589
0	835
0	720
3	843
0	259
0	815
0	840
0	984
0	578
13	795
0	205
2	719
3	219
13	209
0	167
137	147
0	196
0	87
0	126
0	44
4	18
2	0
0	33
0	54
12	43
0	16
5	12
2	746
25	233
7	8
82	235
0	234
0	163
0	744
0	6
0	89
15	20
2	89
6	14
8	0
14	19677
0	20651
331	2824
25	2483
130	2532
440	551
2	28
0	8
5	2164
0	1702
131	1743
17	1504
2	1561
0	219
0	903
76	73
16	993
0	979
0	7
0	116
0	6
0	8
0	6
0	81
0	11
0	85
0	115
2	306
0	6
0	113
0	6
0	116
2	2
0	0
36	154
0	61
0	13
0	13
0	5
0	5
0	0
0	6
0	0
0	0
0	0
0	0
5	0
0	0
1	13
28	17
0	0
0	0
0	1
0	0
0	4
0	1
0	7
0	7
0	1
0	1
3	1
0	1
0	90
0	25
0	0
0	0
0	0
0	20
0	25
0	0
0	392
0	392
0	392
0	63
0	407
0	398
0	392
0	345
6	305
0	34
23	154
0	0
0	0
0	0
0	0
0	0
0	0
0	0
0	0
2	1
9	1
13	64
0	69
0	69
0	1
6	20
0	4
0	1
0	0
0	3
5	0
0	0
0	71
0	71
0	0
0	0
0	0
60	8
0	3
0	5
0	25
0	379
0	388
0	342
0	93
0	399
0	394
0	1
3	408
10	553
0	343
0	80
0	402
0	332
0	337
0	23
0	347
0	77
9	404
0	353
0	203
0	259
0	4
0	1
0	1
0	1
0	1
0	1
0	1
0	1
0	0
0	0
0	1
0	2
0	252
0	261
0	429
39	340
0	101
0	4
0	0
0	0
0	0
0	0
0	5140
0	0
0	0
0	0
0	0
0	5
0	5
0	0
0	5
0	0
0	0
0	0
0	0
5	390
680	636
2	87
10	501
11	510
0	0
60	88
0	0
0	0
0	0
0	4
0	4
176	538
0	4
0	0
0	0
0	1
0	0
0	0
0	4
0	16
0	10
0	97
0	107
2	0
0	0
0	72
0	71
0	7
0	0
0	0
0	49
0	7
62	49
1	0
0	0
0	13
0	5
0	5
0	0
0	0
0	1
0	1
0	1
4	479
0	0
0	0
0	0
10	16
0	0
79	160
0	0
0	0
0	0
0	160
0	0
0	39
0	0
0	0
6	852
0	909
2	911
0	905
3	132
13	599
0	179
0	53
13	87
0	79
2	73
0	61
14	80
0	74
0	45
25	82
0	51
0	45
3	32
4	17
0	11
0	0
82	1367
8	374
0	591
0	146
0	383
0	218
8	199
79	255
8	267
13	371
2	374
0	125
0	22
0	26
0	1
0	21
0	0
0	0
0	0
0	0
0	0
0	0
0	0
0	0
0	0
0	0
0	0
0	0
0	0
0	0
0	0
0	0
0	0
0	0
0	0
0	0
0	0
0	0
0	0
0	0
0	0
0	0
0	0
0	0
0	0
0	0
0	0
0	0
0	0
0	0
0	0
0	0
0	0
0	0
0	0
0	0
0	0
0	0
0	0
0	0
0	0
0	0
0	0
0	0
0	0
0	0
0	0
0	0
0	0
0	0
0	0
0	0
0	121
7	121
0	5
3	0
410	39714
0	1894
0	1774
98	5003
11	452
1	40010
210	39748
1	32
140	62
0	730
28142	8587
24	251
9	3983
16	4149
1	492
25	2089
0	0
0	0
0	0
0	0
0	0
0	0
0	0
0	0
0	0
0	0
0	0
0	0
0	0
0	0
0	0
0	0
0	0
0	0
0	0
0	0
0	0
0	0
0	0
27	46
0	22
230	140
0	27
0	28
0	17
3	109
0	27
0	2
0	8
0	109
0	96
0	8
5	96
0	0
0	0
0	0
0	0
0	42
8	36
0	28
0	24
0	2
0	9
0	15
0	9
0	0
0	6
0	6
0	0
0	0
0	0
0	0
0	533
24	34
5	32
4	692
4	756
0	596
0	679
0	728
1	708
0	18
57	720
0	721
0	11
0	0
4	42
0	47
0	27
14	11
0	11
0	25
2	53
0	11
0	29
0	11
0	11
0	15
0	11
1	0
0	0
0	0
0	0
0	0
22	30
9	24
0	147
0	203
5	161
0	144
12	181
0	204
0	0
5	38
1	192
0	27
0	103
0	0
31	203
1	212
0	176
16	0
0	12
0	0
0	1195
27	1782
3	2651
2731	8295
64	653
11	28
0	7359
4	4454
11	447
0	1253
29	960
0	104
0	1207
216	5209
13	2539
0	3549
11	244
9	1843
2	56
0	66
13	223
0	1
0	118
6	221
6	0
0	0
0	0
0	0
0	0
0	0
0	0
0	225
0	2
0	0
0	122
212	155
0	25
0	6
113	6413
3048	5852
235	4442
0	1885
10	1162
664	2337
1030	5284
68	6202
28	2484
0	568
18	923
1	426
0	459
0	258
278	1083
0	370
0	0
0	0
0	0
0	0
24	192
0	52
0	13
0	11
0	59
0	0
0	59
1435	458
0	450
0	2
2	126
0	113
63	48
0	30
0	10
14	28
0	27
0	0
83	31
43	0
1	0
136	28
17	28
0	31
0	59
0	31
401	73
0	40
2488	2079
0	1356
0	1079
4	643
0	1256
0	630
4	11
0	0
0	0
0	0
0	0
29	0
21	51
0	39
33	52
0	39
27	6
64	5
48	13
0	3069
0	2824
0	62
269	68
9	131
38	242
148	242
0	12
0	33
5	10
0	13
0	22
2	39
0	17
0	12
2	1090
7	1190
0	265
1	195
0	67
5	120
0	0
0	1048
0	1023
0	0
0	0
0	0
0	0
0	0
0	0
0	0
0	0
68	1341
28	795
0	702
11	509
0	55
0	0
0	0
0	23
0	8
1	22
10	364
341	233
46	219
0	0
0	0
0	0
0	342
20	373
3	8
25	32
6	360
0	6
2	298
9	0
0	0
0	0
0	0
0	0
0	0
0	0
0	0
31	500
147	619
0	668
1	665
0	26
0	97
0	46
3	105
14	159
6	126
0	96
3	67
6	606
0	474
4458	5308
1	814
61	2
0	251
0	71
3	1150
51	4170
0	2390
0	218
49	218
0	0
1	0
20	2301
57	2155
0	2093
95	1029
64	78
45	317
0	63
0	0
0	26
0	3
0	0
0	23
0	0
0	0
0	160
0	180
3	102
14	28
35	28
9	45
90	216
0	297
0	1439
19	24
129	643
0	1313
39	894
1	1095
248	715
0	358
4	46
0	396
0	164
0	1441
130	429
0	182
0	40
0	363
0	11
0	11
8	242
26	148
0	37
0	38
0	29
0	13
1751	1109
0	1109
0	800
29	838
1	997
452	833
0	238
0	285
0	726
0	62
36	12
0	61
0	172
0	136
38	265
0	271
0	219
3	204
0	105
2	169
0	146
0	43
4	25
0	66
14	78
0	71
0	109
0	731
0	0
0	0
170	384
4	384
0	3
2	31
285	1166
0	290
6	3
0	14
0	31
0	5
0	2
0	0
268	8
0	8
4	0
0	0
0	0
0	0
0	0
64	0
148	69
0	45
6	242
887	805
7	431
0	160
31	29
0	14
2	0
7	67
6	6
0	103
0	104
0	10
1936	2237
29	2220
5	783
20	130
11	238
1	11
51	16
0	3
0	0
0	3
0	3
0	0
0	3
0	3
0	0
12	889
0	836
0	836
0	834
0	836
0	836
0	836
0	836
0	834
5	154
6	48
0	29
0	126
9	107
0	190
13	828
0	16
0	30
0	558
0	571
5	31
0	36
0	24
0	4
0	0
0	0
0	0
0	0
50	0
335	2057
3	2058
12	1903
0	102
19	0
0	775
0	34
5	498
0	13
0	39
467	713
0	99
0	55
0	21
18	75
0	31
0	952
11	1007
0	56
3	35
22	318
189	895
0	2
0	2
0	61
0	1006
0	0
374	901
3	83
35	774
4	10
136	17
1	141
17	415
0	150
0	116
0	116
0	63
0	57
11	168
0	176
1	451
0	351
0	244
2	538
0	344
23	294
8	448
2	417
1	208
0	33
11	21
0	67
0	1
0	20
2	100
2	296
21	133
0	471
3	375
32	78
0	108
17	91
5	87
0	0
0	27
0	0
0	0
0	0
0	0
0	0
0	0
0	0
0	0
0	0
4	468
20	388
5	469
17	35
7	108
0	46
26	44
0	74
0	69
9	16
0	0
83	0
45	39
0	0
0	0
0	0
0	0
0	0
0	0
0	0
0	1426
0	1510
155	1145
0	830
2	176
9	168
1	69
0	108
0	76
0	66
0	1266
0	248
69	793
6	9
0	92
0	103
0	258
0	52
0	273
0	270
0	90
0	0
0	20
0	255
1	21
0	0
0	270
30	1324
54	3760
77	3615
0	2695
0	836
0	870
19	99
30	47
60	503
0	1454
0	0
4462	1462
10	108
9	240
0	227
0	199
0	0
17	85
21	65
0	393
0	7
0	65
8	365
11	25
10	18
9	11
11	1078
72	968
0	1223
0	1152
0	1103
12	532
0	132
12	59
2	298
0	403
0	290
0	168
0	119
0	144
0	1152
0	0
0	28
0	28
0	6
0	6
0	17
5	28
0	212
29	293
0	259
0	40
0	10
17	233
0	4
0	41
0	46
0	7
0	97
25	91
0	0
0	0
0	0
0	0
0	0
0	0
0	0
0	0
0	0
0	1
0	1
0	0
7	40
18	24
0	10
0	20
0	10
0	8
0	29
0	28
0	0
0	0
64	393
4	273
44	86
0	181
0	78
23	198
10	4552
4	2275
2	2690
3	1977
0	2306
0	2466
400	4552
428	8003
6	1179
0	6293
0	7537
25	7316
5075	11573
100	6233
190	239
143	1314
22	267
122	802
494	26
47	611
0	3
278	47
2	3705
469	1242
195	3575
5	6259
578	362
26	132
0	0
0	0
0	0
0	0
0	0
0	0
0	0
0	0
20	776
0	971
3	854
25	210
0	420
1	175
4	731
0	476
0	718
0	548
0	60
58	526
6	565
5	373
0	713
0	678
2	436
0	772
0	16
8	3
0	11
0	16
0	8
0	1
130	3285
2	2839
10	3237
17	3133
2	3046
0	1367
0	1908
77	227
8	306
0	0
0	0
0	193
0	36
0	81
0	186
0	107
0	193
0	51
4	40
0	98
0	21
0	40
0	57
0	65
103	194
11	76
0	192
0	119
0	67
56	66
0	38
0	21
0	34
1	33
0	17
0	0
0	9
0	1
2	7
0	7
0	11
4	1
0	32
4	16
2	200
1	62
90	269
0	16
0	0
19	310
0	0
0	24
0	0
0	0
0	0
0	0
0	1
0	0
13	0
0	0
0	0
1674	2162
0	1433
0	269
0	190
0	0
70	852
74	554
0	749
0	729
0	154
0	652
0	332
0	530
0	750
0	768
0	232
0	229
1	31
6	42
0	8
0	2
0	9
0	12
0	12
0	12
0	9
0	13
0	12
0	17
0	8
0	17
0	0
0	0
0	0
0	0
8	139
0	0
0	0
8	68
1330	70
4	115
4	109
56	406
0	192
0	311
17	36
5	40
3	126
4	0
0	0
0	0
0	0
0	0
0	0
0	0
0	0
0	0
44	94
0	8
3	86
0	0
0	0
0	0
0	1
0	0
0	355
0	1
891	1355
5	1225
0	659
927	767
8	12
1697	3358
52	1604
0	1608
105	2407
31	809
4	12
0	637
0	719
0	257
98	718
0	0
88	999
0	923
1	128
0	154
0	0
0	0
0	0
0	0
0	852
3	730
0	6587
0	11034
0	10821
0	957
0	218
0	238
0	439
0	1754
0	788
0	5002
0	665
0	41
0	547
11	482
1	336
22	556
0	103
356	1033
137	924
2	60
22	102
1	124
0	0
0	0
0	0
0	0
0	0
0	0
0	0
0	0
0	0
0	0
0	0
0	0
0	0
0	0
0	0
0	713
0	282
0	1022
48	736
0	337
146	148
0	51
0	8
0	51
0	22
0	8
0	1
0	0
0	0
0	540
6	332
0	0
0	0
517	825
2	539
0	498
0	353
72	21
0	63
3	79
0	14
0	1863
0	2011
13	1717
0	2076
0	1605
249	1550
10	1723
75	2236
0	306
7	127
0	151
75	164
0	188
0	96
0	112
4	12
4	99
0	62
0	82
0	1873
819	662
1	662
50	3
0	0
0	0
24	6861
158	6291
208	6638
35	1070
1	179
40	189
0	261
0	242
0	261
0	245
2	230
0	4
0	4
0	17
0	0
0	0
0	0
0	0
0	0
0	0
188	26
0	12
6	23
9	0
0	7
0	7
0	0
18	1126
363	2801
13	594
59	867
3	1324
5	592
39	1063
0	846
4	846
13	39
0	427
31	756
0	670
91	161
15	161
4	142
0	22
0	22
0	22
0	9
0	9
0	22
0	13
0	13
0	0
0	13
0	2483
1	113
144	1211
0	5
0	1098
0	0
0	0
0	0
0	0
91	40
2	4
11	12
5	39
9	145
0	78
0	114
2	31
12	0
0	0
1592	56
17	56
0	136
0	100
0	140
384	635
0	25
14	13
0	270
2	435
0	0
0	0
0	0
0	0
7	1338
248	4324
5	2774
8	2647
3	2530
11	183
47	1037
0	311
0	120
57	38
37	85
0	13
0	9
0	9
0	2
0	0
0	2
0	2
0	13
0	13
0	6
0	0
0	1
0	173
0	29
20	29
1670	65
31	65
0	0
414	496
10	18
0	147
0	0
0	0
0	0
0	0
0	0
0	7
0	7
0	0
0	0
0	11
0	11
0	0
0	0
0	0
0	0
0	0
13	0
203	1511
0	890
6	928
0	376
0	601
26	903
6	91
4	461
1	46
0	1
1	0
0	605
0	520
0	601
0	260
0	55
8	127
0	11
0	17
0	34
0	112
0	108
0	62
0	0
0	3
0	6
0	3
0	3
0	0
0	3
0	3
0	3
0	3
0	3
0	3
0	3
0	3
0	3
0	0
0	0
0	0
0	0
0	0
0	0
0	0
0	0
0	0
0	0
0	0
0	0
0	0
0	0
0	0
1	0
0	3
0	3
46	464
5	463
0	165
0	9
5	8
0	8
6	3
0	99
0	6
0	0
0	0
97	1157
4	965
0	1124
0	1308
0	1270
0	1270
0	1331
213	1197
2	1170
11	1300
0	1146
0	1306
3	7
0	372
0	36
0	175
0	332
1	395
0	364
2	408
4	80
0	56
0	440
382	2722
71	2722
0	0
0	0
0	0
0	0
0	0
0	0
1112	1335
191	346
2281	8867
39	923
162	3894
105	652
0	432
19	34
0	835
2	50
4	260
2	24
10	565
43	1724
0	3438
2	130
0	35
23	2197
0	0
0	186
0	179
0	32
0	241
0	78
0	176
0	186
0	119
0	55
0	203
0	87
70	29
0	29
5	2189
23	2071
5	167
5	1156
0	1110
25	23
0	964
4	38
12	90
13	134
0	81
6	209
0	160
5	62
0	65
0	28
2	11
0	2150
0	0
0	0
0	0
0	25
0	34
0	34
21	1043
0	877
85	642
0	984
11	230
0	266
131	976
24	428
10	130
0	536
1	11
0	0
2	113
0	90
87	91
2	253
0	94
16	150
45	119
0	114
0	113
1	152
0	39
43	8
0	90
0	111
0	52
77	157
79	200
0	76
4	237
2	60
0	66
0	118
6	254
0	47
0	134
13	65
0	60
0	5
0	28
0	105
0	0
0	10
0	43
81	0
11	266
0	397
252	425
0	114
16	105
12	0
0	206
50	202
129	106
4	181
3	167
0	56
43	20
0	206
0	192
0	831
189	1428
0	165
4	8
0	44
0	23
1	47
0	40
2	150
28	29
54	85
0	37
1	81
106	1386
0	696
4	1138
0	17
3	211
0	140
4	46
0	23
19	0
22	143
0	353
59	961
0	430
2	76
0	818
6	58
0	194
0	0
0	118
0	119
0	52
1	41
3	3
0	820
21	9
0	78
0	27
0	7
0	71
0	26
0	6
0	74
0	39
0	47
0	39
0	38
0	10
0	9
7	71
0	0
0	26
0	3
0	0
0	31
1	38
0	11
0	19
0	11
0	39
0	12
0	254
0	148
0	22
0	48
0	48
0	1
0	45
0	45
0	44
0	24
0	33
0	19
0	12
0	0
0	0
0	0
0	0
0	0
0	0
0	8
0	6
0	4
0	0
0	0
0	0
0	0
0	36
0	39
0	36
8	0
0	1
0	1
0	1
0	0
0	0
0	1
0	1
64	1523
10	1523
32	241
0	650
29	50
17	89
8	42
68	3147
60	3147
53	6
0	41
0	20
0	0
0	41
0	0
0	0
0	0
0	0
0	0
0	0
0	22
0	0
0	0
0	90
0	1183
1	1208
8	1113
0	80
0	479
8	57
7	50
0	610
0	0
0	0
11	0
0	0
0	1
0	0
0	0
0	4
0	2943
70	3130
0	511
66	975
0	15
0	1114
0	75
61	26
6	98
0	3042
0	0
0	0
2	2
0	2
7	131
0	2
0	0
0	2
0	0
12	400
85	446
6	407
0	409
0	201
0	28
0	50
0	401
2	20
2	3
9	0
0	6
4	9816
17	2453
0	9367
0	9010
0	641
26	0
120	1470
41	237
1	126
22	4550
0	449
0	300
0	312
0	101
14	336
0	349
9	60
0	152
0	10
1	48
15	33
11	30
0	24
0	21
0	21
0	0
65	85
64	120
137	405
0	186
0	279
0	264
0	249
0	0
0	0
0	0
0	0
0	0
0	0
0	0
0	0
0	0
0	1088
0	833
33	687
0	63
26	359
0	71
3	26
8	57
0	907
215	1251
0	930
0	1171
42	778
0	94
0	213
0	182
0	265
438	484
5	230
0	233
0	429
2	4
0	364
0	364
0	254
0	74
97	239
0	16
0	115
0	43
1	50
0	25
0	98
13	9
0	23
10	47
161	2996
42	431
22	34
23	3015
23	200
665	251
16	386
5	231
11	231
0	31
14	400
11	29
2	23
0	31
0	25
0	28
0	13
0	28
0	28
0	28
7	4
0	0
0	29
0	32
0	24
10	24
33	333
7	337
0	2
11	13
4	115
1015	1736
14	1441
49	133
0	1486
0	0
0	0
0	0
0	0
0	0
6	4
118	146
39	4
0	7
0	0
0	0
56	2766
0	215
61	533
2	1423
0	1079
0	1637
233	1255
18	800
174	87
0	934
12	550
90	457
1	969
0	64
22	14
0	0
0	0
0	31
22	2
1	3391
0	42
0	47
0	3201
0	4
0	20
9	9
0	12
0	17
0	32
0	20
0	41
0	41
6	3257
0	840
3	3062
0	14
0	3033
1	130
0	148
0	16
0	1146
3	47
0	12
0	25
0	61
0	67
0	77
3	46
7	101
0	141
0	0
0	0
0	21
0	140
0	196
0	179
0	123
24	70
110	2198
0	159
0	121
5	155
0	3294
0	0
10	685
0	0
0	3
0	3
0	3
0	0
9	0
0	0
0	0
0	0
0	0
0	0
0	0
0	0
0	0
0	0
0	0
0	0
0	0
0	0
12	609
0	0
0	17
0	32
0	32
0	40
0	295
0	0
0	24
0	140
0	294
89	48
0	0
0	46
0	9
0	5
0	26
2	30
0	42
0	0
12	42
0	42
0	0
0	66
213	169
0	0
0	0
0	8
0	8
0	8
0	8
0	8
0	0
16	16
0	0
0	8
0	11005
0	11870
0	276
1066	1077
394	5055
0	762
801	449
0	361
28	1025
229	388
153	10221
0	2097
0	2015
0	2097
0	415
0	11
83	23
0	0
0	14
0	23
0	7
0	0
259	615
0	615
170	1555
3	1416
0	381
0	109
0	318
9	246
0	48
0	11
0	36
1	6
3	18
0	11
0	0
0	0
0	0
0	0
22	447
0	300
0	419
5	496
0	641
0	404
12	482
0	322
0	315
0	260
5	260
6	217
0	127
2	58
0	507
0	522
20	1287
0	1236
0	867
0	828
6	98
0	92
0	40
0	41
0	39
4	20
121	0
0	0
0	3513
0	414
0	0
37	61
11	302
24	363
0	269
7	80
6	78
0	3603
45	88
0	70
0	0
0	0
0	0
0	0
0	0
0	1784
0	814
0	414
9	737
22	545
0	45
35	42
0	267
0	380
23	260
0	146
18	1355
7	973
5	549
50	995
75	1058
0	82
18	23
0	182
6	108
28	131
48	283
0	270
0	6
0	250
0	0
0	7
34	18
2	7
0	1
123	81
0	0
1	2554
36	2660
0	480
0	1399
12	115
19	19
39	97
24	223
0	75
17	41
0	2636
0	7
3	9
0	9
0	7
0	7
0	9
0	2
0	0
0	0
0	9
0	388
0	302
0	70
0	68
12	159
0	244
0	336
0	163
3	96
2	112
9	8
0	30
0	15
0	396
1	10
0	611
0	1388
0	1359
0	1253
0	2796
7	1146
0	1736
0	843
0	1326
0	215
0	1349
576	0
0	0
28	119
0	153
324	428
0	388
0	0
0	0
0	0
0	44
52	44
0	0
5	0
0	0
0	2
0	2
0	0
0	12
0	12
0	0
0	7
0	0
6	0
7	71
27	561
0	561
0	30
54	798
9	576
0	222
0	18
3	137
0	128
3	126
12	327
0	101
0	9813
0	0
0	0
29	239
2	15
0	30
0	26
0	1
0	232
4	21
0	21
0	0
0	0
0	0
0	0
25	0
54	90
0	90
0	30
0	8
0	0
0	25
3	720
0	643
0	7434
0	4371
0	834
0	124
8	1049
0	7254
41	0
11	8
0	8
78	19
4	19
4	14
3	109
0	0
0	7
0	7
0	7
0	0
0	7
0	0
0	0
0	0
0	0
0	0
0	0
0	0
0	0
0	0
0	0
0	0
0	0
0	0
0	0
0	0
0	0
0	0
0	0
0	0
0	0
0	0
0	0
0	0
0	0
0	0
0	0
0	0
0	0
0	0
0	0
0	0
0	0
0	0
0	0
0	0
0	0
0	0
0	0
0	0
0	0
0	0
0	0
0	0
0	0
0	0
0	0
0	0
0	0
0	0
0	0
0	0
0	0
0	0
0	0
0	0
0	0
0	0
0	0
0	0
0	0
0	0
0	0
0	0
0	0
0	0
0	0
5	5
0	0
0	0
0	0
0	0
0	14132
0	6554
0	12249
0	117
0	69
12	88
0	0
4	88
0	0
0	16
0	92
0	5948
0	6546
0	1389
0	15
0	15
0	0
0	3
0	3
0	3
0	3
0	3
0	3
0	3
0	3
0	0
0	0
0	0
0	0
0	0
0	0
0	0
0	0
0	0
0	0
0	0
0	0
0	0
0	0
537	6551
7	6551
87	69
2	73
0	47
0	66
1	342
0	73
73	730
35	96
32	392
0	46
11	0
0	69
0	69
5	69
0	20
0	4
0	31
5	13
0	31
0	31
0	1
0	10
0	12
0	11
56	240
24	488
6	382
195	471
0	410
2	357
13	319
24	347
39	184
0	488
0	0
0	0
0	0
0	0
0	0
9	27
0	7
0	0
0	0
0	0
0	0
0	0
0	0
0	0
0	1
0	0
0	0
0	0
0	26
0	0
1756	0
605	2484
7	884
0	843
111	1638
9	208
7	0
18	209
26	72
68	0
15	25
28	62
72	1621
6	35
14	174
0	159
9	762
0	985
0	103
0	34
0	5
74	0
1	142
0	112
0	944
40	783
1	747
44	357
0	278
4	115
0	69
0	4
0	49
0	49
0	13
0	48
0	5
0	52
16	128
0	63
0	2
0	13
0	4
0	11
94	3756
0	3756
0	239
0	813
22	1
20	429
0	18
0	111
1	219
0	169
0	122
0	0
0	0
0	0
0	0
0	0
0	0
0	0
0	0
0	0
0	0
0	0
0	0
0	424
5	456
1	2490
10	365
23	398
2	635
6	848
11	157
23	240
1	577
0	1750
44	275
1	779
87	684
19	517
0	207
0	33
0	0
0	0
3	171
0	0
0	0
0	22
0	18
0	22
0	22
0	0
0	0
0	43
0	43
0	43
0	43
0	43
0	43
0	43
0	43
0	43
0	43
0	43
0	43
0	0
0	0
0	0
0	0
0	0
0	0
0	0
0	0
0	0
0	4
0	0
0	0
0	4
0	285
23	333
0	393
0	351
0	311
0	323
0	93
0	12
0	189
11	22
0	70
0	41
0	73
0	1
0	13
0	0
0	0
0	0
23	397
401	1217
0	1050
41	1156
9	169
7	106
17	950
0	26
27	366
0	295
0	71
0	18
0	18
24	1016
27	1016
0	119
0	759
5	290
0	0
0	373
160	155
13	829
1	224
9	159
0	134
12	48
18	67
22	48
0	140
0	0
0	24
0	21
0	8
0	29
0	93
0	78
0	12
9	65
0	74
0	0
0	0
0	0
0	0
0	0
0	0
1	1
0	0
0	0
0	0
0	0
0	0
0	0
680	223
0	23
46	14
26	14
10	2106
1	1988
0	0
0	76
108	349
21	44
0	36
0	60
2	1921
0	481
0	0
0	93
0	1800
0	1800
27	71
18	17
0	15
0	30
11	0
16	72
0	71
0	389
44	471
0	113
0	454
0	381
47	866
0	358
0	7
0	0
0	0
3	58
5	352
9	259
10	1735
0	183
0	79
0	466
0	620
0	196
0	161
15	90
20	20
10	294
7	1556
812	216
0	162
0	4
0	4
0	0
213	2370
4	2251
0	1474
0	2042
0	157
1	8
0	48
0	11
0	8
0	22
97	4049
0	1450
0	1048
33	987
54	126
288	1253
113	546
385	835
112	399
6	277
125	429
9	3743
165	0
87	156
0	0
0	0
0	0
0	0
0	0
360	306
0	159
7	39
60	103
33	15
16	147
0	0
0	0
3	0
0	1
0	0
0	0
0	0
0	1
0	0
0	1
0	1
0	0
0	0
0	4
0	0
0	0
0	0
0	4
0	40
0	40
0	40
1	1742
0	1598
0	1704
0	1691
0	912
1	1405
0	128
8	117
1	92
0	0
0	0
0	0
0	0
0	0
12	372
0	372
0	3
0	0
0	0
0	0
0	0
0	0
0	0
0	0
0	0
0	0
0	0
0	0
8	0
0	0
0	0
0	0
0	0
0	0
0	0
0	0
0	0
0	0
0	0
0	0
0	0
0	0
0	0
0	0
0	0
0	0
0	0
0	0
0	0
0	0
0	0
0	0
0	0
0	153
0	153
0	153
0	0
0	0
0	0
0	0
0	0
0	2556
1	31
0	228
0	0
0	0
0	0
0	0
0	0
0	0
0	1116
0	150
0	129
0	1116
0	0
0	50
0	50
0	173
0	1057
63	435
0	0
0	0
0	0
0	0
7	2
0	277
0	0
988	513
15	236
0	215
8	18
0	0
0	0
0	0
0	0
436	191
0	191
0	0
0	0
0	0
0	0
0	0
0	0
0	0
0	0
0	0
0	0
0	0
0	0
0	0
0	4
0	4
0	4
0	4
0	18
0	18
0	18
0	18
0	23
0	0
0	17
42	354
0	18
0	8
0	0
0	197
0	45
3209	2131
17	155
39	254
8	117
21	183
0	651
0	154
0	194
22	1
0	56
8	325
0	36
0	2
7	18
5	14
0	1953
6	0
0	291
0	237
10	5
11	93
0	0
1	105
0	24
0	23
31	483
0	3
0	48
0	222
3	204
0	46
0	33
0	117
0	209
0	4
0	146
8	31
25	33
24	23
0	486
103	791
2337	2873
0	87
0	274
35	63
13	96
33	23
4	59
15	1654
1	331
0	227
17	109
0	419
0	308
3	290
0	0
11	675
0	0
0	0
0	0
0	0
0	0
2	0
0	0
0	0
0	0
0	0
0	0
0	0
0	0
0	0
0	0
0	0
0	0
1	0
0	0
5	0
0	0
0	0
0	3
0	0
0	0
104	1
0	1
0	0
12	2766
70	2577
0	455
0	625
4	453
5	264
18	80
0	67
9	0
0	67
197	80
0	50
0	7
0	33
53	48
0	0
0	13
1	20
0	0
0	26
0	0
0	0
0	0
0	26
0	0
0	0
0	0
0	0
0	0
0	0
0	0
0	1
0	26
0	115
0	88
5	197
0	184
0	184
0	157
3	101
37	51
0	12
0	14
0	0
0	11
0	11
9	3850
80	3977
0	1903
47	366
4	356
40	213
0	667
7	239
0	115
0	82
0	0
0	0
0	0
0	242
0	369
25	197
0	269
2	255
4	139
0	94
8	52
11	24
6	196
10	29
2	111
4	8
0	8
0	8
0	273
0	32
13	2172
51	95
0	225
8	76
9	12
0	33
0	1915
14	1725
3	2039
0	7453
0	6165
0	6184
0	6175
0	119
0	1044
7	204
0	128
4	128
0	136
6	0
0	0
0	9
6	54
0	30
0	204
0	0
0	0
0	0
0	0
0	0
0	0
0	0
0	0
0	0
0	0
0	0
0	0
0	0
0	174
0	256
0	653
16	48
0	314
2	160
0	601
0	86
0	60
0	79
0	86
0	26
0	380
1	71
6	9
0	87
0	41
30	51
16	0
0	0
0	15
0	0
0	0
0	0
0	0
0	0
0	0
22	0
0	0
0	0
0	15
70	3047
0	2718
10	334
0	2514
0	265
1	0
2	68
0	12
0	131
4	902
0	114
0	85
0	0
0	57
0	798
0	4044
0	1755
0	12
0	0
0	0
4	16
0	12
0	12
0	0
221	1266
3	1212
11	24
10	310
2	235
31	76
2	53
0	21
0	18
0	0
0	0
0	5
0	41
0	77
0	84
0	85
8	30
0	2
0	30
0	85
0	67
11	41
0	1105
0	1105
0	1105
3	536
34	0
9	541
0	536
0	542
5	541
19	705
14	646
0	239
0	197
0	0
0	48
0	212
7	10
5	38
0	60
3	60
0	19
438	0
4	12
0	46
0	46
0	0
0	0
0	0
0	15
0	46
0	0
0	3
0	3
0	3
0	3
0	3
0	0
0	3
0	3
0	3
0	3
0	3
0	3
0	0
0	3
0	3
0	3
0	3
0	0
4	0
42	0
0	0
2	19
0	19
0	19
0	0
0	8
13	0
138	738
57	193
17	675
108	482
19	320
12	242
0	837
68	823
247	785
57	0
0	382
0	544
10	92
12	69
15	117
5	0
0	18
0	0
3	0
0	0
0	47
0	27
0	22
20	37
0	21
0	28
0	0
0	0
0	12
0	2
0	2
0	2
0	30
0	0
0	0
0	0
0	0
0	0
0	0
0	0
0	0
0	0
0	0
1	0
0	2
0	2
0	2
8	333
5	381
0	3
0	72
1	21
92	10
0	16
3	19
8	18
0	0
0	165
0	0
0	0
0	0
0	0
12	629
0	27
0	24
0	0
12	629
17	1741
0	1624
373	1850
0	1707
323	1026
0	9
7	9
0	9
0	0
0	9
0	0
0	0
0	0
0	0
0	0
0	0
0	0
0	0
110	522
0	67
1	95
0	110
16	164
0	306
0	0
0	0
0	0
0	45
49	307
0	78
0	0
4	230
0	5
0	26
0	47
0	139
0	3
0	0
0	114
8	179
12	181
0	47
0	9
2	0
0	31
0	30
0	122
30	1997
1	1294
12	368
0	0
0	0
809	45
123	215
0	8
9	137
0	66
0	62
0	14
0	8
0	8
0	56
0	0
0	0
0	66
0	2376
0	2387
0	550
0	184
0	80
0	109
1393	137
12	137
11	43
0	43
0	0
2	4
104	6761
0	17869
92	18433
294	205
11	409
69	163
81	130
44	568
19	1386
0	4904
0	335
76	85
0	0
3	225
0	18436
0	0
0	0
0	2148
75	1079
3	1444
40	2258
0	238
0	334
0	655
2	1230
49	4220
1	4185
12	274
0	0
0	56
3	45
0	2
0	69
0	46
179	1248
37	884
0	173
1	189
6	101
0	92
0	785
115	961
22	760
10	0
1	120
3	327
3	16
0	364
11	119
0	961
85	328
0	328
0	507
0	8
0	528
15	642
0	717
0	49
0	622
0	28
0	108
8	75
1	300
3	21
10	9
0	9
36	295
13	91
13	66
0	76
0	0
0	0
0	0
0	0
0	0
0	0
0	0
0	0
0	0
0	0
0	0
4	513
0	1
0	0
0	0
0	0
0	0
0	0
2	285
23	100
0	52
0	14
0	14
0	4
8	1211
0	30
0	1197
0	1203
7	1217
25	1157
0	1135
0	5
0	0
7	130
5	64
21	1
0	120
0	88
44	392
4	2
65	8
14	86
0	502
0	525
85	422
0	22
62	82
20	35
0	3
0	431
8	469
0	348
0	299
0	67
14	32
0	11
0	0
567	1169
0	204
1	742
92	1014
30	33
0	38
0	37
0	38
0	38
0	18
0	18
2	7
0	7
0	7
0	0
0	65
0	0
0	7
0	0
0	5
0	19
0	21
0	7
0	2
0	2
0	7
0	0
0	7
0	7
0	7
0	15
0	22
0	23
0	5
0	0
0	2
13	0
0	65
0	11
0	5
0	6
0	0
5	1240
9	527
0	1240
0	5
1	24
0	31
0	235
0	23
0	31
0	231
0	0
0	27
161	9434
6	3473
53	2572
0	96
0	200
0	18
0	9400
4	9429
12	495
6	495
0	3
0	3
0	3
0	3
0	15649
0	15649
0	15905
99	2735
82	531
255	7910
106	1806
543	1
0	1027
0	614
11	175
0	1
0	0
0	0
0	0
6	1148
0	32
3	1144
0	182
11	162
0	159
0	93
7	92
0	93
0	20
1	74
0	61
1	10
0	38
17	1798
0	3
0	3
0	0
0	3
0	0
0	0
0	0
7	613
0	0
0	0
0	0
0	0
0	0
0	0
0	0
0	0
0	0
0	0
7	30
0	10
9	16
0	27
0	0
0	0
0	0
0	0
0	0
0	0
3209	867
4	854
0	170
3	286
0	14
1	97
1	134
0	293
1	103
0	326
5	295
18	138
0	327
15	255
0	108
0	240
0	109
6	39
12	68
9	182
146	182
8	23
0	0
0	4
0	4
0	4
0	7
20	7
0	1
0	0
0	0
0	0
0	17
0	0
0	0
0	0
0	7
0	0
0	0
0	0
0	0
0	0
0	0
0	0
0	0
0	77
0	77
0	0
2	185
17	174
0	274
4	191
0	15
0	235
0	251
0	16
0	142
0	50
0	63
0	40
2	21
0	142
0	8
0	14
194	264
0	233
0	1330
0	350
0	1085
0	157
4	157
62	1113
24	9
0	211
11	92
0	148
0	27
0	74
0	359
0	40
0	245
0	695
0	84
0	126
0	15
0	9
0	0
0	7
0	7
7	181
0	0
0	0
0	0
0	117
0	132
0	127
12	373
0	4
0	4
0	4
0	4
0	4
0	0
0	4
414	193
0	3
12	139
0	0
0	0
0	0
0	0
0	0
0	0
0	0
0	0
40	188
11	233
85	311
0	181
7	89
8	17
0	0
0	429
4	387
0	132
0	58
0	280
24	502
3	335
0	0
0	156
4	30
1	54
138	437
0	254
0	228
24	0
146	1975
0	1975
0	7152
0	6041
0	7646
45	6789
319	1090
9	838
14	3434
229	691
41	1441
17	5312
22	342
130	127
0	1876
12	1468
56	807
3	860
1	908
0	249
0	175
0	7703
0	7609
1906	484
7	80
2	48
129	340
28	52
1	87
7	11
10	261
232	463
0	44
0	46
0	33
50	12
11	39
15	13
0	13
0	13
0	5
0	5
0	4
0	0
0	0
0	2
0	2
0	0
0	0
0	2
0	0
0	0
0	0
0	0
0	0
0	0
0	0
0	0
0	0
0	678
0	789
0	540
0	26
0	0
7	243
0	278
3	817
0	220
0	48
0	490
0	368
0	314
0	146
2	0
0	0
0	0
0	0
0	0
0	0
0	0
0	845
0	3
0	106
0	25
200	1498
11	608
7	536
0	197
14	275
0	125
0	248
0	153
9	78
5	5
31	840
11	127
3342	1964
12	1101
0	2935
0	313
0	154
1	488
1	417
2	205
0	86
0	318
0	94
0	159
11	0
0	1038
89	472
3	1038
0	472
0	472
12	472
2552	1418
24	927
105	462
5	546
16	151
45	405
0	48
469	200
5	84
53	145
0	50
0	6259
0	246
0	6236
0	6178
0	6236
1	534
0	2727
0	5739
9	6158
0	5968
0	6076
0	0
0	399
23	418
0	5224
14	87
0	4811
26	5080
0	5175
10	535
0	4972
2	328
0	4659
32	232
0	1751
6	118
14	20
0	3
0	4519
0	57
24	4675
11	24
7	25
53	272
0	121
0	63
0	2079
22	3893
0	3667
0	3777
0	3716
0	3836
1	305
0	3778
0	3469
0	3734
0	3786
17	3558
0	682
14	3085
1	646
22	2862
0	2377
0	2448
5	6163
1016	576
0	475
13	276
45	162
2	29
0	1
0	0
0	1
0	1106
22	794
0	827
0	10
268	73
0	0
0	27
0	36
0	27
0	0
0	0
0	0
3	3
5	235
0	115
314	210
21	65
0	71
58	1715
0	1095
0	1073
0	969
0	712
0	703
0	821
0	486
1	292
10	542
10	54
1	19
0	0
0	0
0	0
0	307
0	159
0	0
159	1128
561	2856
0	583
1	1234
2	6134
11779	10018
1	692
2	740
46	0
301	354
342	2786
15	8291
1	595
63	864
0	527
5	2275
0	1556
6	710
348	258
0	0
0	0
0	0
1	999
45	568
1	507
0	698
5	517
0	842
0	390
0	283
1	393
3	237
0	372
0	508
1	460
0	460
0	460
0	63
0	33
0	19
0	0
0	460
2	82
0	10
0	4
0	2
0	0
0	0
0	0
0	0
0	82
0	0
0	215
610	4679
0	92
89	96
87	1604
0	2367
528	1563
5	2287
2	4606
85	89
366	605
1935	4021
48	155
34	597
0	285
35	977
1415	1148
79	156
15	553
0	0
0	0
0	999
0	15
0	0
0	0
7	0
0	0
18	0
0	10
28	0
0	0
0	9
2	15
0	0
0	0
0	0
0	0
7	0
0	0
0	0
17	0
0	0
4	0
1	0
0	0
145	102
83	14
40	54
0	21
9	5
32	3667
244	2344
17	3631
3	385
0	1458
26	385
13	85
0	350
2	74
0	107
3	215
0	309
6	28
0	4
0	4
0	0
0	0
16	0
0	0
0	4
0	0
0	0
0	0
0	0
0	0
0	0
0	0
0	0
0	0
0	0
0	0
1013	1292
41	1178
104	1010
0	177
3	64
0	1
0	53
0	0
0	0
0	0
0	0
0	0
0	1932
0	1922
0	1823
0	660
0	707
0	746
0	795
0	689
0	756
0	729
0	58
2	572
14	158
9	54
0	43
0	73
2	73
0	0
0	0
0	16
3	906
0	16
0	0
0	0
0	0
2246	1575
5	259
0	1480
22	970
5	8
41	270
2	294
5	146
0	156
16	230
0	638
473	0
49	111
5	52
0	71
0	5
0	35
0	57
0	57
22	366
0	50
0	24
0	8
0	10
0	7
0	7
0	0
0	0
0	0
0	0
0	22
0	13
5	13
6	13
0	7
0	13
0	1
0	0
0	0
0	91
0	91
10	201
0	135
0	109
0	31
46	325
0	0
0	0
0	0
0	0
0	36
19	48
0	11
0	11
0	11
49	293
0	1
71	525
51	687
0	887
14	1000
3	207
0	183
0	179
7	197
0	9
0	311
6	428
0	1624
0	435
0	20
0	72
78	7515
0	132
0	136
0	207
8	7648
0	1720
212	551
0	40
2	13
3	13
0	106
38	1366
1298	5438
5	5566
25	0
82	1842
2	481
13	1155
15	58
0	57
40	754
0	102
0	75
48	384
0	1106
0	96
0	65
0	967
0	108
0	82
0	115
0	72
0	816
0	0
0	0
0	85
0	17
0	0
0	899
37	46
14	65
31	45
0	18
7	114
0	57
78	6501
186	5770
38	4760
14	5639
0	5069
0	409
99	707
0	224
0	122
0	128
0	7
0	197
0	109
0	247
0	194
0	8
6	9
2	97
0	76
14	77
0	188
0	81
35	17
0	17
4	911
81	537
0	457
76	441
0	4
0	176
41	59
0	706
2	556
23	730
0	19
27	135
0	0
0	116
0	0
0	0
0	9
0	0
0	0
0	25
0	0
0	5
3	329
5	0
0	0
0	0
0	0
0	0
0	0
0	0
0	0
0	0
89	376
82	2
0	118
50	0
62	397
0	315
0	24
7	217
1691	5467
10	4196
0	4022
39	195
0	578
16	2781
0	188
8	1
0	6
150	133
85	273
186	274
41	251
0	3
0	30
0	0
0	0
0	0
0	0
0	0
0	0
0	0
0	0
0	0
0	0
0	0
0	0
0	0
0	0
0	0
0	0
0	0
0	0
0	0
65	257
0	246
1	33
0	21
0	0
0	22
0	24
0	18
0	18
0	4
0	0
0	18
151	248
3	248
0	75
32	1416
0	88
1	1296
0	6
3	1423
0	61
0	61
0	10
0	42
0	16
0	0
31	19
0	0
0	0
0	0
0	0
0	0
0	0
12	0
4	7
8	0
0	0
323	109
0	109
0	89
0	0
3	77
0	0
3	743
108	3558
24	455
11	3572
90	3193
6	397
34	175
0	450
0	506
0	495
3	2229
46	223
18	459
0	0
0	2246
0	2241
2	978
15	2081
0	146
36	2233
5	54
0	20
0	27
2	25
5	126
0	80
9	107
40	20
11	123
0	477
0	0
0	0
0	0
0	0
0	0
0	0
0	0
0	0
0	0
0	0
0	0
0	0
0	0
0	0
0	0
0	0
0	0
0	0
0	0
0	0
0	0
0	0
0	0
0	0
0	0
0	0
171	372
0	67
23	99
0	136
0	34
4	268
26	34
33	90
0	0
0	0
0	0
0	2
0	0
0	16
0	0
0	16
0	0
0	0
0	0
0	0
0	0
0	0
0	0
0	0
0	47
0	0
0	0
0	0
0	0
0	0
0	0
0	0
0	16
0	0
10	14
0	0
0	0
0	16
0	0
0	0
0	0
0	0
0	0
20	1903
6	5
0	733
119	475
4	656
12	46
2	228
8	5
8	89
14	102
2	86
0	506
0	567
0	0
0	0
0	0
0	0
0	0
29	263
58	12432
5536	12159
1180	1703
3	2032
10	1294
30	1310
0	9994
6014	4273
0	2428
51	2453
0	0
15	450
111	25
0	3607
0	31
0	0
0	108
2	729
922	2152
39	687
0	726
0	1037
0	666
0	3
87	142
0	22
28	490
15	22
0	340
26	1
0	338
20	81
0	463
0	0
0	0
0	857
55	858
0	815
0	399
18	602
14	318
0	658
0	767
0	1357
0	1211
0	1238
0	42
0	25
0	30
0	793
0	0
0	18
0	18
0	0
0	18
0	18
0	18
0	0
0	0
0	0
0	18
0	0
47	48
0	48
2	201
0	201
0	0
0	0
0	0
0	0
0	0
0	0
0	0
0	0
0	0
0	0
0	0
0	0
0	0
0	0
0	0
28	6
0	61
0	358
0	377
2	47
171	370
0	55
167	183
29	121
0	0
2	51
0	52
10	6894
685	3941
1	3942
362	3461
7	341
150	2108
349	3089
103	839
0	2154
532	216
0	23
15	28
0	306
63	402
0	0
0	0
0	0
1	52
0	0
0	0
0	0
0	0
32	429
3	473
23	238
9	102
0	67
0	0
9	57
26	4
16	54
0	21
1	14
0	66
49	143
0	37
3	131
0	0
11	290
0	94
0	99
0	103
0	18
2	0
9	37
0	287
452	4151
7	39
29	4151
0	0
934	112
0	0
1203	210
0	113
10	13
0	97
1	1105
135	354
0	823
0	1173
13	99
0	19
0	37
15	15
0	44
5	25
0	25
0	20
0	20
0	60
52	527
0	524
3	61
4	107
0	14
0	295
0	1583
0	361
39	1772
4	35
0	42
0	69
20	434
0	1824
0	857
0	585
0	423
0	526
12	39
4	89
34	167
14	88
0	60
3	16
0	2
0	1
0	2
0	1
0	1
0	2
0	2
0	5388
6	4819
0	5
289	835
0	182
0	2383
707	199
0	356
4	681
2	781
0	474
7	215
0	298
15	562
0	178
0	50
6	44
16	50
0	8
0	165
0	72
0	0
0	0
0	0
8	435
0	361
19	83
0	110
0	60
0	0
1	0
0	0
0	0
0	0
6	0
0	0
0	0
0	0
0	0
0	0
0	0
0	0
0	0
0	0
0	0
0	0
0	0
0	7
0	0
0	0
0	0
2141	22160
38	298
61	356
146	22191
0	246
3	575
32	1188
1	634
0	881
0	4319
83	494
17	485
16	814
9	1284
14	242
12	1176
41	68
0	1598
150	3578
0	70
1	70
0	34
0	2345
0	2100
11	766
25	2421
0	173
10	99
25	53
0	102
0	110
0	0
0	0
0	400
0	50
0	218
0	210
84	2208
0	862
17	160
0	2181
16956	6061
167	943
110	1469
0	617
4	700
0	743
236	2785
0	151
0	1
0	1
0	122
0	28
0	3
0	75
2	71
0	0
0	0
0	4
0	0
0	0
0	0
0	3
0	11
0	0
0	0
0	19
0	78
0	2
0	0
0	0
0	15
0	22
0	615
0	137
34	615
51	185
0	151
0	167
0	5
0	16
5	188
0	12
0	26
2	183
0	14
0	26
5	32
0	24
16	200
0	19
0	9
0	9
0	192
0	33
0	181
0	139
0	4
0	4
0	0
0	0
0	0
0	0
0	139
0	81
221	662
0	44
8	0
9	0
0	0
0	0
0	551
3	226
0	422
0	0
0	0
0	0
0	0
0	938
0	8
26	452
26	721
0	642
0	49
0	68
28	107
0	91
0	83
95	2771
54	339
0	334
0	2602
7	2600
0	94
2	51
20	25
22	46
0	160
0	194
20	129
0	216
0	40
15	2591
1	1164
0	1
1042	1252
16	1196
8	6
0	1
0	0
0	0
0	0
0	0
0	0
7	450
0	0
0	0
0	1
0	0
0	0
157	257
0	257
14	253
8	113
18	0
32	0
0	0
0	0
5	8
0	0
0	0
14	84
0	0
0	0
0	0
0	0
0	0
0	24
0	0
0	0
0	0
0	0
0	0
0	0
0	0
0	1
0	0
0	0
327	1089
19	15
0	15
30	975
5	1074
4	699
0	492
0	0
0	92
0	155
0	0
0	0
4	704
0	4
0	1
0	40
0	0
0	0
0	0
0	0
0	9
0	203
0	1294
0	1123
0	954
0	1235
0	1059
0	313
0	206
0	181
82	1240
0	0
0	0
0	0
0	0
10	60
0	0
0	0
0	0
0	0
0	0
0	0
0	0
0	0
2	58
0	0
0	0
0	0
0	99
0	140
0	11
0	3
8	30
1	107
0	126
0	113
0	8
19	0
5	23
0	2
0	1
0	5
9	23
0	0
14	9
0	19
0	0
0	9
0	10
11	2
4	0
0	0
0	0
0	0
0	0
0	0
0	0
0	0
0	0
0	0
0	0
0	0
0	0
0	0
0	0
0	0
0	0
595	628
31	33
18	620
53	345
0	345
0	18
0	0
0	0
0	0
0	0
5	1091
245	1093
4	616
1647	1352
0	8366
0	10956
168	83
0	0
0	0
0	55
462	898
3	898
0	0
0	28
0	0
0	28
0	37
0	9
0	0
0	0
0	0
36	33
0	13
0	20
0	16
0	0
0	12
0	0
0	0
0	28
0	27
0	1
0	0
0	27
0	112
0	97
0	117
0	129
0	56
0	0
0	4
0	4
0	4
0	4
0	4
0	0
0	0
0	0
10	137
0	0
0	0
0	0
0	0
0	0
0	0
0	0
0	0
0	0
0	0
0	0
0	0
0	0
21	371
0	369
0	18
0	2
0	15
0	11
44	1145
5	224
0	0
0	0
0	0
0	0
0	0
0	0
0	0
0	0
0	0
6	97
0	28
0	6947
0	6947
25	3798
273	499
0	3671
38	3798
8	95
0	0
0	0
0	0
0	0
0	0
0	0
0	0
0	0
0	0
0	0
0	0
0	0
0	0
0	0
0	95
0	75
0	1
0	6
0	5
0	15
0	0
0	2
0	30
0	61
0	0
0	0
0	0
0	0
252	65
0	62
0	501
0	499
4	470
70	369
0	14
0	38
2	34
0	25
0	8
0	8
0	487
0	487
5	489
0	501
0	261
0	29
0	261
0	0
0	0
0	2
0	13
0	2
0	0
0	0
0	12665
0	3540
8	510
7	1419
0	1816
0	789
15	10886
8	12114
17	12028
0	146
0	269
0	906
0	1237
0	777
4	1506
0	494
0	755
0	471
0	1312
0	0
0	0
0	0
0	0
0	0
0	0
0	0
0	0
0	0
0	0
0	0
0	0
0	0
0	19
0	0
0	0
0	0
0	0
0	20
13	39
3	30
0	0
0	0
0	0
0	0
0	0
0	0
0	22
0	0
13	271
0	23
0	3
0	722
7	2
0	0
0	23
0	85
0	22
0	0
0	1
0	5
0	0
0	1
0	14
0	720
7307	1352
2	1352
0	0
0	0
0	181
0	173
17	185
0	230
0	189
0	208
0	25
3	17
0	31
5	0
0	0
0	0
0	0
119	4456
123	2949
0	2698
0	1742
36	360
26	4292
3	1398
22	210
0	7
3	0
0	0
26	23
6	384
0	0
0	13
0	0
0	0
0	0
90	219
0	7
29	205
5	47
0	3
0	3
0	3
0	3
0	3
0	3
0	3
0	3
0	3
0	3
0	3
0	3
0	0
0	0
0	0
0	0
0	0
3	0
0	58
1	160
0	366
0	219
0	300
0	41
65	411
103	507
0	392
0	351
7	168
0	273
0	240
0	38
0	171
0	74
0	96
33	169
23	49
0	98
0	392
0	0
0	0
0	0
0	0
0	0
19	42
93	390
0	27
0	390
0	0
0	0
0	0
2	1339
0	0
0	0
0	0
0	0
0	0
0	0
0	0
0	0
0	0
0	0
56	885
54	866
0	232
0	99
0	0
0	0
0	0
0	123
0	182
0	218
27	231
0	0
5	24
0	12
0	0
0	0
0	5
0	5
2	7
0	7
0	0
0	0
0	0
0	0
0	7
0	0
0	0
0	0
0	0
0	0
0	0
0	0
0	0
1	1449
0	252
0	1274
0	1182
0	1265
1	123
0	105
0	65
5	35
6	205
0	56
10	139
0	73
0	112
10	57
34	23
8	1356
0	0
0	0
0	0
0	0
0	0
0	4
0	6
0	0
0	4
0	0
0	0
0	4
0	0
0	0
0	2
0	0
0	72
9	360
0	1373
2	2204
10	1111
0	1731
15	145
1	643
0	442
0	309
0	536
15	180
2	47
0	389
0	955
0	0
0	0
0	0
0	0
0	0
0	0
0	0
0	0
0	0
0	0
0	0
0	0
0	497
7	37
0	16
5	24
0	12
0	14
3	467
0	21
6	110
0	12
8	398
0	15
0	6
1	0
209	123
4	103
0	59
4	27
0	0
3	359
0	359
0	82
0	0
0	3
0	359
0	0
274	603
0	64
12	33
0	31
0	31
0	0
0	0
0	0
0	0
0	0
0	0
0	0
0	737
4	483
14	663
19	663
0	628
0	161
0	230
0	175
3	76
0	18
19	0
0	67
0	47
1	49
0	737
2	2149
0	0
0	0
0	0
0	0
0	88
0	88
0	0
0	0
0	0
0	0
0	0
0	90
0	90
0	90
0	90
0	90
0	90
0	90
0	90
0	1242
52	481
0	537
55	57
0	1282
34	1400
125	264
251	1172
31	4431
6	3028
537	6001
28	3091
0	82
185	163
76	419
91	36
0	121
0	50
0	5
0	5
0	10
20	121
1906	0
44	0
0	0
0	0
0	0
0	0
0	0
0	0
0	0
0	0
0	0
0	0
0	0
2	27
0	30
0	30
1	41
0	80
0	0
0	33
0	296
0	62
0	193
0	281
0	33
0	63
0	140
0	102
0	295
0	108
0	295
0	298
0	292
0	22
0	55
0	298
0	273
0	267
5	273
0	0
0	3
0	3
0	3
427	1464
0	865
0	7
2	4
0	241
28	30
0	41
0	30
0	1374
0	0
13	54
4	6
0	13
0	11
0	3
0	3
0	0
0	0
0	0
0	1857
19	2023
0	94
0	11
0	14
3	117
0	90
0	4
0	11
7	15
0	201
11	0
0	0
1905	0
0	0
0	0
3	7505
4	3937
0	5216
26	389
0	7346
0	2877
16	3180
12	2172
0	274
0	465
0	422
0	252
21	136
0	135
0	7
0	7
0	7
0	7
0	0
0	7
0	8
0	0
0	8
0	2
0	2
0	1
0	0
0	8
0	31
0	4
0	31
0	31
0	0
0	21
0	0
0	0
0	0
0	0
0	0
0	0
0	0
0	0
0	0
2	102
1	99
0	111
4	111
0	15
0	0
0	253
0	188
0	253
0	257
7	203
0	268
19	253
10	257
0	192
237	2523
0	2523
0	4
0	5
0	5
0	0
0	1
0	0
0	0
0	0
0	0
0	0
0	0
0	5
0	0
0	0
112	1148
0	33
57	2390
69	165
8	2106
971	780
29	779
0	102
7	585
3	534
86	56
15	27
4	27
0	585
0	305
1200	11163
84	734
75	658
25	671
27	786
0	692
0	1053
0	695
69	8734
0	422
0	692
580	11116
5	979
74	957
57	31
32	113
10	143
55	753
16	1083
12	117
12	21
447	21
0	21
0	18
0	40
5	288
10	4578
14	515
0	56
0	45
0	5721
18	5538
35	0
0	37
0	128
0	8
57	0
0	5845
317	1493
695	1370
48	38
66	109
0	886
1	276
0	0
0	0
0	0
0	0
0	0
0	0
0	24
0	31
0	35
0	8
0	18
0	0
0	0
0	160
0	160
0	211
0	189
0	520
0	178
0	545
0	178
0	0
0	0
0	0
0	0
0	0
917	2345
0	17
0	114
13	2260
0	41
0	56
4	894
11	855
7	119
5	137
6	0
0	8
0	3
0	14
0	2
0	1
0	1
0	0
0	0
0	183
4	64
21	49
0	10
0	47
0	153
240	989
1	271
7	276
13	383
0	478
48	346
0	234
12	47
0	682
4	323
2	20
0	20
0	20
0	0
0	0
0	0
0	0
0	0
0	0
0	0
0	0
0	0
0	0
0	0
1	5
0	0
0	0
0	5
0	0
0	39
4	70
0	31
0	20
0	9
0	30
6	16
6	9
0	16
0	11
0	39
0	1503
0	708
0	461
0	501
0	7773
5	7924
0	7618
0	104
7	53
2	21
47	165
14	4
0	493
0	122
0	377
0	7639
8	794
0	10
0	2641
0	7251
0	301
0	3804
0	8096
0	624
20	8520
16	1069
0	533
0	2396
7	8371
3	402
16	616
52	7601
14	419
0	12
0	7707
0	7601
15	1860
0	1937
0	229
1	0
0	7024
4	178
0	2427
1	4996
0	62
7	6
9	458
20	6838
78	7111
0	7050
0	0
15	186
0	8
0	0
0	8
8	8
2	10
0	0
0	0
0	11
0	11
0	11
0	11
0	0
0	0
0	0
0	0
0	0
0	0
0	0
0	11
424	155
0	1
0	1
0	0
0	0
0	0
0	0
0	0
0	0
0	0
2073	53
53	118
0	305
10	379
0	271
0	14
7	199
0	185
0	21
12	0
15	246
0	272
0	155
0	2
0	0
0	119
0	147
83	155
0	0
71	31
0	1
2	1
2	0
100	3373
8	4428
0	4428
0	716
0	44
0	63
0	4547
0	4428
0	4421
0	0
0	0
0	3
0	0
0	0
0	0
0	3
0	3
0	309
10	28
0	47
0	69
752	772
0	647
0	239
4	370
0	294
0	87
3	3
6	70
29	0
26	130
51	240
0	161
0	15
0	5
11	15
10	15
3	581
0	635
0	586
0	523
0	563
0	179
0	7
6	10
13	16
0	1
2	75
0	24
0	31
0	71
0	53
11	1
0	657
20	0
0	51
549	1752
0	647
40	1271
4	57
0	0
0	0
0	0
6	141
94	55
8	114
0	183
96	3714
0	58
0	3189
25	3096
12	129
0	141
0	3096
1	3743
0	1107
0	239
79	1320
2	483
187	115
25	106
0	81
77	81
3	25
0	243
0	187
564	382
158	127
7	97
0	262
0	55
0	245
1	1986
382	972
9	1692
0	879
441	915
6	1416
0	971
0	791
5	815
0	1054
0	625
61	1659
33	495
44	0
0	0
0	0
0	0
9	28
0	0
0	0
0	0
16	590
0	0
0	113
0	99
0	55
1	10
0	11
0	0
205	14
0	2
0	0
0	0
0	0
0	0
0	0
1	0
0	0
0	0
0	2
30	137
1	137
2	9
7	0
0	0
0	0
0	0
2	212
0	275
3	289
0	122
186	294
0	114
0	192
0	166
17	343
15	148
0	70
0	192
0	0
0	0
0	190
263	1301
21	398
19	377
0	122
0	254
0	980
0	10
0	10
0	0
0	12
0	12
0	10
0	12
0	10
0	0
0	12
0	12
0	2267
0	2302
90	2401
8	222
2	819
2	793
22	94
3	29
0	104
5	322
0	290
0	275
0	111
0	146
0	22
0	16
0	2
470	550
0	0
0	284
1	240
0	0
0	0
0	27
0	61
0	0
49	6
2	23
0	19
36	3213
0	326
7	54
0	145
9	31
14	63
0	486
0	90
2	168
0	12
16	3138
0	3104
0	3043
0	128
0	140
28	161
17	181
0	181
0	172
0	172
0	157
0	33
4	15
0	21
15	220
8	73
0	88
0	45
13	43
0	53
0	40
10	10
0	10
8	4
6	0
0	10
0	2
0	9
0	19
23	132
0	179
0	181
0	172
738	9933
0	9970
52	1074
0	2687
43	9229
692	44
39	36
0	646
0	11
0	156
0	145
0	47
0	94
1	161
0	122
0	249
7	249
22	175
4	21
2	6
0	45
0	10
0	69
0	7
0	18
0	215
0	249
0	187
0	332
1093	963
0	505
0	43
0	44
0	73
0	214
21	529
0	40
0	35
0	142
0	3
0	137
0	0
0	28
0	0
2	54
0	48
0	54
131	518
2	504
7	646
0	255
0	265
28	139
0	137
12	30
145	30
44	99
5	36
14	96
0	60
122	1678
0	57
0	51
275	2305
5	42
13	92
23	40
0	289
9	2121
2	83
13	0
0	2244
41	2121
10	2158
0	426
1	99
0	169
0	176
0	660
0	516
0	49
0	20
0	231
0	1
0	1
0	8
0	0
0	0
0	0
0	0
0	1
0	0
0	0
0	0
0	0
6	47
0	49
0	97
3	74
0	17
0	97
0	0
0	3
0	7
0	3
0	10
998	0
0	333
32	62
0	110
0	126
10	23
7	153
0	47
0	59
0	51
4	23
0	291
110	32
0	0
0	0
0	0
0	0
0	0
0	0
0	0
0	1448
26	126
21	357
0	369
9	55
279	169
9	167
0	442
0	403
0	721
0	9
0	7
175	146
0	230
50	101
633	219
68	151
0	1448
14	82
0	73
0	189
0	166
0	66
0	66
20	0
4	95
36	536
8	62
0	5
0	3
0	3
0	20
0	497
0	43
0	454
0	78
0	83
0	78
0	83
0	78
0	84
0	87
0	78
0	69
0	46
0	42
0	14
0	419
0	69
5	316
2	237
0	8
116	12
1	12
8	0
87	472
6	1751
0	1837
0	2720
528	1836
0	2980
4	3208
1	1853
0	1740
0	924
16	937
6	622
240	354
0	2
7	0
11	305
0	731
0	746
8	335
0	244
0	19
4	52
0	0
0	0
0	0
101	0
105	48
29	64
0	28
0	57
0	24
0	25
68	33
0	305
15	87
0	239
6	49
1	287
12	0
13	43
9	68
406	1752
85	4137
65	2321
26	124
0	258
16	197
0	26
16	220
0	718
0	104
0	4
4	53
7	185
5	734
0	181
10	101
63	24
5	662
0	48
0	17
0	19
0	26
3	27
0	12
0	41
0	56
0	34
37	15
14	38
0	53
0	66
0	526
0	49
0	9
0	19
0	93
0	9
0	93
0	5
0	14
0	4
0	15
0	86
0	0
0	0
0	2
0	2
0	2
0	2
0	2
0	2
0	2
0	2
0	2
0	2
0	0
0	0
0	0
0	0
0	0
0	0
0	0
0	0
0	0
0	0
0	0
0	0
0	0
0	0
0	0
0	0
0	0
0	0
0	0
0	0
0	0
0	0
0	0
0	2
0	2
0	2
0	2
0	2
0	554
0	1
0	0
0	1
0	554
0	8
0	0
0	0
0	1
0	1
0	0
0	1
0	1
0	1
0	0
0	1
0	1
0	1
0	1
0	1
0	1
0	1
0	1
0	0
0	0
0	0
0	0
0	0
0	0
0	0
0	1
0	684
0	686
0	190
982	2678
0	2353
0	142
0	415
0	1084
0	94
1	83
0	883
0	60
3	53
6	87
9	45
0	474
0	522
0	519
0	507
0	508
4	483
0	12
0	57
0	0
0	513
0	42
52	440
0	0
0	0
0	0
0	152
0	739
0	740
2	705
0	248
3	52
0	57
0	23
0	1
0	4
4	16
6	3
9	34
0	12
0	26
15	995
6	432
0	442
20	625
4	377
0	204
0	90
0	303
0	52
0	10
0	5
37	6
12	0
102	79
16	32
11	455
0	11
0	1
0	3
0	442
0	2506
9	2508
22	319
0	0
0	0
12	14
11	2508
0	752
0	0
0	0
0	0
0	0
0	422
189	430
0	66
0	1
20	285
640	3678
0	2350
50	2440
11	330
0	1915
0	1982
21	144
10	320
0	158
0	2
0	0
0	2
5	1
0	0
0	729
0	777
0	742
0	570
3	129
0	230
0	127
11	86
0	63
0	742
0	746
0	732
0	124
5	6731
1	4
14	9
0	5519
0	1977
0	28
2	1940
0	193
11	0
0	163
0	158
0	2676
0	1598
3	0
26	540
0	26
15	111
19	29
19	814
0	205
0	0
9	47
12	1459
0	750
0	19
0	75
0	64
0	63
0	71
0	74
0	69
0	87
0	69
0	81
0	74
0	57
0	63
0	82
0	44
0	47
0	41
0	55
0	38
0	42
0	38
0	47
0	18
0	6
0	26
0	20
0	39
0	4
4	26
0	240
0	254
0	230
0	242
1	112
0	259
0	234
0	65
0	100
0	238
0	97
0	103
0	5
0	289
14	332
0	370
26	237
0	200
0	92
0	59
0	70
0	67
0	13
0	19
0	22
0	12
0	4
0	31
0	27
0	297
15	26
0	4
0	25
0	8
9	1
0	0
24	0
0	0
0	0
0	0
0	128
0	58
0	78
0	64
0	69
1	90
0	23
0	6
0	0
0	81
0	105
0	94
0	24
0	0
0	0
0	0
0	0
0	0
0	0
0	0
0	0
0	0
0	0
493	11329
5	6981
0	7011
24	2673
18	4765
9	3369
91	3441
5	1801
1	1153
392	6354
0	1268
542	1166
0	6198
710	602
0	0
0	0
0	0
3	0
0	0
0	0
0	0
0	0
0	0
0	0
0	0
0	0
0	923
0	943
2	452
0	865
0	845
0	914
2	877
0	880
0	157
13	703
7	37
14	3
0	53
0	17
0	39
0	31
4	17
0	1
0	2
0	1
0	13
0	0
0	0
0	0
0	0
0	0
118	112
1	101
0	68
21	49
0	7
0	0
0	10
0	0
0	0
0	0
0	0
0	0
0	0
0	0
0	0
0	0
0	0
0	0
0	0
0	0
13	44
6	70
0	70
0	70
0	0
17	0
2702	4954
20	456
139	39
2	4501
61	30
0	488
0	463
11	3303
0	249
18	555
1	3177
4	199
1	430
7	399
22	11
10	203
0	126
0	486
0	613
31	33
0	548
53	1035
0	2457
0	391
0	542
0	329
0	223
71	19
381	2315
12	249
0	1120
28	30
7	248
1	123
0	57
0	1154
24	1165
4	108
0	53
2	12
0	7
0	2
0	0
0	7
0	6
195	4937
0	4773
20	533
0	118
78	2593
73	7
51	256
36	33
0	4943
117	1173
17	193
0	8
0	895
12	363
41	223
0	413
15	246
3	367
10	54
0	555
0	0
0	0
8	1333
12	1286
0	1198
0	614
4	5
0	117
8	63
17	24
0	310
38	57
31	17
0	191
8	97
1	68
0	55
0	115
3	101
1	128
0	19
0	3
0	782
144	200
0	821
0	754
0	68
0	114
171	813
424	65
1	213
66	7
16	401
0	36
0	25
0	329
0	447
0	650
0	16
0	525
17	49
0	1
2	57
0	0
0	0
0	0
0	0
0	0
0	0
0	0
0	0
0	0
0	0
0	0
0	0
0	0
0	0
0	0
0	0
0	0
0	0
0	0
0	0
0	0
0	0
0	0
0	0
0	0
0	0
0	415
6	0
3	374
0	379
0	46
0	2
0	59
0	56
0	64
0	65
4	0
0	3
0	0
0	0
0	379
0	379
251	0
0	17
5	17
0	29
1	29
16	32
0	4
0	16
0	9
0	13
32	841
39	866
0	618
17	289
9	14
10	182
156	782
96	595
0	207
5	41
0	187
0	5
0	5
0	10
3	109
0	0
0	3
0	0
0	0
0	24
0	24
0	0
0	9
0	30
0	9
0	6
0	6
0	0
0	6
0	6
12	5
0	5
0	5
0	4
0	0
4	1878
0	2461
2	1999
0	2392
0	2458
0	2429
2	1905
0	2126
0	1832
7	1807
3	965
0	1469
0	1190
0	944
0	1002
0	958
0	840
0	800
0	811
0	848
27	183
0	322
5	782
3	233
7	334
0	341
1	87
0	297
0	342
0	279
0	303
0	277
0	248
0	352
14	288
0	133
0	108
5	13
34	114
0	69
0	75
0	4
0	4
3	23
0	23
0	2369
0	2416
847	307
30	307
148	5443
0	2029
1	5166
0	5642
21	5480
0	1195
68	3
8	137
0	263
0	367
0	542
29	578
0	30
3	292
0	5
0	107
18	284
6	196
0	109
0	50
0	51
49	2
0	0
0	5571
52	30706
75	30382
5	5357
3909	13225
6	32
7	5485
40	1131
56	235
46	357
7	945
0	0
0	0
1	0
0	0
0	0
0	0
0	0
0	0
0	0
0	0
257	158
66	47
0	47
0	0
6	0
0	0
0	0
371	20971
15	1298
0	29855
193	19407
1601	30267
0	28055
1	29631
367	3352
45	21378
73	867
0	722
16	717
42	372
36	793
0	17
3	199
7	0
0	28
0	722
1725	696
12	696
0	1272
0	560
5	661
23	164
8	164
0	548
0	44
5	46
45	145
55	2428
0	149
0	1055
35	993
1	368
0	30
5	129
3	75
0	1272
0	0
0	0
0	0
0	43
21	298
0	70
0	26
0	276
0	276
0	57
0	59
9	17
5	1
0	42
0	277
0	18
0	3
0	39
0	28
0	31
0	0
0	5
0	34
0	18
0	0
0	0
0	5
4	227
0	0
0	0
0	49
0	0
0	0
0	0
0	0
0	49
0	0
0	0
0	49
0	49
0	50
0	313
0	348
0	283
6	365
0	159
0	227
0	118
0	162
2	155
0	69
0	114
0	102
0	105
0	115
0	20
0	60
0	41
4	28
0	15
6	3
3	0
0	1
0	128
1650	413
30	245
0	39
4	0
33	785
0	672
0	49
1	592
0	32
33	25
5117	970
4	126
9	24
16	751
0	492
0	257
0	67
7	52
0	23
0	28
5	0
44	492
0	755
0	6
0	0
0	0
0	0
0	0
0	0
0	0
8	231
15	92
0	108
12	117
0	709
21	694
1	118
0	54
130	604
0	46
4	21
0	42
8	27
62	1988
14	1493
22	10
0	681
21	13
0	50
17	29
17	734
8	1571
1437	1837
8	506
64	305
0	352
1	89
0	563
15	551
131	343
0	649
0	163
15	2
0	0
35	364
0	340
5	38
0	297
0	46
44	283
0	283
4	19
3	19
4	107
0	0
386	199
4	0
2	188
0	37
0	12
0	0
0	0
0	0
0	0
11	0
22	0
0	0
0	0
0	0
0	0
0	0
0	3
0	3
0	3
0	3
0	0
0	0
0	0
0	0
0	0
0	0
0	0
0	3
0	0
21	16
3	0
1	3
0	2
0	7
0	13
0	0
138	215
0	6
0	25
0	515
0	0
0	0
0	0
0	0
0	0
0	0
0	0
0	0
0	0
0	0
0	0
0	0
0	0
0	0
0	0
0	31
8	128
176	135
13	23
0	31
0	17
0	783
0	0
0	0
0	0
0	0
0	957
0	2343
1138	2683
16	28
18	228
0	205
265	60
172	839
0	6
0	1
0	0
29	218
0	218
69	1861
6	945
0	616
0	536
89	287
0	1398
29	211
707	877
41	877
0	630
31	615
0	222
7	382
0	39
0	0
0	212
5	14
3	31
94	582
37	304
11	506
3	361
14	223
0	0
0	0
0	0
3	132
0	34
0	71
1193	71
5	0
0	0
0	0
0	0
0	0
0	0
0	0
0	0
0	772
0	800
0	158
0	211
0	88
0	1
0	25
0	78
0	77
0	10
0	9
0	9
0	0
0	0
0	0
0	0
0	0
0	0
9	0
0	0
0	0
0	0
4	229
0	293
0	301
1895	118
0	118
11	1
85	804
0	73
0	635
5	770
7	649
1	36
0	10
0	82
0	115
0	17
21	329
0	686
0	1187
29	1134
0	791
0	905
9	667
5	238
1	63
0	43
0	117
0	64
0	29
0	0
0	0
0	0
0	0
0	0
1	0
0	0
0	212
0	189
0	219
0	14
0	0
4	0
0	20
0	20
0	0
0	18
0	20
0	10
2	125
0	7
0	13
3	1
1	179
0	0
0	1
0	14
0	0
0	0
112	468
189	488
0	457
9	116
1	48
12	124
0	0
0	0
0	542
14	41
0	32
0	0
1134	637
0	0
0	0
0	0
0	0
0	0
0	0
0	0
0	0
8	0
17	0
0	0
11	0
2	0
0	0
0	0
0	0
0	29
0	0
0	0
0	0
0	0
0	686
1973	2573
2	2485
3	744
13	57
1	5
0	214
2	0
0	0
483	1219
0	38
23	1178
0	0
0	0
0	0
13	78
0	78
2	11
0	91
9	52
0	10
18	144
0	9
2	41
0	41
0	4
0	13
0	27
0	85
0	9
0	4
13	0
0	0
0	0
0	0
0	0
93	3904
176	4159
153	325
125	3014
264	813
14	136
77	286
32	1091
149	1418
26	968
0	818
0	823
7	873
2	791
8	191
5	139
0	65
2	167
0	90
2	105
0	175
1	65
0	28
2	39
0	696
0	421
0	3
0	5
0	3
0	2
0	0
0	1
0	1
0	1
0	3
0	0
0	2
0	0
0	0
0	0
0	0
0	0
0	0
0	0
0	0
0	0
0	28
0	7
0	4
5	261
3	104
7	520
24	522
30	420
0	1
36	132
1	237
0	0
0	0
0	0
0	0
0	0
0	0
0	0
0	0
0	0
0	0
0	0
0	0
0	117
0	0
0	0
0	0
0	0
0	0
0	117
9	7458
104	7300
13	109
25	301
122	214
69	171
4	242
13	567
13	392
81	678
95	596
28	66
0	392
39	899
23	1071
0	1168
0	686
0	558
0	864
0	779
1	2
8	2
121	1178
0	20
0	940
5	970
1	1045
0	896
0	71
1	71
0	149
16	35
1	15
0	31
11	62
0	69
0	1804
0	2127
0	2168
0	2158
0	273
0	61
0	158
0	81
0	601
0	3427
4	734
0	111
31	3762
0	3254
0	3443
4	3913
1	3768
148	2779
0	3486
5	14
2	80
0	183
0	80
0	63
0	8
0	142
3	0
0	143
0	139
3	32
0	28
1	29
0	19
0	0
0	3424
0	3616
0	0
0	38
24	33
0	20
0	17
0	7
0	5
0	200
7	164
2	156
23	79
0	68
0	14
0	8
0	4
0	3
0	1
0	202
0	198
17	657
220	1748
144	1657
0	0
23	493
34	37
0	1
0	36
0	40
0	42
0	36
0	29
0	0
0	43
21	659
0	0
0	1
0	42
0	53
0	47
0	1
0	43
0	42
0	27
0	34
0	1
0	17
0	32
0	36
0	36
0	46
0	17
0	15
0	40
0	0
0	0
0	1
0	15
0	46
0	260
0	14
0	25
0	71
0	25
0	0
0	6
4	39
0	25
0	0
0	0
0	0
0	0
4	240
0	25
0	16
0	0
0	16
0	26
0	6
0	0
0	0
0	322
0	46
0	0
0	1397
0	1128
0	1207
0	1174
0	1194
0	1218
0	1039
0	1274
0	1040
85	1185
0	1245
0	1154
0	1052
0	1100
1	1054
16	852
0	995
0	974
0	1243
0	1177
0	1175
0	1282
0	1249
0	1246
0	984
0	1153
0	1266
0	1007
22	862
0	392
0	422
0	1065
0	226
0	993
0	766
0	507
0	988
0	468
0	501
0	244
0	787
0	378
0	385
13	677
0	1134
0	15
0	1081
0	1116
5	1114
0	710
4	1013
0	1139
0	1156
0	1136
0	705
0	716
0	127
0	401
1	110
262	163
0	181
104	623
26	399
11	197
39	260
3	195
0	273
7	285
3	0
5	16
20	114
6	18
766	1822
0	1357
1407	2046
0	2048
0	44
0	257
8	96
0	294
0	340
0	354
0	323
0	330
0	1
399	130
3	182
1	2
0	1534
3	482
24	470
0	23
0	56
0	1345
0	147
34	0
0	0
0	0
0	0
0	0
1460	887
0	52
26	365
4	265
0	374
0	101
0	23
0	161
132	181
20	94
20	16
48	65
22	366
0	323
21	36
23	105
1	82
0	37
0	6
0	23
8	4102
0	56
90	4278
8	4236
8	65
14	689
40	141
101	91
1	150
0	1159
412	964
33	49
4	49
0	0
0	0
0	516
0	0
0	0
0	0
0	0
0	0
0	0
0	0
0	0
0	0
0	0
0	0
0	0
0	0
0	0
4	20
0	20
0	70
0	8
0	14
0	7
4	50
0	7
0	10
0	0
1	24
0	4
0	17
0	0
13	78
0	473
0	0
0	5
0	14
0	5
0	5
0	0
0	0
0	0
0	0
0	0
0	0
0	0
0	0
0	0
0	0
0	0
0	0
0	0
0	0
0	98
0	0
0	0
0	0
0	0
267	62
6	110
0	0
0	6166
97	2632
136	1897
37	353
2066	4314
128	3326
26	2361
7	1691
12	259
0	1496
41	286
18	772
22	606
1974	244
0	146
0	21
0	0
0	0
0	2
0	5
11	23
0	3
12	0
0	0
0	0
0	0
0	0
0	0
0	0
0	0
0	0
0	0
0	0
0	132
22	620
35	101
0	235
1	594
6	78
0	35
115	625
608	624
14	0
71	106
1	226
33	45
1	50
64	223
0	288
0	1
12	0
0	1427
0	1371
0	1529
4	304
0	99
4	56
0	0
0	94
0	40
0	28
0	10
0	0
0	9
0	1
7	0
0	1529
0	0
0	0
0	2
0	2
0	0
0	0
0	0
0	0
0	0
0	0
0	0
0	0
0	0
0	0
0	0
0	2
0	2
0	14
134	1302
0	14
0	0
0	0
42	13
0	11
0	0
0	2
16	0
0	0
4	148
0	0
0	2
0	56
4	51
0	57
0	51
0	28
0	0
0	9
0	0
0	0
4	7
0	0
6	2
0	0
0	5
0	5
0	1
0	0
0	0
0	0
0	0
0	56
0	8715
0	8000
0	0
0	8706
0	125
0	0
0	0
0	0
0	7129
2	0
0	0
0	0
35	35
16	6
7	37
20	2
0	2
60	135
0	12
7	258
4	12
0	7
0	1
3	36
6	61
4	23
0	4
0	14
0	9
0	1
0	0
10	0
0	250
0	0
0	4472
9	9
0	4400
8	4198
44	1901
52	89
0	64
17	47
1	0
0	900
1	871
6	127
0	48
21	118
0	94
2	112
32	632
0	4
0	0
0	0
0	0
1136	1061
0	1076
0	917
56	448
0	51
0	302
18	265
0	132
0	45
5	4
52	0
0	71
0	0
0	40
0	2
18	6
0	6
928	7
18	154
0	1822
24	1956
0	2320
0	2314
1	2403
217	2298
0	1446
0	1410
0	129
0	77
0	78
0	0
7	105
0	35
0	12
0	0
0	0
0	0
48	367
0	336
2	444
70	700
0	334
42	475
8	64
36	33
0	48
0	86
0	78
0	54
44	308
0	0
0	0
0	0
0	0
5	156
0	279
23	135
39	98
0	42
6	20
8	10
16	132
0	108
10	94
6	55
100	111
0	8
0	9
0	8
0	2
0	2
0	2
0	0
0	0
0	1
11	17
0	0
0	0
0	0
0	0
0	1
0	0
0	0
0	0
0	0
0	0
0	0
0	0
0	0
0	0
0	0
0	0
0	0
0	0
0	0
0	0
0	0
0	0
0	0
0	0
280	0
0	0
0	0
0	2371
0	0
0	0
0	113
0	2454
5	2415
13	110
0	2355
0	69
0	1222
0	69
0	7
17	7
3	54
0	3
0	1178
4	2278
0	142
0	1004
0	108
3	2244
0	2180
0	2268
0	2319
1	407
0	12
0	12
0	0
0	0
0	0
0	0
0	0
0	0
0	0
85	443
3	31
0	19
0	438
10	47
1	211
33	0
0	0
4590	15
0	0
0	0
0	0
0	0
0	0
1	0
0	0
0	0
0	0
1733	7559
29	7559
0	0
29	201
120	359
4	3089
69	38
32	462
10	31
0	0
0	0
1	393
0	242
8	269
0	102
2	52
0	0
0	0
0	0
0	0
0	0
0	0
0	0
0	0
0	0
0	0
0	0
10	0
0	0
0	0
0	0
0	0
0	0
66	497
0	493
0	341
0	451
0	16
0	14
0	9
0	28
0	22
0	76
0	352
43	305
5	444
0	9
0	78
0	53
0	450
0	1
9	39
0	15
0	50
0	17
0	187
3	125
15	136
0	55
0	1
0	1
0	0
2	25
27	68
0	0
0	0
0	0
0	0
0	0
462	1479
1	673
0	129
0	51
178	798
60	292
35	206
115	47
23	0
29	254
46	207
12	94
0	13
0	724
0	0
0	0
0	4
0	4
0	0
0	0
0	0
0	0
0	3737
0	3335
0	3002
0	220
0	382
40	41
18	41
0	0
0	13
1	20
0	1717
1	7787
15	8330
94	6689
0	8083
1	2601
79	9347
0	8298
50	852
78	7782
0	7380
0	2049
0	1117
0	3827
0	1421
9	246
24	3408
0	1150
2	84
0	82
0	74
0	80
0	78
0	104
35	112
0	44
4	118
0	24
0	37
1	45
0	44
0	41
0	12
0	166
11	358
4	198
0	0
0	0
0	0
0	0
0	0
0	0
0	0
0	0
0	0
0	0
0	0
0	0
208	689
16	566
3	400
0	84
0	0
0	0
0	0
0	0
3152	4154
11	3951
8	3857
10	325
2	2608
12	2996
10	1524
6	132
22	1857
0	1550
19	383
0	11
0	14
0	14
0	9
0	9
0	0
0	0
0	0
0	0
0	0
0	0
0	0
0	0
0	0
0	0
0	0
0	0
0	0
0	0
0	38
246	999
0	2419
13	374
17	79
13	206
81	567
1	817
0	18
0	1939
0	1950
9	2150
86	336
13	1
29	163
26	261
0	2
0	4
0	0
3	2
0	2
418	1608
0	0
15	1458
24	373
8	95
5	168
0	23
0	144
0	0
0	62
18	19
0	0
0	0
0	0
0	0
0	0
0	0
0	0
25	1149
0	1
6	876
4	186
0	1
0	312
59	132
0	921
2	705
0	745
0	374
468	1459
8	535
0	242
7	15
0	601
0	1006
136	3648
0	3847
65	3799
422	3055
15	1356
30	313
194	4
35	1436
0	1422
4	1013
2	1196
168	372
1260	1408
0	524
122	446
102	255
1	206
9	583
81	207
0	104
0	0
1826	1815
0	671
0	2
37	707
0	142
0	58
4	334
0	214
204	174
0	166
0	37
0	103
0	114
0	129
0	47
0	10
34	103
0	0
4	0
0	1554
0	1178
0	1103
0	699
7	840
0	7
94	292
0	32
0	591
82	198
3	146
568	611
18	458
0	138
1	222
0	0
0	0
0	0
0	0
0	0
0	0
2	553
591	934
13	590
1	251
0	174
0	231
5	200
27	33
1	96
0	62
0	327
2214	9
4	307
1	1377
0	297
13	180
0	1256
0	1267
38	0
0	292
0	337
35	1231
537	768
0	171
2	143
0	150
10	110
0	2
0	1
0	2
0	2
0	0
7	1
0	0
0	36
8	262
0	0
11	298
11	231
19	148
0	262
0	0
11	2
0	0
0	1327
0	0
0	0
0	1249
0	58
0	46
0	1384
0	1303
6	1327
0	70
0	1512
27	1262
6	1218
14	1343
21	1384
2	6
0	280
7	1452
0	0
0	0
0	0
0	0
0	0
0	0
0	0
0	0
0	0
4	931
354	2370
42	96
0	351
0	275
0	1854
0	0
4	2369
0	381
0	398
0	390
0	418
0	355
0	376
0	40
0	379
0	217
12	24
2	15
0	90
0	6
0	53
0	51
3	289
0	6
0	6
6	118
0	40
2	81
0	3
8	1
0	105
0	37
2	60
0	22
0	0
2	353
0	419
0	1831
0	685
3	570
0	605
5	539
0	26
36	539
49	181
0	318
0	239
1	264
7	245
5	208
2	55
0	36
0	1
0	19
0	4
0	0
0	0
7	0
1	0
0	0
0	0
0	0
0	0
0	0
0	0
0	11
0	0
0	0
0	11
0	0
0	0
0	0
7	2356
0	2067
61	1834
309	2373
0	2196
0	112
0	65
28	16
0	3
2023	1491
0	3
146	239
0	60
0	75
0	777
0	615
7	491
4	420
3	454
10	120
52	39
24	51
63	0
87	783
8	12
0	12
20	2
0	2
0	1
0	0
0	0
0	0
0	0
0	0
0	0
0	0
0	0
0	0
0	0
0	1
0	1
0	0
0	0
0	0
0	0
1	1332
56	3507
17	2141
11	912
6	482
21	738
0	480
0	140
126	223
3	2543
8	3022
0	84
0	84
0	72
0	0
0	10
0	82
0	26
26	108
30	108
8	1169
6	198
0	1075
0	938
0	680
0	860
0	31
0	466
0	815
0	1582
0	829
113	242
3	513
0	604
0	874
0	545
0	429
0	296
0	507
0	124
0	484
0	287
0	76
0	185
0	82
0	200
0	157
0	241
0	141
0	173
0	176
0	53
0	0
0	215
5	349
0	293
0	63
0	40
4	823
0	0
0	0
0	6
0	6
0	0
0	0
132	545
6	326
2	77
9	114
0	489
0	490
299	11457
186	2181
0	83
24	90
0	162
5	9
0	11457
0	5958
6	1694
0	0
0	0
0	0
0	0
0	0
0	0
0	0
0	0
8	200
150	200
966	3617
0	122
0	0
59	93
0	0
10	185
495	1281
0	2523
0	0
0	65
18	11
0	39
2	11
0	11
0	0
17	69
0	0
0	11
0	17
0	0
5	16
0	55
6872	1597
21	504
51	518
0	191
111	430
328	158
329	53
251	249
0	0
0	0
0	0
0	0
0	0
0	0
0	0
0	0
0	0
0	0
0	0
229	947
31	814
0	945
48	469
5	24
0	66
19	2
0	102
4	64
0	45
0	381
239	1421
3	374
7	740
1	726
0	565
0	56
44	514
52	14
0	0
3	552
1015	1756
15	913
0	569
0	317
0	886
0	85
39	2220
0	1739
0	825
0	153
2	819
0	347
0	421
39	591
0	1352
0	174
0	166
0	369
0	0
0	0
0	15
0	0
0	1394
0	1384
0	8
0	0
0	0
22	534
0	0
0	58
0	50
0	54
0	62
0	8
0	2
0	0
0	0
0	8
0	8
0	8
0	4
0	8
0	8
0	10
0	0
0	0
0	0
0	0
0	0
0	0
0	58
0	58
293	453
0	337
0	212
5	159
0	227
8	58
0	54
0	0
0	0
0	556
0	21
0	21
427	1942
0	162
30	349
36	0
100	2309
0	2200
0	2156
7	31
33	514
93	32
182	1114
4	155
12	1247
139	1461
9	215
10	226
78	448
90	381
7	196
268	380
102	105
0	97
67	5
5	375
0	357
0	344
0	362
0	362
0	14
0	24
2	31
0	0
0	0
0	0
521	836
18	538
12	180
0	748
0	27
0	56
3	0
5	436
0	27
0	340
0	0
5	0
0	0
5	14
0	25
0	144
0	14
3	13
0	0
0	740
0	142
0	5
1	0
12	5
35	5
0	0
0	5
6	2
2	0
0	2
0	3
0	4
0	4
10	228
0	3
0	4
0	0
1710	1902
21	1889
5	344
0	344
13	178
0	841
6	841
0	0
0	0
0	0
0	0
0	0
632	284
0	22
0	131
0	26
0	106
41	573
0	0
33	559
0	1
5	18
0	126
9	165
0	0
0	424
7	642
0	162
0	546
0	586
0	522
4	135
0	264
0	143
0	131
0	241
0	648
10	556
0	350
0	179
2	170
0	131
0	62
0	43
0	30
0	34
0	0
0	7
6	267
5	7
0	260
6	14
0	7
0	47
0	0
0	0
0	121
25	136
0	60
0	13
0	5
0	0
0	412
0	412
0	0
0	0
5	122
0	0
0	2
0	4
0	4
0	2
0	2
0	0
0	0
0	0
0	0
0	0
0	0
0	0
0	2
0	2
0	2
0	0
0	60
16	48
0	5
2	56
0	56
0	16
5	28
0	66
0	5
0	5
0	27
0	0
2	479
0	0
0	0
0	0
4	102
0	0
0	0
0	12
0	0
0	50
0	12
0	50
0	5546
0	10642
0	10123
8	2244
128	2244
0	237
4192	0
0	0
0	243
0	317
0	3082
2	243
2	243
0	2998
4	3100
0	227
1	3308
0	16
0	25
0	266
0	434
0	168
10	338
0	129
0	208
0	188
0	3081
0	317
54	87
115	437
25	28
0	158
28	289
75	733
0	114
4	783
21	12
162	1102
21	153
0	31
4	33
15	221
19	416
0	246
8	16
5	72
13	32
0	365
0	329
26	252
0	281
0	5
0	191
0	8
0	37
0	36
2	34
0	6
0	15
10	6
0	9
0	0
0	15
0	15
0	15
0	15
0	37
0	1
0	24
0	5
0	0
0	5
0	0
0	0
1	0
0	0
1	438
8	150
0	0
0	0
0	0
20	127
0	140
3	575
0	705
166	653
9	618
0	639
0	544
9	401
11	161
0	79
7	155
10	1543
2	1949
10	1619
2	1334
131	762
8	401
0	1
15	90
634	2780
2	2553
227	776
0	0
0	31
18	202
937	408
0	96
1	166
0	195
20	97
1	210
0	0
187	148
0	0
0	148
1	0
0	0
0	0
115	928
15	749
11	277
0	435
2	55
0	56
0	98
19	44
0	15
0	105
26	11
0	19
26	40
0	50
0	103
0	285
0	214
748	1008
0	908
0	883
7	50
1	100
0	103
4	58
0	12
0	18
0	2227
0	2264
0	1583
0	717
0	18
128	1004
13	95
7	106
65	82
0	81
0	316
0	363
0	0
27	133
0	0
0	3
0	0
0	0
0	0
0	0
0	0
0	0
0	0
0	36
0	0
0	0
0	0
0	0
0	0
0	0
0	0
0	0
0	0
0	0
0	3
0	3
0	0
0	0
0	0
0	0
0	0
0	0
0	0
6	6
0	22
0	22
0	4
0	4
10	2
3	2
0	0
13	0
0	0
0	9
0	9
0	9
0	9
0	9
0	9
0	9
0	0
0	0
0	0
0	0
0	9
0	9
0	0
0	3
0	3
0	0
0	0
0	0
0	1803
111	1968
166	659
3	63
160	88
0	156
0	14
0	122
32	9
21	45
0	166
0	0
0	0
0	0
0	0
0	0
0	0
0	0
0	0
0	0
0	0
0	0
0	0
0	0
0	0
0	0
0	0
0	0
0	0
0	0
295	1555
0	0
0	0
0	6
165	41
0	29
3	41
41	2331
1	722
0	172
0	345
0	361
0	173
0	267
12	0
1	157
32	111
0	2171
0	63
0	63
7	0
13	726
0	58
9	66
24	660
7	51
0	33
16	26
61	517
0	107
1	20
128	381
2	363
0	15
0	0
0	0
0	0
0	0
0	0
0	0
0	0
0	0
46	1175
0	585
0	246
10	150
1	399
1	374
0	1070
6	325
1	173
5	129
295	942
81	382
0	0
0	0
0	0
59	1074
0	50
0	1061
0	9
0	43
10	172
0	0
0	0
5	0
0	26
1	99
3	198
0	0
0	0
0	0
0	0
0	0
0	0
229	292
0	232
0	26
20	34
0	31
2415	2261
11	137
0	1192
0	401
0	761
0	30
0	1338
0	0
73	2037
17	2037
0	332
0	147
0	90
4	22
16	136
0	47
4	119
0	86
0	103
10	30
1	345
7	216
1	117
0	87
0	186
4	0
0	0
0	2
0	1
0	0
0	0
4	2
0	2
0	0
0	0
0	0
1747	0
0	687
0	358
4	674
0	497
0	163
0	236
0	22
0	146
0	62
0	99
0	119
0	476
0	0
0	0
0	0
0	0
0	0
0	0
0	0
0	0
0	0
44	497
0	15
0	15
0	15
0	6
0	0
0	0
10	1115
126	130
3	679
171	812
0	587
0	553
4	714
13	139
0	437
0	369
0	62
0	750
0	21
0	787
2	800
0	0
0	0
0	0
0	0
0	0
0	0
0	0
0	0
0	0
0	0
0	0
481	197
0	49
0	59
10	838
710	974
47	765
27	14
160	462
87	47
9809	1006
0	0
0	0
0	170
0	170
3	206
0	155
0	188
20	112
0	38
0	10
6	35
0	0
29	297
0	0
22	62
0	4
0	9
0	26
0	0
0	22
0	0
0	7
0	2
0	2
34	972
0	0
0	0
0	8
0	44
0	36
0	31
0	4
2	42
10	42
0	0
13	44
22	40
0	4
0	0
0	0
0	0
0	0
0	0
0	0
0	0
0	0
0	0
0	0
0	0
0	0
0	6
0	0
28	12
0	12
0	399
6	232
0	399
0	387
0	368
0	158
0	369
0	43
11	7
2	25
0	25
1	9
0	2
0	0
0	2
0	1
0	0
7	245
0	398
0	11600
652	11309
107	3157
0	3199
1	2736
1	416
9	173
0	53
0	2
5	1417
1	0
46	143
0	10
0	11012
0	11317
0	9
136	899
36	353
0	899
19	431
0	144
0	72
0	37
0	26
0	1
0	345
0	187
0	281
0	116
0	226
0	155
0	155
0	113
0	47
0	0
0	0
0	0
0	9225
72	11201
179	9836
4	9280
0	824
26	9296
38	4169
0	2687
1	6847
1	938
6	7958
8	6735
4	1608
0	4136
131	47
0	0
0	0
7	6
0	0
0	4
0	1
0	5
1	6
0	1
0	1
0	0
12	0
218	960
11	505
7	505
1	560
4	165
0	264
10	321
0	388
0	193
0	0
16	907
24	1067
0	152
0	36
114	36
0	80
49	431
22	66
0	68
11	71
0	449
0	0
0	0
0	0
0	0
0	0
0	0
0	0
0	0
0	0
0	0
50	3471
51	2172
0	3538
46	21
15	24
68	1962
0	176
23	60
9	62
26	210
0	71
28	0
12	479
0	26
0	91
0	112
0	29
0	3406
0	0
0	0
39	11
0	0
0	0
0	0
0	0
0	0
0	0
0	0
0	0
0	0
0	0
0	0
0	0
0	0
0	0
0	0
0	0
2	1
4	1
0	0
0	106
0	0
0	0
0	0
0	0
0	0
0	0
0	0
0	0
0	0
59	63
0	63
0	0
0	0
0	0
0	0
0	0
0	0
0	0
0	0
0	0
0	0
0	0
0	0
0	0
0	0
0	0
0	0
0	0
0	0
0	0
0	0
0	0
0	0
0	0
0	0
0	0
0	0
0	0
4	0
0	0
0	0
0	0
0	1
5	0
0	0
1	30
12	30
0	0
0	0
0	0
4	93
0	0
0	0
0	0
1	512
10	512
17	503
10	156
8	8
0	74
24	52
1	19
13	123
10	125
3	0
31	0
0	0
0	0
0	0
0	0
0	0
2	47
3	64
1	41
0	21
0	13
0	0
0	14
0	0
29	847
0	0
0	0
0	0
0	0
0	0
0	0
0	0
0	0
0	0
0	0
0	0
0	0
0	0
0	0
0	0
0	0
0	0
0	0
0	0
0	0
0	0
0	0
0	0
0	0
0	0
0	0
0	0
0	0
0	0
0	0
0	0
0	0
0	0
0	0
0	0
0	0
0	0
0	0
0	0
0	0
0	0
0	0
37	1026
21	1026
0	10
0	88
0	0
0	0
3950	0
0	0
0	0
0	0
193	0
8046	5625
42	5105
0	0
0	1228
1	112
23	68
0	30
59	747
7	1002
0	1228
0	3
0	3
0	3
0	0
0	0
0	579
3	385
0	318
62	564
0	164
0	17
0	17
0	320
0	26
0	8
0	8
0	0
0	89
0	0
0	0
0	26
4	8
0	0
0	8
0	0
0	22
0	0
0	0
0	0
0	0
0	20
0	18
0	0
0	0
0	0
0	0
0	0
3	16
0	1
0	87
0	89
0	8
0	87
23	0
0	0
0	4008
73	1172
0	1845
4	1575
0	1227
4	5098
2	3840
8	3599
8	1249
1	1220
0	2006
112	14
0	1063
600	1282
101	855
0	4435
0	1574
0	0
0	1
0	1
0	1
0	1
0	1
0	0
0	178
0	1
0	1
0	0
0	0
0	0
0	7
15	7
0	7
0	7
0	1
0	1
0	0
1	0
0	0
0	0
0	0
0	0
0	0
0	56
0	30
0	13
0	0
0	107
26	416
0	27
0	74
22	18
231	407
0	86
0	1029
5	1020
0	302
0	15
0	23
0	2
0	2
1	30
1034	160
17	65
0	65
0	24
2	5
0	7
0	57
0	0
0	41
0	23
0	23
0	4
9	151
0	39
0	0
0	5
345	344
12	338
0	167
0	6
9	2916
0	0
1904	169
0	169
21	4126
8	3624
1121	904
0	2874
0	2787
0	1193
36	889
0	2844
21	2687
0	1735
0	1860
0	476
16	111
0	265
0	217
0	214
0	250
1772	1902
38	1794
0	1140
9	255
4	119
0	394
0	173
0	24
0	748
0	785
0	22
0	104
0	663
0	208
0	23
0	106
0	58
0	690
0	211
2	108
0	729
0	578
0	44
0	208
0	994
2	116
1	3
1	722
0	0
0	0
0	0
0	0
0	0
0	0
0	100
0	101
0	109
0	55
1	107
4	1
1	42
1	59
0	4
0	24
0	23
0	7
4	0
13	0
0	13
0	5
0	0
0	0
0	0
9	2053
1	1922
0	1234
131	1268
0	849
78	823
0	634
0	990
10	1057
0	816
0	576
5	194
0	102
46	267
35	22
0	143
0	173
0	84
2	74
0	63
31	61
0	33
13	52
0	31
2198	113
70	5
0	9
0	8
0	5
0	0
0	0
0	0
0	0
0	0
0	0
244	506
0	154
0	167
15	9
1	0
0	0
0	0
0	0
0	0
0	0
0	0
0	6
21	81
0	37
0	34
40	115
0	20
1	17
0	5
0	33
1	21
0	36
0	4
0	15
0	0
0	9
0	22
2	33
0	13
0	29
0	14
0	34
4	13
0	13
0	110
0	110
0	11
0	110
486	818
27	207
0	345
0	604
0	610
1	519
5	348
0	344
42	352
0	613
0	613
0	351
0	0
0	0
0	0
0	0
0	0
0	0
0	0
0	0
193	16988
1854	16982
19	4452
1574	5554
0	0
0	0
0	12936
0	5923
0	6549
0	6526
0	1383
0	10303
0	2501
0	2177
0	1495
0	0
0	0
2	495
2	934
0	792
0	793
0	380
0	326
0	75
0	335
0	207
5	8
0	154
2	862
0	0
0	0
0	0
0	0
0	0
1983	472
3	56
0	83
0	76
0	0
91	15133
0	3456
0	5948
243	13339
3	6049
75	5271
3	5063
0	4678
0	7582
114	5655
21	7734
135	4393
10	5140
3	3498
16	8029
0	13340
12	321
95	393
57	70
90	323
19	82
2	3
274	2354
0	1514
0	23
15	1079
0	0
0	1287
772	2186
41	1663
174	1449
3	1006
0	1186
0	569
0	165
0	325
0	256
0	295
0	569
0	553
0	138
4	93
0	0
4	0
0	28
0	7
0	0
0	0
0	0
0	0
0	0
0	0
0	0
0	0
0	40
0	0
0	40
0	0
1	0
0	0
0	0
0	0
0	0
1	40
0	21
0	18
0	8
0	0
0	0
0	0
0	21
0	0
0	0
5	211
0	0
0	0
0	0
0	0
0	0
0	0
0	0
0	0
0	0
0	0
522	1286
0	124
0	540
0	235
15	744
0	13
650	1141
0	126
2	136
0	14
0	2
0	12
0	14
0	2
0	2381
0	387
0	19
2	10
0	177
0	97
76	61
3	2401
0	459
0	9177
325	4121
0	1834
18	6906
0	228
25	233
9	1700
0	1198
15	1052
0	630
0	394
0	9068
0	0
0	0
0	0
0	0
0	0
0	0
0	0
0	0
0	0
0	0
0	0
0	0
0	0
0	0
0	0
0	0
0	0
0	288
0	0
0	181
9	1127
4	476
21	58
0	11
4	1446
7	1186
0	156
49	308
3	294
19	611
0	816
81	1126
0	543
0	187
3	214
268	1124
0	1124
0	1124
0	1130
77	1135
161	534
14	465
0	212
7	125
8	163
0	54
0	23
705	3451
113	1035
34	2078
10	909
0	973
0	228
1	423
4	1
15	35
15	97
8	0
0	89
8	44
0	202
2	143
0	1037
4	92
0	63
2473	8
15	8
0	0
4	804
0	538
67	544
0	381
3	38
0	0
0	22
0	39
0	0
631	0
0	0
0	0
0	0
0	0
0	0
0	511
159	430
0	547
2	701
2	503
30	62
6	27
4	1508
2	662
0	196
0	83
0	1521
0	46
3	35
3	5
0	27
6	11
0	20
0	9
0	0
12	23
0	15
0	1487
0	22
133	1564
4	483
0	125
0	341
0	220
0	580
0	1381
2	327
2	316
0	371
0	92
5	305
4	272
29	133
0	355
17	129
0	3894
0	2
13	1208
0	3908
5	1774
0	1212
4	1292
13	49
0	106
0	215
0	107
0	104
17	229
69	1749
46	3806
3530	3469
7	3391
0	1144
0	5159
0	0
0	0
23	0
0	29
0	6
4	0
0	0
0	0
0	0
0	29
0	0
62	229
0	270
18	660
260	731
43	267
0	183
0	208
0	0
0	0
0	96
33	195
0	151
0	0
0	50
0	0
28	30
0	0
0	0
10	604
2	329
8	345
5	364
101	241
10	50
0	97
0	103
0	96
0	97
8	60
0	51
0	23
0	32
0	0
9	0
0	13
0	0
0	0
0	0
0	136
0	1315
0	1062
1	3000
0	1051
4	2813
0	1027
0	220
0	1712
0	1153
14	89
0	214
0	2858
0	2874
0	2622
0	2676
0	2642
127	11
0	11
0	0
0	0
0	0
0	0
0	0
0	0
0	0
0	0
0	0
0	0
0	0
0	0
0	0
0	0
0	0
0	0
0	0
0	0
0	0
0	0
0	0
0	0
0	0
0	0
0	0
6	152
0	0
0	0
0	0
0	10
0	10
0	10
0	0
0	0
0	0
0	10
0	0
0	0
0	0
0	0
0	0
0	0
0	10
0	10
0	10
0	0
0	0
0	0
0	0
0	0
0	0
0	0
0	0
0	0
0	0
0	0
0	0
61	1369
126	952
0	1161
0	134
0	74
0	604
35	661
0	109
5	94
58	50
2	165
0	448
1	147
13	154
0	59
9	102
0	495
14	74
12	101
181	526
39	258
0	232
5	70
89	243
39	71
0	75
25	75
0	152
6	112
0	111
0	111
0	112
0	93
0	85
0	85
0	70
0	111
0	484
80	483
5	597
0	549
0	549
0	407
5	10
0	0
1	17
26	463
0	468
1	488
2	279
5	100
0	21
0	49
0	8
0	0
0	757
0	607
0	349
8	111
0	664
56	924
12	137
0	197
0	65
0	943
0	334
6	52
0	2
0	2
0	16
0	13
0	487
0	560
1242	181
11	53
0	171
0	105
6966	4910
6	1103
0	200
0	58
0	3562
10	3191
0	3178
0	2546
136	907
124	1086
13	816
26	153
118	34
4	1430
9	94
0	8
322	278
0	7352
0	27
0	27
0	22
0	27
8	47
29	95
0	0
0	0
0	0
20	61
0	3367
121	90
9	29
62	1713
1	151
0	57
0	133
0	63
10	49
9	138
10	120
0	555
0	506
0	415
0	7415
5	630
0	427
9	365
0	45
0	46
0	48
0	11
0	0
0	0
0	0
0	0
0	0
1929	29825
0	13153
273	1298
89	180
0	23664
0	19
0	23
0	4
0	4
13	178
1	5025
265	5402
0	2405
6	1075
0	460
0	156
7	157
26	383
10	383
2	304
0	235
0	0
0	14
0	108
0	0
0	155
0	108
0	0
0	0
0	0
3	0
0	19
0	0
0	0
1	50
0	69
0	163
0	0
0	0
0	160
10	160
3	0
0	18
0	21
0	58
42	1181
4761	623
4	623
1804	143
0	98
0	45
0	3
0	3
0	8
0	3
0	0
0	274
5	169
0	38
0	68
99	1943
1	1841
0	57
0	21
0	157
0	54
1	1515
433	4258
0	2652
0	1091
28	591
0	164
3	460
9	473
0	226
1	0
0	200
0	144
0	2323
0	0
0	0
3	10
73	56
224	1296
7	128
0	39
0	1
5	36
0	13
0	1028
0	146
14	396
7	143
19	81
0	117
0	179
0	21
0	50
0	67
0	22
0	13
15	28
1	50
15	1002
0	1045
0	1033
0	0
0	0
0	0
0	0
0	0
0	0
0	0
0	0
0	8
0	0
0	27
0	27
0	27
0	26
0	0
0	0
0	0
0	0
0	26
0	0
0	0
0	0
0	0
0	0
0	0
0	0
0	132
0	0
0	0
0	27
7	27
0	27
0	0
0	0
0	19
0	0
0	27
0	0
0	0
0	0
22	27
1	0
0	0
1	0
0	27
0	1
0	0
0	1
0	0
0	1994
345	4958
4	182
0	30
0	4370
32	3848
32	233
21	382
0	382
0	382
1	290
376	14767
1925	14763
79	11833
0	0
6	0
0	0
0	0
0	154
0	444
235	458
0	0
0	0
0	0
0	0
0	0
0	0
0	0
5236	6
1127	1029
0	682
25	549
7	684
9	706
0	776
0	684
0	15
0	678
0	0
0	0
0	0
75	550
189	462
0	75
5	168
7	233
59	78
458	173
0	129
6	4
52	69
0	65
16	70
0	174
0	0
0	0
0	0
0	0
0	0
0	0
0	0
19	19
252	66
0	10
0	62
0	37
0	20
0	13
0	0
0	0
0	1
59	6
0	6
0	95
64	313
0	117
7	111
0	89
28	1216
78	2103
9	2018
17	1014
0	314
0	99
14	34
0	1838
0	2040
0	344
0	376
0	232
0	299
21	310
0	21
0	32
0	12
0	350
0	345
0	0
0	0
0	0
0	0
0	0
0	0
0	0
0	0
0	0
0	0
0	0
0	0
0	0
336	56
0	1665
0	1464
0	283
2	574
0	291
89	857
0	1431
0	277
1	650
0	546
0	147
0	344
7	1188
0	1341
1	986
0	122
0	150
0	196
0	14
0	285
0	190
0	1164
0	179
0	414
0	1314
0	1098
0	1075
0	1177
0	320
0	109
0	151
0	152
0	135
0	709
0	16
79	8209
17	981
0	0
0	0
0	0
0	0
0	0
0	0
0	0
0	0
0	0
0	0
0	0
0	0
0	680
0	0
0	680
0	0
0	680
0	0
0	680
0	3
0	3
0	3
25	469
0	130
0	1375
16	661
5	696
0	245
6	1124
8	539
0	200
14	1268
0	562
0	162
46	21
71	412
0	118
10	102
15	140
4	7
0	178
0	1000
0	1198
0	0
0	0
52	756
0	0
0	18
0	0
0	0
0	0
0	156
9	4409
57	4409
0	94
0	91
7	77
0	115
0	72
0	51
0	51
4	16
1	16
0	810
4	381
5	423
0	358
0	27
0	150
61	242
18	0
0	807
60	29
0	14
0	23
0	8
0	23
0	1
0	1
0	0
0	8
0	0
21	692
0	0
0	0
1	0
0	0
0	0
0	0
0	0
0	0
0	0
0	8
0	8
0	8
7	3281
47	1003
0	227
4	87
0	484
0	0
24	4868
0	669
3	4786
11	611
0	136
0	120
0	0
0	0
0	0
34417	26691
2428	26624
19	26552
11	20077
0	91
16	270
23	234
18	64
0	54
0	10
8	47
19	361
0	40
0	43
0	25
2	84
31	404
15	1
7	137
0	157
138	504
0	161
8	301
0	7
0	0
3787	97
2	0
8	36
21	61
0	0
0	0
133	206
64	327
7	343
36	640
1	300
49	360
0	386
4	119
0	223
0	0
0	29
0	128
0	85
1	399
0	28
5	203
0	75
1	39
6	74
1	42
10	20
7	24
0	146
0	199
0	4
0	100
6	60
9	60
0	85
0	34
0	1
0	9
14	141
3	0
0	0
0	0
0	0
0	0
0	11
0	11
0	0
0	0
3	2
0	260
0	260
0	81
0	2
0	0
0	0
0	0
0	0
0	0
0	0
0	0
0	0
0	682
0	37
0	37
0	37
0	1
6	82
0	35
6	10
0	15
6	54
0	2
0	0
0	0
0	0
0	0
0	0
605	1805
0	79
4	1281
0	1272
49	250
0	117
0	124
4	0
11	22
1	741
0	351
0	394
0	477
0	332
0	240
0	560
0	371
1	614
13	414
0	265
3	484
0	398
0	131
0	51
0	255
0	145
95	34
0	274
1	228
11	141
8	50
0	109
6	113
0	101
29	32
22	12
24	0
0	0
0	0
0	3
6	7
0	0
0	7
0	7
0	0
0	7
0	7
0	0
0	0
0	13
0	41
0	31
0	28
0	34
0	0
0	0
0	0
0	0
0	0
0	0
0	0
0	0
0	0
0	0
0	0
0	0
0	50
0	41
0	0
0	15
0	2
0	0
0	0
0	0
0	2
0	7
0	7
0	2
0	2
0	0
0	0
0	0
0	0
0	0
0	0
0	7
0	27606
7	22198
1	17861
0	9387
36	752
0	9669
620	27653
7	27234
7	27746
0	9194
0	33234
13	14085
30	33306
24	19844
1042	27272
128	26847
2	216
1007	20226
107	447
81	22603
56	6156
7	21164
83	9797
417	24222
4	14159
10	16493
12	22298
203	25781
64	17732
11	12506
0	7385
33	2162
36	15579
1	18807
4	16009
0	5
2	52
0	0
0	0
0	0
0	0
2690	0
0	4251
12	462
0	141
0	137
1	30
0	29
6	26
5	4
0	16
0	16
0	1
0	11
0	11
0	0
0	18
91	462
63	2528
0	2586
0	1774
0	5
4	45
150	607
13	26
2	430
8	79
12	1175
20	25
6	271
293	0
389	0
3414	873
27	83
70	490
19	613
2	6
0	94
23	285
6	932
3	838
0	0
11913	2596
61	1077
14	762
0	0
0	0
0	0
0	0
3	520
0	0
0	0
0	0
0	0
0	0
0	0
0	0
0	0
0	0
0	0
0	0
20	0
1161	851
361	813
18	107
5	44
9	34
0	0
6	4
3	158
13	215
0	75
0	55
0	117
0	16
0	0
0	0
0	0
0	47
0	158
0	158
30	191
0	191
0	0
0	9
3	14
0	3
0	14
0	8
0	8
2233	3148
0	331
0	135
37	759
0	2267
84	361
0	236
0	57
0	336
0	225
1	682
0	351
0	233
4	296
4	314
0	185
47	65
0	128
4	837
0	0
0	1489
53	849
52	957
48	638
20	285
0	722
6	658
0	107
320	289
0	335
0	206
0	196
0	396
0	164
3	0
0	1321
0	7
0	0
0	7
0	7
0	0
0	7
0	0
0	0
0	0
0	0
0	888
0	772
0	1097
0	1194
1	1006
6	1191
29	1172
0	848
0	649
0	794
63	52
9	366
7	63
0	50
15	53
10	74
0	61
0	1063
0	28
0	38
0	203
11	564
8	89
0	498
0	64
164	312
2	133
0	124
43	104
0	593
0	906
11	650
0	208
25	48
36	108
1	705
0	3
0	3
0	0
0	0
0	0
0	0
0	0
0	0
0	0
0	0
0	0
0	0
0	0
0	0
0	0
0	0
0	0
0	0
27	0
6	0
0	54
0	126
0	24
0	19
0	24
0	23
0	28
13	30
0	0
0	32
0	5
16	32
0	10
0	13
0	2
0	0
0	10
0	113
0	0
0	0
0	0
0	0
0	0
3	0
0	0
0	0
0	0
6	104
0	3
6	406
0	390
0	28
0	43
0	0
15	3291
8	2986
0	2363
123	3764
92	2522
79	648
184	94
5	1
5	259
15	94
2	0
1	2309
3	1214
0	259
0	97
0	1483
0	1888
0	610
0	233
2	1303
5	1535
0	189
15	1769
13	2398
0	582
0	2559
0	1400
0	536
36	2036
1290	2238
9	1546
0	883
0	1973
0	0
0	0
0	0
0	0
0	0
0	45
317	2435
18	1666
0	1580
87	127
423	1077
43	4
2	183
53	5
11	163
0	796
35	44
0	161
0	337
2	351
9	155
0	235
6	244
0	162
0	12
1	1
0	0
1	0
0	0
0	0
0	0
0	0
0	0
0	0
0	0
0	0
9	0
0	0
15	132
0	0
87	7761
809	8249
199	7911
0	2181
0	387
1	1292
0	1065
55	865
4	102
0	477
0	3
0	3
0	0
0	3
0	3
0	0
0	1
0	3
0	0
0	0
0	3
0	31
0	1
0	3
0	1
0	3
0	1
0	3
0	0
0	3
0	171
0	169
0	0
0	0
4	84
0	0
0	0
0	0
0	3
0	3
0	0
0	0
0	0
0	9
0	0
0	0
0	9
0	0
0	24
0	13
0	0
3	535
0	491
6	74
0	535
0	194
13	553
12	181
0	145
46	669
4	73
0	105
0	0
0	148
2533	1029
38	1000
0	7
3	97
2	79
0	0
0	0
0	0
16	0
0	0
0	130
0	0
0	130
0	0
0	0
0	130
6	330
678	467
0	35
0	1
692	489
5	46
0	441
7	95
0	264
0	755
709	1159
58	954
0	1162
0	876
0	239
0	469
3	64
0	88
0	135
0	15
1	20
0	96
0	73
0	70
0	70
0	84
0	70
3	37
0	34
0	0
0	1996
0	867
0	328
18	971
0	858
19	42
0	0
0	2
0	0
0	0
0	2
0	2
0	8
0	7
10	8
2	7
0	121
5	1185
41	1876
0	448
0	2670
0	2597
687	6310
125	2734
197	572
0	5543
0	0
0	0
0	0
0	0
0	0
0	0
0	0
0	483
460	483
36	440
0	0
0	0
0	0
0	0
11	1586
0	1608
11	96
44	431
51	245
46	1065
9	267
0	25
0	1
45	879
0	982
21	4058
9	3156
0	3378
0	587
8	3489
4	3253
0	932
0	838
0	379
0	625
8	759
0	370
0	348
0	290
38	856
61	0
0	68
0	0
0	13
0	201
0	87
7	36
0	25
0	236
0	0
0	3
0	24
3	38
0	287
7	301
0	0
0	96
0	49
0	51
0	74
0	4
17	4
0	219
0	162
0	58
5	58
2	0
9345	602
4	427
10	30
0	0
0	0
0	0
10	250
0	0
0	0
0	0
62	716
3	553
0	248
0	359
44	129
0	162
44	595
2	16
25	29
8	12
23	29
0	29
0	0
0	0
0	0
0	0
0	0
0	0
0	0
0	0
0	0
0	0
0	0
3	75
93	4
0	0
0	0
2	41
0	0
0	64
0	65
0	0
0	65
0	4
0	4
0	3
0	3
0	3
0	0
0	3
0	3
62	2295
0	1576
137	2166
6	2942
0	1053
0	170
8	230
4	306
5	513
1	56
0	169
42	155
4	124
8	124
7	34
0	153
6	29
0	1158
0	1835
11822	9001
148	449
3328	16959
34	631
9655	14252
95	734
0	652
26	610
10	11
0	10
0	10
0	0
0	70
56	1161
0	0
0	0
0	0
0	10
0	10
0	10
0	0
0	0
0	0
0	0
0	5
0	5
0	5
0	10
0	5
0	5
11	970
0	0
0	0
0	0
0	0
0	0
0	0
0	0
0	0
0	0
0	0
180	1131
0	12
0	103
0	776
14	1659
0	1564
2	6
0	126
7	13
0	1672
0	0
0	0
0	0
0	0
0	0
11	3
2	3
0	135
0	0
8	647
0	169
79	302
0	270
34	270
36	447
0	101
43	53
0	39
0	80
0	12
0	865
0	1061
36	985
0	984
0	1038
0	982
9	24
4	246
0	307
0	241
0	165
0	123
0	166
0	105
0	165
0	76
0	0
0	4
9	4
38	2442
1	2459
23	91
19	52
33	301
40	285
14	42
0	4
0	4
0	0
0	0
0	1
337	40
1	40
0	0
0	0
0	0
0	0
0	0
0	0
0	0
0	0
0	0
0	0
0	0
0	0
0	0
0	0
0	0
0	0
0	0
0	0
0	0
0	0
0	0
0	0
0	0
0	276
0	341
0	280
36	515
0	0
0	0
0	170
0	338
0	313
0	302
0	167
0	233
2	242
0	41
0	12
0	1
13	9
0	0
0	25
2	0
0	79
0	27
0	0
0	0
0	41
0	1447
59	138
835	768
0	1434
239	147
0	20
8	70
0	22
0	57
0	19
0	107
0	0
0	43
0	7
1	258
0	1620
90	3502
0	255
0	2172
0	36
32	923
0	297
185	66
27	66
0	0
0	0
0	11
0	21
0	25
66	887
4	5
0	115
0	135
0	0
0	0
0	0
0	0
9	316
0	50
0	0
0	0
0	0
0	0
0	0
0	0
0	0
0	0
78	559
17	12
0	75
0	525
0	0
18	0
2755	1032
0	363
0	745
45	102
81	44
138	0
71	153
4	139
7	268
4	50
1	163
30	0
0	23
0	127
0	88
0	8700
0	846
12	12193
0	9667
0	4115
10	4881
1	2142
0	5526
7	5872
0	4848
0	0
0	0
5	0
0	0
0	0
1006	1016
0	35
8	308
9	114
37	39
0	1701
16	1711
1	1624
0	902
0	41
0	477
0	230
0	189
0	156
39	148
0	81
0	81
0	0
4	11
0	0
0	0
0	0
0	0
0	23
0	12
0	23
196	162
0	28
0	4
0	4
0	4
0	155
4	162
0	0
0	4
0	1
34	119
0	29
0	23
0	0
0	231
0	0
0	0
0	58
0	67
0	97
0	94
0	80
0	91
0	94
0	0
0	0
0	3
0	0
0	7
0	0
0	0
0	0
0	0
0	0
608	2541
21	402
0	708
0	2538
73	1166
0	396
0	72
0	69
0	264
0	738
0	32
0	9
0	148
0	143
32	1074
21	1080
0	454
0	14
0	19
2	684
0	104
627	1676
16	66
0	111
0	587
0	43
0	19
0	1414
44	34
1	7
0	85
61	1643
1	5
196	54
0	0
0	21
0	9
0	0
0	0
0	0
0	0
0	10
0	15
0	2
0	1
0	1
0	1
78	672
0	1196
1	731
0	728
71	3
30	188
17	135
11	164
1	62
10	25
63	0
0	54
17	0
0	13
0	16
0	1
6	12
0	12
0	10
0	10
0	4
0	2
0	3
0	1
0	2
0	10
4	2
20	125
0	1
0	0
0	10
0	65
0	69
240	326
0	2
60	218
15	94
23	127
0	0
31	145
0	112
0	0
0	11
0	81
0	16
0	59
0	23
12	32
0	4
1	15
0	0
0	0
0	0
0	0
0	0
319	706
224	778
83	768
9	60
36	176
63	1436
24	51
0	306
1	493
95	37
0	1144
0	2
0	85
0	0
0	15
45	302
0	33
0	50
0	50
0	36
10	36
13	15
64	551
42	261
0	568
0	1177
6	874
6	246
0	1101
0	837
0	25
0	624
18	585
6	1097
0	766
0	20
4	850
0	219
0	5
0	249
10	1047
0	247
0	146
0	0
40	232
8	439
120	1913
1	66
23	738
0	1874
13	1764
25	2892
0	126
0	2953
0	21
3	2464
0	130
18	158
67	0
0	311
0	21
151	25
0	6
0	0
0	1
0	0
0	5
8	226
0	16
0	15
0	226
0	7
5	28
0	99
24	51
0	51
0	0
10	0
0	0
0	0
0	0
27	166
0	0
150	3549
50	2361
6	585
18	623
11	202
10	116
1	136
15	228
0	0
0	0
0	6
0	0
0	3153
0	3055
25	3153
0	3153
0	2882
0	2882
0	3
0	0
0	0
0	0
0	0
179	131
0	15
0	0
0	0
0	0
0	0
0	0
0	0
2437	1016
0	959
0	217
1256	234
262	451
0	0
0	0
0	0
0	0
0	0
0	0
0	0
0	0
0	0
0	0
0	0
0	0
0	0
0	0
1	0
0	0
850	1439
32	132
5	194
13	178
22	72
6	26
0	523
0	597
1	139
0	113
0	19
54	267
0	130
7	2093
88	2155
114	2151
61	319
31	353
37	165
0	7
0	7
0	7
0	7
0	1
0	0
0	0
0	0
0	0
0	1
0	0
0	0
0	0
0	7
507	0
35	268
4	258
135	295
2	37
94	1128
4	1928
6	1035
0	1724
13	206
52	80
30	152
8	248
13	3
0	58
0	125
0	48
0	21
0	1857
65	116
589	218
41	4616
0	138
22	4538
0	52
2	4464
18	426
175	1341
17	1838
0	3
2	521
0	1720
0	1680
0	1
2	39
65	1726
6	1726
0	20
0	319
0	47
56	1149
0	716
11	948
0	0
0	19
0	19
0	0
0	19
0	47
5	62
0	15
0	18
0	0
0	19
0	7
0	7
0	7
0	0
0	7
0	0
0	7
0	0
0	0
0	0
16	49
0	3
0	0
0	0
0	0
0	0
0	0
0	0
31	448
0	120
0	384
0	383
0	385
0	120
160	1178
0	273
0	154
0	1026
0	75
18	73
0	50
0	4
0	3
0	0
0	3
0	0
0	0
0	0
0	0
0	0
0	0
0	0
0	0
0	0
0	0
0	0
0	0
0	3
9	0
0	0
0	6
0	6
0	13
0	14
0	13
0	6
0	6
9	6
0	1
0	0
17	0
15	0
3	0
5	661
0	632
0	0
0	42
0	661
1	191
0	434
272	1856
0	345
2	1741
51	8
16	0
4	38
16	61
0	0
0	0
0	0
0	130
210	34
0	34
0	5
140	1406
306	1308
85	159
15	24
0	427
109	314
72	326
1	0
98	280
38	78
26	77
19	0
10	323
12	7066
457	7723
3	611
0	587
0	373
0	1052
5	250
0	124
24	59
3	62
1136	1142
3	3
3	928
31	147
0	876
42	40
5	84
0	1195
0	1234
0	885
0	441
23	513
0	1332
11	170
0	57
6	1289
0	1293
0	0
0	0
0	0
0	0
0	0
1	0
0	0
0	0
0	0
0	0
0	0
0	0
0	14
0	0
0	0
0	8
0	8
0	0
0	0
0	0
0	0
0	0
2	102
0	657
49	743
0	368
2299	204
4	22
0	89
48	50
0	50
0	1
10	0
6	112
5	112
0	234
5	246
3	276
0	183
6	0
0	7
21	34
0	0
0	120
1	794
0	3
0	3
0	0
0	0
0	180
192	1913
78	10134
0	8920
142	1228
791	8920
0	8920
0	8917
0	464
0	8821
0	1460
13	2894
632	690
0	2098
0	2678
0	2568
10	910
49	2536
0	436
0	1445
1	2212
392	2835
3	1828
30	1932
0	1656
0	954
12	865
0	1437
676	2279
893	1874
0	578
210	13
0	13
0	0
0	0
0	0
0	0
0	148
0	0
0	0
0	0
0	0
0	0
0	0
0	0
248	1001
0	34
24	35
4	29
5	937
0	65
0	11
45	3010
16	2720
3	1095
3	494
3	883
50	135
0	433
120	281
0	745
2	509
2	690
51	0
2	906
4	360
0	925
2	704
212	234
0	183
0	0
0	0
0	0
8	927
0	0
0	0
0	0
0	0
0	0
0	0
0	0
0	0
0	0
0	0
0	0
0	0
0	0
653	341
0	91
0	91
0	127
0	81
0	57
0	57
0	26
950	3147
44	436
0	534
0	832
20	1776
171	992
56	907
114	882
0	828
0	819
0	55
7	88
4	15
0	7
0	28
14	11
0	0
124	87
0	0
0	0
0	0
0	0
0	0
0	0
0	0
0	0
0	115
16	83
0	136
0	136
0	11
0	85
6	3
0	53
0	17
0	16
0	16
0	11
6	7
5	0
3	2
0	6
0	6
0	136
0	0
0	0
0	0
0	0
0	0
0	0
0	0
0	0
0	0
26	1324
0	1324
0	342
0	453
0	461
0	274
0	289
0	0
0	7
0	2
0	0
0	2
1	109
0	3038
0	3695
0	3704
0	3733
21	3733
0	3549
0	3399
0	3686
10	3674
0	3523
0	3544
0	4019
2	3419
0	3708
0	3054
6	812
0	469
0	2816
0	0
0	0
0	0
0	0
1	20
0	0
0	14
0	0
0	17
0	0
0	0
0	0
0	20
491	7294
0	7294
226	189
35	320
3	79
31	167
26	132
0	112
0	122
0	89
0	79
0	104
4	0
3	29
0	22
0	12
0	0
36	280
0	252
0	202
0	0
0	16
0	81
0	81
0	28
0	7
0	34
0	5
0	4
0	5
0	15
0	3
0	0
0	0
177	2319
0	0
0	0
92	532
2	524
10	519
20	476
13	482
0	3
0	73
0	29
0	29
0	32
0	23
0	12
0	12
0	0
2	59
0	0
0	0
0	0
0	0
0	0
0	0
0	0
0	0
0	0
0	0
0	0
0	0
0	0
0	0
0	0
949	370
0	0
706	0
7	8
0	8
0	0
0	6
0	0
0	8
0	8
0	1104
2	1320
0	1316
0	1386
6	1279
0	1263
0	1050
14	15
0	0
0	1304
0	1186
0	0
0	0
0	0
0	2019
0	986
0	2153
0	2086
0	317
10	150
19	700
20	809
12	274
0	82
20	9
0	2061
0	2168
0	0
0	7133
62	7411
0	5317
24	105
29	62
0	634
2438	0
19	652
867	1197
0	524
0	5
0	7
0	14
0	128
0	55
0	4
384	2065
1	121
4	443
0	2066
0	96
0	15
6	61
45	251
4	148
1	0
0	0
0	0
0	0
84	2050
6	2050
0	438
0	0
0	68
12	87
18	308
1	202
17	16
0	4
0	5
8	1
0	1
0	1
0	1
0	0
0	1
6	5
5	9
0	0
0	9
0	0
0	588
0	0
0	0
0	588
5	1429
24	863
0	1461
8	1055
0	1485
5	756
0	671
0	690
0	558
14	300
0	19
0	1408
0	0
0	0
0	0
0	0
0	0
16	48
77	101
24	82
6	0
1	2922
0	0
14	354
0	342
136	368
0	53
0	278
5	123
0	2
0	0
0	0
0	2
0	2
0	2
0	0
0	2
512	45
0	4
0	4
0	0
0	0
246	4999
16	4999
23	25
0	25
0	0
0	11
0	11
0	11
0	0
1	0
0	0
0	0
0	0
0	0
0	414
0	381
3	339
0	172
0	162
0	100
0	128
0	162
0	162
5	114
0	83
0	103
0	90
0	30
0	83
0	76
9	69
0	53
0	12
0	0
15	72
0	28
0	0
0	0
0	0
12	194
647	258
58	64
0	0
0	104
0	104
0	0
0	0
0	104
0	103
0	105
0	105
5	183
0	210
0	153
5	26
0	42
0	35
19	1320
42	1286
81	1086
14	7
118	547
18	37
5	121
0	219
0	960
0	291
0	103
2	413
0	166
0	429
0	212
0	184
0	282
0	33
0	68
0	131
0	58
3	111
0	1
0	532
0	5
0	5
0	0
0	3
0	3
0	3
0	3
0	3
0	0
0	0
0	5
1	847
0	34
0	345
0	232
0	251
0	237
0	225
0	227
0	26
0	21
2	3
0	28
0	47
1	36
0	35
0	828
0	241
0	0
0	0
132	834
16	209
2	19
1	289
3	41
0	91
34	480
610	1527
22	1543
34	813
0	320
0	220
0	0
0	17
0	17
0	0
0	0
0	17
0	0
0	0
0	0
0	0
1	197
0	141
1	169
0	110
28	46
25	18
10	312
0	16
0	0
344	739
98	668
0	10
3	16
35	83
0	252
0	201
0	598
0	559
0	569
0	546
0	522
0	534
0	533
0	448
0	494
0	480
0	137
0	494
0	471
0	526
0	464
0	505
0	500
0	402
0	454
0	369
2	146
0	376
0	236
0	348
0	427
5	420
2289	4082
0	847
1	363
0	2
0	13
0	214
8	182
0	196
0	157
0	29
0	1032
5	1073
0	102
2	98
0	16
0	27
0	96
0	89
0	21
0	28
0	23
0	9
14	5
720	980
3	872
6	68
10	160
1	86
1	68
0	97
0	106
0	106
0	106
204	0
120	0
0	600
0	909
0	822
0	846
0	854
1	0
0	1
0	25
0	67
0	55
0	35
9	31
147	3186
58	542
68	3190
6	1153
0	1153
3	58
0	247
0	0
0	0
0	0
43	0
0	0
45	37
0	0
18	1196
0	0
0	0
0	0
0	0
0	827
0	101
0	9
0	827
0	0
0	792
0	76
0	46
0	51
0	34
0	115
0	121
0	16
0	121
63	92
0	0
20	0
0	0
0	0
0	0
0	0
0	0
0	0
0	2
0	0
0	0
0	0
0	2
0	0
0	0
0	0
0	0
0	0
0	189
19	1912
0	514
10	17
2	1050
22	430
432	716
6	186
12	1479
0	0
0	0
0	0
0	0
1	0
0	0
0	0
0	0
0	0
0	0
3	0
0	188
0	0
0	0
0	0
0	10
0	0
0	0
0	0
0	59
375	62
525	262
18	11
10	63
0	91
0	5
0	154
48	154
0	0
4	0
0	0
0	267
0	193
0	0
8	151
44	344
0	315
15	249
0	131
11	82
0	191
0	0
76	860
0	691
0	11
0	25
102	1772
0	924
0	81
0	187
12	56
0	655
0	0
0	16
5	16
1	55
0	42
0	0
0	0
0	0
0	0
165	258
0	5
0	20
1	36
0	3
0	0
0	3
0	10
0	0
0	0
17	0
0	10
0	10
0	0
0	10
0	392
116	4426
0	93
0	198
0	4291
15	1409
0	387
0	902
0	1385
3	817
0	858
0	768
0	79
32	184
0	7
0	157
8	799
0	0
0	0
0	0
0	0
0	0
0	0
0	0
0	0
2	64
19	203
13	267
0	129
0	22
0	308
0	0
0	0
0	0
10	402
0	21
0	21
0	49
7	472
2	89
0	871
15	80
0	482
0	74
0	116
0	858
0	9
0	61
0	128
0	129
0	316
0	44
0	27
0	60
0	104
1	39
0	288
0	119
0	13
0	19
0	25
0	40
0	4
18	243
12	9
0	0
0	0
0	0
0	16
0	0
0	243
0	0
7	175
22	288
0	138
11	0
0	14
0	175
0	115
0	136
0	122
0	63
0	67
25	404
45	349
0	335
0	31
0	84
17	74
0	0
0	0
0	0
0	0
0	0
0	0
0	106
0	0
0	59
0	0
1	0
0	1974
0	2035
7	103
0	156
0	102
212	121
3	2062
2	223
0	181
0	81
1	4
20	106
4	90
30	53
104	172
4	84
0	0
0	357
0	352
20	167
0	167
0	11
0	173
3	124
0	63
0	79
8	94
0	48
0	47
0	80
0	40
0	7
0	27
0	16
0	0
0	361
0	345
0	471
0	0
0	495
0	75
0	42
20	20
0	0
0	0
0	0
0	0
2	0
0	5
0	5
1	470
0	473
0	251
0	190
0	35
0	2
0	1
0	1
0	0
430	1485
11	1050
0	737
12	42
0	144
25	29
59	687
14	164
917	0
0	2
32	23510
0	32890
125	31552
0	14407
49	496
18	681
0	648
59	919
16	508
6	0
0	24059
0	44
0	0
0	0
0	0
0	0
0	0
0	0
0	0
0	0
0	0
0	0
0	0
0	0
81	0
0	434
0	0
18	625
0	0
0	0
105	0
0	94
582	203
0	191
0	43
1	84
4	10
9	52
0	0
0	10
1502	33
105	141
41	68
0	118
0	5
3	5
0	14
0	3
0	7
0	18
5	19
0	18
0	83
0	39
0	302
0	293
0	124
0	61
1	13
0	26
5	3
0	353
62	734
254	1644
0	340
101	332
20	142
0	339
3	423
0	422
2	881
70	6239
22	692
10	1712
23	423
46	1396
0	204
10	51
0	3914
0	98
0	0
409	0
0	0
0	0
5571	84
0	84
286	1129
33	22
0	12
0	0
0	9
0	9
0	5
0	3
0	5
0	5
0	0
0	4
186	4
0	4
95	2499
222	331
36	62
0	473
0	373
18	478
0	1482
0	1960
40	1896
0	191
4	1977
0	2065
9	9987
0	4937
149	9553
600	4135
0	9933
4296	7590
5	168
1135	1396
7	186
4	139
3	980
3	0
27	38
2	251
63	1
89	1157
0	12
0	31
0	31
0	83
0	17
0	0
0	0
0	0
0	0
0	0
0	0
0	0
0	0
0	156
1	415
3	0
0	44
1	54
0	353
6	408
0	19
23	0
10	25
0	340
179	9046
116	9094
29	4413
96	1596
40	1381
0	973
1	468
0	777
11	750
0	555
20	512
0	34
0	111
0	80
0	97
0	94
0	7
0	0
0	54
0	34
0	91
0	0
820	0
0	508
358	4355
91	3597
37	1403
0	825
22	379
0	221
40	334
1237	439
32	232
8	17
10	193
20	2
39	13
0	0
0	0
0	0
0	0
0	9
0	9
0	9
0	9
0	9
0	9
0	9
0	0
0	9
3	908
0	978
5	813
0	973
0	739
0	427
35	184
0	287
0	391
0	471
0	452
0	461
0	236
0	397
0	459
14	25
0	6
0	48
0	4
13	133
0	62
0	0
4	4656
0	1256
0	4283
0	3806
52	81
20	181
24	157
13	14
0	126
2	3591
57	88
0	34
0	152
44	26
0	21
2	76
0	92
6	9
16	158
0	115
5	20
0	26
9	218
5	1236
7	87
11	2
0	2
2	159
0	141
0	155
62	294
0	167
0	0
0	0
0	0
0	0
0	0
0	0
0	0
0	0
0	198
209	1370
0	14
0	72
0	35
0	91
8	1081
8	19
0	36
205	13
0	13
0	0
0	0
0	0
11	1983
0	910
0	909
0	3
0	4
0	3
0	4
0	0
2	0
0	0
0	0
0	0
0	0
0	0
0	0
44	98
50	142
0	125
0	4
1	4
0	0
0	0
0	0
0	0
0	0
0	0
0	0
0	0
0	0
0	0
0	0
0	0
0	0
0	0
0	0
0	39
0	0
0	0
0	0
44	3375
0	3563
0	3591
0	1278
0	1269
0	1261
0	1106
0	1192
0	1155
0	1310
0	1151
1	227
0	1098
0	1028
11	37
39	8
7	254
0	3464
152	193
4	193
5	63
2	0
0	0
0	0
0	0
11	0
0	0
0	0
0	0
0	0
0	0
0	0
18	325
0	85
15	325
0	118
4	37
0	52
15	523
0	0
0	518
11	92
0	179
5	69
5	518
0	516
0	0
43	137
0	106
15	84
1	24
35	629
0	0
0	0
9536	1086
0	455
0	8
0	1
0	0
0	0
0	0
0	0
0	0
0	0
0	0
0	0
0	0
0	0
0	0
0	0
0	0
0	0
1	108
0	1
2	0
0	0
0	87
15	171
0	18
0	29
0	9
0	0
0	11
0	123
1	13
0	29
0	0
0	0
0	8
0	0
0	0
3946	77
30	77
18	43
6	0
2407	548
0	513
0	442
26	150
53	264
6	195
0	58
0	24
0	22
314	83
0	1739
28	298
122	1572
5	1310
2	478
0	267
1	1918
27	1509
1	1336
0	1298
11	1284
7	611
4	287
1	457
0	332
0	230
0	0
5	99
14	10
3	0
72	90
0	164
0	149
33	171
0	0
0	0
0	0
0	0
0	0
0	0
0	0
4	461
0	0
0	0
0	0
0	0
0	0
0	0
11	61
7	1245
0	1210
0	1252
0	1248
0	300
0	0
0	0
0	0
0	0
0	0
0	0
0	0
0	0
0	0
0	0
0	0
0	0
1099	322
0	0
0	0
0	0
0	0
0	0
0	40
0	0
0	0
0	0
1005	0
0	2091
571	283
1	1
827	559
15	1
0	558
0	2034
115	2034
0	1679
654	1829
6	25
0	29
0	290
0	5
0	0
0	9
0	0
0	3
0	9
1	586
10	23979
257	25852
16	24339
56	428
280	1708
375	1004
46	129
2	1
47	487
35	315
62	479
170	299
9	1319
177	1168
642	1809
0	18
10	106
0	89
0	544
0	331
13	0
48	118
36	129
24	23
22	22
0	0
0	0
6	0
25	24
0	6
0	22
0	0
0	14
0	0
0	0
0	31
18	74
88	173
108	83
0	31
7	164
4	18
0	29
0	17
0	0
6	25
0	2
4	0
0	12
27	37
1	119
0	116
2	198
73	84
0	51
0	78
0	63
3	712
0	657
13	83
0	59
16	36
15	585
12	211
0	0
0	0
0	0
0	0
0	0
0	0
2	0
0	0
0	0
0	0
0	0
0	0
0	0
0	0
0	0
0	0
0	0
0	0
0	0
0	0
0	0
0	0
0	0
0	0
0	0
0	0
0	0
0	0
0	0
0	0
0	4341
10	104
332	4681
33	1265
0	9
0	0
0	0
11	301
34	114
12	2037
0	202
0	53
0	74
5	1588
0	175
0	1912
1	68
0	1548
7	1584
20	13
0	128
0	1279
0	50
0	93
1	1081
0	64
0	303
34	1026
17	333
0	310
3	1629
7	25
17	5
2	118
0	2358
0	496
0	1130
0	78
0	40
3	450
0	1482
0	48
0	36
0	18
0	708
23	77
4	2212
0	197
0	631
2	5
14	1368
0	1368
0	109
0	109
91	213
0	293
0	0
312	69
66	47
0	45
0	39
0	30
28	31
0	31
0	17
0	17
0	0
0	0
1	0
0	0
0	0
0	17
19	2199
10	4363
0	803
24	83
0	407
0	1066
0	545
16	2135
23	2050
12	4290
2	4139
0	0
28	13
0	13
0	0
0	0
0	0
0	0
0	0
0	0
0	0
0	0
0	0
0	0
0	0
0	0
0	0
0	0
0	0
0	0
0	0
0	0
0	0
0	0
0	0
0	0
0	0
0	0
53	228
0	0
0	0
0	0
0	0
0	14
0	14
0	0
0	121
0	176
0	192
1	109
1828	1235
10	446
100	1096
2	476
0	724
7	132
0	15
0	0
0	0
0	114
0	39
0	0
0	0
0	0
0	0
0	15
8	114
9	0
0	0
10	75
0	0
0	75
0	0
14	99
0	99
0	140
0	99
0	93
0	52
0	85
0	6
2	0
0	0
0	0
0	0
0	6
0	6
0	6
7	0
20	693
5	38
12	49
164	723
0	183
0	195
0	167
0	103
0	33
4	101
0	4
23	142
0	0
4005	0
0	128
6	109
0	137
0	16
0	4
0	77
1548	549
50	133
17	136
40	416
196	1356
0	919
0	565
0	692
0	973
0	1149
2	675
0	795
0	19
10	25
0	582
0	5
0	65
9	247
5	1
0	169
0	55
0	1
19	730
26	464
1	98
0	35
6	397
0	32
0	200
0	26
13	42
6	0
0	0
0	0
0	0
0	0
0	0
0	0
0	0
0	0
0	0
0	0
0	0
0	0
0	0
0	0
0	0
0	0
0	0
0	0
0	0
0	0
472	8922
15	8860
0	0
0	17
0	84
12	174
0	1
0	9
0	127
44	19
4	370
79	285
43	3744
0	153
3	1480
0	1
0	3719
7	251
1	375
20	400
0	8
42	939
8	503
2	0
0	0
21	14
0	14
17	0
403	6072
0	3835
0	434
1	4744
7	1425
0	4629
24	1177
32	533
0	95
85	12
9	321
0	632
73	1261
3	31
0	108
63	409
0	616
8	173
0	124
128	559
128	0
12	180
6	135
18	123
36	85
0	905
0	0
0	0
0	0
0	0
0	0
0	0
0	0
0	0
0	0
0	556
0	974
0	22
0	181
0	9
0	0
0	9
0	24
0	77
13	405
0	415
0	0
0	0
0	0
893	1505
5	1156
190	502
22	1027
1	1128
0	381
44	77
20	205
0	0
0	0
0	0
0	5
0	5
0	0
0	0
0	0
0	0
0	0
0	0
0	0
0	0
0	0
0	0
0	0
0	200
0	200
0	2217
0	1962
0	2273
0	1477
0	1299
0	247
1	56
8	236
0	843
0	1799
0	696
1076	906
4	16
0	52
6	69
0	12
0	64
0	0
0	11
1	14
0	0
0	0
0	0
0	0
0	0
0	0
56	2338
22	1905
49	1905
185	1505
18	433
41	426
0	0
0	0
0	0
8	141
0	0
39	491
6	352
4	373
104	336
53	1316
0	402
0	0
0	0
0	0
0	0
0	0
0	0
0	0
0	0
0	0
0	0
0	0
0	0
0	0
0	0
0	0
0	0
0	0
0	0
0	0
0	0
2	51
0	83
0	3
0	478
0	365
0	122
0	22
0	22
0	8
0	38
3	102
131	98
0	0
0	24
12	14
1	11
0	1481
8	162
0	956
0	166
0	1403
6	1407
0	1403
47	87
103	1556
0	0
0	272
0	0
0	1
0	0
0	0
0	272
0	13
0	0
0	0
0	0
0	0
0	0
0	0
0	0
0	0
0	0
0	0
0	0
0	0
4	0
0	0
0	0
0	0
0	0
0	0
0	0
0	0
0	0
35	2696
163	2698
6	241
10	60
0	105
1049	3889
269	3889
108	152
0	0
0	0
0	1
0	1
0	1
0	0
0	0
0	0
0	0
30	312
43	352
23	688
0	315
3	152
0	18
0	57
0	106
1	101
15	136
0	5
181	5
0	0
0	0
0	1
0	0
0	1
5	4
0	1
0	0
0	0
0	0
0	0
0	0
0	0
0	13
0	0
344	597
0	37
9	255
0	94
0	25
1	21
0	21
11	27
18	13
3	14
0	17
0	17
0	17
0	1
3	0
0	1
0	0
0	0
0	0
0	16
1289	200
0	186
0	39
0	11
0	109
15	14
59	503
6	5
0	2
27	14
0	14
5	212
0	212
0	131
0	98
0	7
0	14
2	82
0	14
0	0
0	0
0	0
0	0
0	0
0	51
0	4
0	1462
3	4
0	0
0	4
0	44
0	0
0	1458
0	15
0	1462
0	0
67	0
0	0
34	32
0	32
0	32
0	0
0	0
0	0
0	0
0	1294
0	1617
8	1513
0	1476
60	1356
0	1137
0	1342
12	1063
0	1136
0	1271
4	1025
0	1057
0	1037
0	1015
0	833
0	805
0	833
0	553
0	502
0	343
0	864
42	4231
0	4355
0	3825
26	1279
129	1248
0	1231
7	1188
0	29
3	79
25	40
0	3629
0	0
4	0
0	0
0	0
0	0
0	0
0	0
6	10
0	22
4	203
0	136
3	7
23	182
0	11
0	179
0	147
0	151
0	138
0	12
13	16
69	13
8	3
0	27
0	49
0	14
0	188
389	578
20	434
10	114
1	194
105	30
0	30
0	8
0	39
0	39
0	39
0	1
0	15
0	0
0	0
0	0
0	0
0	0
0	24
0	5
0	0
0	5
0	0
0	0
0	24
0	0
0	0
0	0
0	0
0	0
0	0
7	804
5	749
6	34
0	33
0	22
0	794
0	602
0	20
9	34
67	633
0	34
0	25
0	37
0	25
0	34
0	10
0	10
0	6
0	10
13	88
7	20
0	210
0	26
12	0
0	226
33	461
0	187
0	199
0	201
0	9
0	189
4	16
0	187
0	185
0	28
0	87
0	30
0	53
0	105
0	6
0	15
0	65
0	6
6	97
0	112
0	69
0	202
0	19
0	0
0	192
0	5
0	16
0	4
0	15
0	44
0	61
0	185
0	36
0	5
0	0
0	6
0	115
0	187
0	59
3	22
0	31
1	40
78	208
0	41
0	46
0	0
10	132
0	133
476	169
0	7
0	0
0	0
0	0
0	0
0	0
0	0
0	0
0	0
0	0
0	0
0	0
0	0
0	0
0	0
0	0
0	0
0	0
0	0
4	0
0	0
0	0
0	0
0	0
0	0
44	234
25	98
114	100
10	234
832	275
12	195
0	1
0	60
9	59
0	999
14	941
10	112
63	709
140	792
0	822
114	581
31	31
0	134
14	147
42	405
0	43
0	75
6	82
7	0
84	29
34	29
0	3
0	821
0	756
0	338
0	0
0	0
0	0
0	0
0	0
0	0
156	4347
10	4462
63	4338
15	2669
0	73
0	195
74	503
0	35
0	727
0	141
1	790
0	458
11	204
0	567
0	527
0	456
0	137
0	59
0	29
2	54
0	138
2	24
17	127
0	71
0	642
0	587
0	1
456	198
0	19
0	53
0	19
0	53
22	8
17	0
0	589
0	579
0	20
0	20
0	25
8	8
0	555
1	547
0	1
0	531
0	20
11	218
0	126
0	18
0	58
0	9
0	9
2	211
0	0
0	0
0	0
6	0
0	0
0	0
0	0
0	0
0	0
0	4080
18	981
4603	4267
99	105
3	753
182	51
131	197
307	319
169	258
7	8
1	21
8	21
0	6
64	14
0	6
0	725
12	120
814	1010
0	773
0	8
0	0
0	0
0	0
0	0
0	0
0	0
0	0
0	0
0	0
11	346
28	80
27	81
0	251
0	120
1	13
0	1
0	0
0	0
0	0
0	0
0	0
0	0
0	0
0	0
0	0
0	0
0	0
0	0
0	0
0	0
0	0
0	0
0	0
0	0
0	0
0	0
0	0
0	0
0	0
0	0
0	0
0	0
0	0
0	0
0	0
0	0
0	0
0	0
0	0
0	0
0	0
0	0
0	0
0	0
0	0
0	0
2	316
0	67
0	0
0	0
0	16
0	14
15	62
0	35
0	21
0	35
0	67
204	198
14	41
0	167
5	30
3	105
2	42
9	11
0	6
0	0
0	20
0	0
0	6
0	0
0	0
0	0
0	0
208	1467
1250	462
0	377
554	83
135	1397
6	1466
8	1281
90	344
6	765
0	364
0	142
0	1309
0	5
0	0
64	1006
0	902
0	409
0	312
0	83
0	147
2	135
2	164
22	75
9	828
0	25
0	8
0	183
0	194
26	194
160	149
0	1
7	81
10	60
0	0
0	28
0	11
0	0
0	2
0	0
0	2
0	0
0	0
0	0
0	0
0	14
0	0
0	0
0	0
0	0
0	0
0	0
909	227
0	143
0	102
0	23
0	49
0	14
0	18
0	48
0	35
0	41
0	44
0	27
0	39
0	9
0	1
0	1
0	5
0	30
201	546
0	518
0	873
0	122
0	546
0	822
0	783
0	0
0	24
0	76
21	37
0	0
4	1
0	0
0	4
0	0
0	130
16	1680
42	167
0	1621
16	1523
0	1541
0	96
10	74
14	83
5	83
0	700
0	165
0	0
0	0
0	0
0	0
0	0
0	0
0	0
0	0
0	0
0	0
320	497
129	410
30	9
649	101
0	18
0	101
0	68
0	0
0	0
0	0
0	0
0	0
0	0
90	278
4	372
7	318
0	370
8	34
22	23
0	40
0	309
0	4
0	1054
3	1082
0	0
0	0
0	0
0	0
0	0
0	125
7	777
0	960
7	1240
2	955
0	351
0	483
3	686
8	327
3	126
15	25
0	139
7	109
7	159
11	151
122	41
0	225
0	0
0	0
0	0
0	0
0	0
0	0
0	0
0	0
0	0
0	0
0	1
1	92
0	3572
10	635
10	289
0	488
24	487
0	369
3	269
0	380
0	266
0	28
6	148
0	1245
0	187
2	0
0	52
30	1493
2	3192
0	92
0	109
0	2993
0	1
8	22
242	492
0	28
0	75
668	351
5	153
11	242
0	0
0	0
2	66
1	4
0	37
0	37
0	34
0	52
8	2
0	30
0	24
0	79
0	71
1	28
0	77
0	48
0	32
0	41
0	32
58	57
0	37
15	2303
2	2136
0	2125
0	63
2	147
14	2095
81	470
22	406
10	363
0	10
0	67
2	223
167	661
2	258
0	79
5	92
0	42
16	29
93	219
0	0
0	0
0	0
0	0
0	0
268	1270
1	824
0	1029
7	1124
0	1276
0	1166
0	896
0	24
0	175
0	617
0	290
1	207
0	97
9	96
2	96
0	96
0	155
5	82
0	59
682	309
53	729
0	23
0	17
0	184
0	195
0	183
3	188
0	165
0	167
0	51
0	177
0	28
0	165
0	152
0	165
0	20
1	0
0	219
0	34
1619	614
0	102
185	153
63	39
14	158
0	0
5	12889
11	2221
6	1717
0	12894
14	11469
79	3147
601	6413
61	1729
18	632
76	1223
0	1788
0	1824
0	973
3	844
5	1031
0	1000
0	838
11	686
1	495
0	656
6	543
5	0
7	1835
23	6
0	6
2	12
0	12
0	6
0	2
0	0
0	6
0	0
0	6
0	2
0	2
0	6
0	2
0	1
0	18
0	59
0	31
0	74
0	17
0	41
1	13
0	79
0	0
0	0
0	0
0	8
0	10
0	8
0	0
0	2
0	8
0	8
0	43
0	19
0	34
0	0
0	14
0	0
0	6
0	0
0	0
0	3805
0	2178
45	200
153	321
0	1589
0	1421
5	346
14	641
22	180
0	250
1	333
0	265
0	24
0	163
25	0
35	0
0	3808
0	3742
0	3939
0	3810
6	1824
0	110
0	135
0	2300
0	2581
0	2647
0	2430
6	2150
0	150
24	563
0	1853
10	118
0	306
0	155
0	16
0	50
0	133
0	1193
0	152
111	34
152	583
25	468
0	510
239	817
0	138
69	568
0	25
0	0
0	0
0	25
0	2
0	2
0	2
0	2
247	648
2	82
53	447
0	305
0	4
0	4
3	0
0	4
0	0
0	3
0	3
0	4
0	0
0	3
0	4
0	3
0	0
739	1295
0	76
0	78
0	73
8	289
31	127
0	70
23	1465
2	887
0	66
0	151
0	96
1	15
13	831
0	24
7	206
0	140
0	124
0	0
0	0
0	0
0	0
8	0
10	15
0	15
0	6
0	0
0	0
11	328
0	202
0	0
0	0
0	0
0	0
0	0
0	0
7	508
0	1708
13	48
1	8
0	81
38	190
1	116
4	1098
0	5
0	29
2	126
0	477
0	4
0	1972
0	32
0	1804
0	111
0	111
0	1144
0	145
7	338
0	308
0	225
0	1100
0	113
0	1060
0	10
0	127
0	152
0	14
0	532
0	935
0	51
0	41
0	77
0	127
16	202
66	1781
40	1087
217	2373
5	279
0	536
3	154
11	2058
0	163
0	1109
0	1102
0	2289
0	558
0	16
0	23
0	21
0	58
0	173
1	96
0	92
5	689
1	669
0	0
0	481
0	1
0	9
0	21
0	2
0	40
0	145
14	28
11	48
0	402
0	573
65	76
0	553
1185	705
31	317
0	373
17	756
44	148
0	47
3	0
0	86
0	83
0	83
26	42
0	42
0	3374
99	3374
0	85
0	3383
0	1439
0	0
0	0
0	0
0	0
0	0
0	0
0	0
0	0
0	0
0	0
0	0
0	6
0	6
12	0
43	462
22	359
30	1028
0	2
0	0
0	0
0	0
0	0
11	896
0	889
0	1
777	1661
83	1455
0	1379
0	1
13	45
6	636
0	61
2	176
0	73
0	103
0	2
0	0
9	114
0	13
0	28
0	19
0	15
0	0
0	0
3	0
0	0
0	0
0	0
0	0
0	0
0	0
0	0
0	0
0	0
0	0
0	0
5	0
34	5577
0	1641
0	549
136	5630
0	647
2	294
24	301
0	63
21	1516
0	65
0	0
0	27
0	0
0	0
0	0
0	0
0	0
0	0
2	0
0	0
0	0
0	0
0	7
15	8
553	167
0	137
0	0
6	550
17	101
6	476
5	496
0	422
0	468
322	115
0	79
0	97
15	27
0	439
0	441
626	355
25	325
0	284
0	361
0	236
180	725
17	2449
101	2387
2	2152
16	176
1	1573
5	19
406	64
94	119
6	147
12	103
0	96
112	40
7	30
140	27
0	2078
0	0
0	0
0	0
0	0
0	0
0	0
0	0
0	0
0	0
0	0
0	0
0	0
0	0
0	0
0	0
0	0
0	0
0	34
0	0
0	0
0	0
0	0
0	0
0	0
0	21
1	98
0	6
0	0
0	18
8	161
0	0
8	848
0	7
0	0
0	132
0	24
0	24
4	2042
1	1781
11	2277
30	890
0	372
1	929
0	451
3	4073
485	5987
3424	2039
0	725
72	691
0	146
12	247
107	685
31	74
0	479
0	157
0	164
0	401
16	18
7	10
0	11
0	74
65	353
27	1
0	378
0	0
0	0
0	0
0	0
0	0
0	0
0	0
0	0
0	0
0	0
0	288
0	1648
0	159
0	459
0	541
165	705
0	35
0	123
0	162
2	2573
0	1882
6	712
4	191
0	1253
12	2181
0	1884
0	179
0	389
0	401
0	874
0	60
34	124
11	486
8	2020
0	2057
0	43
245	826
0	1504
153	0
0	0
0	0
0	0
0	0
0	791
0	1428
0	1282
0	1263
0	1309
0	29
0	11
0	42
0	315
0	24
0	1266
0	1312
0	1286
0	1366
0	0
0	490
62	1650
4	27
0	60
2	868
29	162
0	485
0	799
0	622
1	1669
137	0
0	0
0	0
0	0
0	0
0	0
0	0
0	0
0	0
0	0
0	0
0	0
0	0
3210	158
0	772
0	772
0	686
0	686
19	890
0	194
0	117
0	212
0	9
0	0
185	963
0	342
0	2
14	964
0	526
36	327
0	291
3	73
0	4
3	3
0	5691
0	5619
7	4596
0	1687
7	347
0	22
0	423
6	80
56	0
0	125
21	241
27	3132
0	3091
0	3
8	351
23	118
2	360
2	15
0	207
0	5653
181	1603
0	902
3	1475
1	212
2	370
0	442
0	0
0	0
0	0
0	29
0	35
0	17
0	1
9	12
0	41
7	0
0	0
0	0
0	0
0	0
0	0
0	27
0	710
6	379
3	558
20	515
17	62
0	62
37	1738
37	1869
41	621
8	108
0	108
4	1795
1	1834
0	98
0	8
0	289
0	304
0	0
0	117
4	0
0	150
0	26
0	227
0	4427
0	4577
0	1
0	1109
0	0
0	1727
0	61
0	61
4	1026
34	156
0	60
0	65
0	146
61	7665
6	6611
0	227
0	1871
4	448
9	117
31	34
0	181
26	930
11	1009
3	3492
0	934
0	7
51	6080
3	87
24	216
0	0
0	0
0	0
0	115
20	115
6	0
0	0
0	0
0	0
9	0
0	0
69	1523
0	1855
0	1760
9	1751
5	1358
7	1351
0	1464
27	1242
0	39
0	138
0	1463
399	3280
53	8829
0	9256
35	8332
11	7710
37	641
0	2606
2	1654
67	441
0	1555
0	1539
2	1420
0	1428
0	1430
0	1342
5	1336
0	1258
2	629
0	877
0	776
0	815
0	0
0	0
0	416
33	205
10	228
4	270
0	244
5	341
0	320
9	388
0	280
3	277
15	216
29	170
0	288
437	362
24	126
0	246
395	563
0	133
0	1787
21	2037
12	2092
0	1538
4	1939
0	1904
4	736
15	140
62	518
0	4
9	286
0	796
0	0
0	0
0	0
0	0
0	0
0	107
0	0
0	0
0	0
0	0
0	0
0	0
0	0
0	0
0	0
0	0
0	0
0	0
0	0
0	0
0	0
0	0
0	0
0	0
0	0
0	0
0	114
14	149
0	50
4	2599
11	1034
11	117
0	837
0	2594
0	82
0	54
0	57
0	56
2	41
0	6
0	0
0	6
0	0
0	0
0	0
0	0
0	0
0	0
0	0
0	0
0	0
0	0
0	0
0	2
6	44
0	0
0	2
0	55
3	70
0	0
0	0
8804	0
0	0
0	0
0	0
0	0
0	23
0	0
0	23
0	0
0	23
0	0
0	0
0	0
0	0
0	0
7	0
0	0
3	0
0	23
0	23
0	0
0	23
0	675
0	756
0	2327
0	2252
23	2394
5	881
7	2301
0	1778
4	614
0	1207
0	947
13	166
0	0
0	2312
0	380
4	861
0	8
0	852
0	18
0	0
2	837
61	1719
14	1686
9	1684
5	1682
0	671
0	509
0	404
0	51
0	1689
0	1678
19	1425
0	0
0	0
0	0
0	0
0	0
0	0
0	0
0	0
0	0
0	0
0	0
32	84
0	5
142	151
0	0
0	0
0	0
24	0
0	0
0	0
0	0
0	0
0	0
0	0
0	0
0	0
0	0
8	395
0	4
4	920
3	910
19	765
9	790
2	561
0	420
3	286
0	264
2	83
3	208
0	149
0	93
0	94
1	72
3	39
0	29
12	2
0	0
0	0
0	0
0	2
0	0
0	7216
0	7214
0	8537
0	5408
0	3615
0	6100
0	6522
0	1814
46	388
0	6441
0	6238
0	6189
0	9521
0	0
0	0
3	3281
12	128
1	1418
0	301
6	2750
0	1396
2	125
0	109
1	346
7	18
13	1960
0	5
0	5
0	0
0	0
0	5
0	0
0	5
0	0
0	72
0	124
0	62
0	55
2	0
27	10292
52	9519
83	1447
0	1601
18	1206
0	301
0	0
0	0
0	0
0	0
0	0
7	1598
0	158
0	68
39	278
10	550
0	168
24	15
32	31
3	22
0	39
0	183
9	34
22	1604
0	742
26	496
9	1221
0	1200
1	1205
13	357
55	429
0	1164
0	1257
0	1147
0	19
0	155
11	111
4	111
0	1227
0	185
52	624
0	151
3	442
22	347
30	80
21	1232
0	2298
11	5975
813	7066
0	2848
0	309
19	911
0	537
34	625
0	1
0	0
0	0
0	2
0	2
4	78
0	2
5	0
0	0
0	2
0	113
37	118
7	118
0	0
0	135
0	0
0	0
0	135
0	0
0	0
0	0
0	0
0	0
0	0
0	0
0	0
0	0
0	0
0	0
0	0
0	0
0	0
0	185
0	3
0	3
0	0
2	124
0	114
508	430
0	54
0	41
0	40
0	30
0	0
0	147
18	422
70	639
0	422
4	426
19	476
69	480
0	368
0	1
0	5
0	72
0	64
0	64
0	0
0	0
0	0
0	0
0	0
0	0
0	69
0	69
0	203
0	206
13	216
0	203
0	11
0	18
0	6
0	9
0	199
1	206
9	72
0	93
0	33
3	33
4	32
24	62
12	71
11	45
0	0
0	0
0	0
0	0
1373	292
25	84
14	215
0	0
7	122
0	0
0	0
18	167
8	1076
0	1007
67	1205
11	518
87	308
0	1053
0	662
17	936
5	644
0	5
0	1705
0	0
18	1056
0	866
0	590
44	89
0	42
36	292
0	0
5	4
0	25
0	73
0	68
0	5
0	4
0	64
0	64
0	0
0	15
0	0
0	0
0	30
0	7
0	0
0	0
0	0
0	2137
676	1978
0	1520
0	467
40	698
0	1450
0	1037
4	547
23	48
12	248
2	173
0	57
16	128
0	28
0	9
0	0
0	9
0	9
0	88
0	75
0	55
0	67
3	0
0	39
0	5
0	0
0	5
0	0
0	0
0	0
0	0
0	0
0	108
20	108
12	156
2	14
0	54
26	1553
0	305
3	329
0	21
1	13
4	900
1	340
0	0
0	0
0	0
0	0
0	0
0	0
0	0
0	0
0	0
0	0
0	0
0	0
0	0
0	0
0	0
0	0
0	0
0	0
0	0
0	0
0	0
0	0
0	0
0	0
0	0
202	121
5	121
15	5
0	0
3	11
0	0
0	926
0	1328
0	26
0	133
2	72
1	1363
0	25
1	1333
0	141
0	39
8	0
4	12
0	1236
0	31
2	60
7	51
7	64
9	2
12	3
10	1
12	271
19	0
0	0
0	0
0	0
0	0
0	0
0	0
0	0
0	161
11	12
0	117
2	157
0	164
0	18
0	21
53	141
0	172
0	18
0	154
8	0
0	95
0	95
0	22
976	1420
3	881
7	964
0	8
36	92
29	81
0	4376
8	826
0	14
0	7
0	14
1	7
0	0
0	0
0	0
0	0
7	0
0	0
14	828
842	990
3	930
0	1068
104	769
0	303
0	437
0	32
0	564
0	172
15	401
0	405
0	116
0	2
0	2
0	77
0	0
0	0
0	0
0	0
8	209
0	0
0	0
0	0
0	0
96	6204
151	5815
14	6017
0	402
9	1563
2	63
0	9
44	1310
24	41
2	0
0	0
7	0
0	0
0	0
0	0
0	0
0	0
0	0
66	2043
0	1642
0	1464
51	1914
0	85
5	279
30	339
13	217
1	4
198	233
8	7
25	226
0	8
0	8
39	689
11	687
12	602
3	854
3	987
6	568
2	392
5	355
0	0
0	189
0	7
0	108
0	66
15	2795
4	426
15	1422
0	207
9	0
11	2502
0	5250
8	4680
11	4823
0	4362
42	139
0	2700
0	2082
0	2974
0	1934
0	171
14	20
2	259
0	574
12	37
0	57
0	3
0	2
0	2
0	78
14	35
0	2702
0	2853
12	5424
58	5811
24	5938
214	5916
14	232
11	866
95	326
0	327
29	103
0	11
2	4740
0	0
0	0
0	0
0	0
0	0
0	0
23	2558
6	2330
0	1971
0	2235
7	2135
0	389
0	1953
0	1967
0	1967
2	0
0	0
0	949
1634	2689
0	1001
0	30
26	34
0	87
0	48
0	24
4	1002
0	0
0	0
0	0
0	0
0	0
0	0
0	0
0	0
0	0
0	0
0	1614
0	1642
114	1349
0	68
66	97
38	175
0	983
8	32
13	37
34	6
28	61
2	11
11	8
0	0
0	8
11	386
0	0
0	6
0	0
0	0
0	0
0	0
0	6
0	0
0	192
0	192
0	0
0	0
0	0
0	0
0	0
0	0
0	0
0	3
0	0
0	0
0	8
4	1418
252	1293
10	1211
23	83
12	277
0	347
48	456
2	307
0	258
0	115
0	141
14	150
35	1332
6	655
37	655
0	0
9	25
0	0
0	0
1	154
28	128
0	135
0	132
0	91
0	15
0	73
6	70
0	24
0	4
0	49
0	62
0	34
12	24
2	6
0	4
0	1
0	1
0	0
0	0
0	0
0	0
6	112
4	0
0	0
0	0
333	1449
0	1209
2	24
0	84
41	200
0	33
0	5
0	63
0	0
0	72
0	162
11	54
0	44
0	53
3501	532
20	17
17	0
0	176
0	454
0	200
0	0
0	0
0	0
0	0
0	0
0	0
0	0
0	6
0	8
0	0
0	0
0	0
3744	1345
6	544
530	140
62	537
264	812
0	899
174	356
15	232
0	0
288	0
134	178
0	0
0	0
0	212
4	589
2	792
7	1223
0	1495
0	1477
17	324
26	1257
34	31
29	36
0	154
0	315
0	245
0	232
0	169
7	169
0	163
87	165
17	1364
19	188
0	21
0	188
0	42
0	42
0	0
0	0
2115	2240
0	1506
1	85
0	109
91	103
0	77
1	172
0	102
0	16
0	4
6	33
4	1426
15	10
4	4
11	500
0	103
2	53
32	65
135	1791
105	0
0	86
0	502
32	1679
15	1442
0	220
40	628
2	432
282	1915
0	1369
0	383
0	261
0	510
21	773
74	98
0	10
28	574
707	0
0	857
0	782
0	219
0	460
0	190
0	90
0	137
0	0
0	17
0	17
43	155
5	9
0	32
0	91
0	125
9	11
0	48
0	26
9	3
30	11
0	8
17	4
4	0
0	0
0	0
0	3
0	0
0	3
0	0
0	0
0	0
0	0
3010	3095
145	3095
53	1090
0	81
6	49
62	38
2	12
0	37
0	37
3	1062
9	1667
32	1693
0	100
0	15
4	191
0	200
0	49
0	105
11	49
0	160
0	67
0	96
2	154
0	32
40	177
0	58
0	10
26	58
0	16
0	132
0	126
0	127
0	53
11	70
0	43
0	50
5	99
0	1
0	76
17	6
180	771
11	408
6	433
38	771
0	1080
0	557
22	729
15	401
81	205
1	199
63	318
26	1349
3	5633
0	322
17	7255
9	1768
0	625
11	23
2	131
0	111
556	112
0	6895
0	6638
0	0
0	0
0	0
0	0
0	0
0	0
0	0
0	0
32	2453
0	1790
0	487
0	666
1	0
4	0
6667	223
7	211
15	38
4	1732
144	1726
0	68
8	187
12	19
1	53
0	2
0	665
0	389
0	37
1812	496
6	63
0	0
0	0
0	0
0	0
0	13
0	13
0	0
0	0
0	0
0	0
0	0
0	0
0	0
0	13
0	61
0	103
0	76
18	263
22	274
0	0
0	69
0	67
0	97
0	73
0	97
0	0
0	209
0	282
0	459
6	316
1	0
15	0
0	0
0	98
0	226
1	164
17	0
0	24
0	75
0	83
0	101
0	979
4984	3087
62	1323
28	695
609	823
45	963
1076	1244
1387	395
4	332
0	108
0	108
0	108
1	108
0	0
0	0
0	0
20	10
906	376
0	21
1	139
10	0
0	87
0	79
0	77
0	64
0	52
0	45
106	54
0	0
0	0
4	144
0	0
0	0
0	0
0	0
0	0
12	655
0	599
0	333
0	495
0	72
1	158
0	200
0	190
0	162
0	61
2	48
9	0
0	422
0	522
0	20
0	0
0	0
507	557
13	309
2	0
46	327
0	45
259	0
20	34
0	113
7	648
0	670
0	116
0	541
0	563
0	584
5	266
0	576
0	112
25	62
28	162
0	285
0	149
4	112
15	203
0	101
0	107
0	108
2	37
0	936
26	1243
333	815
29	50
10	1138
1	983
14	33
0	5
9	73
0	23
0	1
0	1
2	1
2	1
2	453
0	461
18	4809
28	43
28	246
0	139
0	307
187	9
266	124
8	217
0	5
12	260
7	639
93	4916
47	1071
28	57
3	3604
628	886
35	667
374	189
9	1626
2	112
0	295
0	403
90	2709
6	744
0	3146
16	322
362	85
36	440
19	1210
2	3187
11	711
22	662
0	492
0	92
10	196
0	57
1	62
0	0
0	0
0	3247
0	3199
5	3240
0	2771
4	3013
0	3067
5	2734
0	2731
0	1976
20	2458
0	3112
3	3047
0	2416
0	222
0	2698
7	2494
2	2100
0	1977
0	2716
0	31
0	254
0	107
0	312
0	2441
4	40
10	227
0	162
0	0
0	1082
0	3098
1	3097
0	0
159	361
0	135
0	289
0	158
0	155
13	157
0	108
4	63
0	0
0	0
0	0
0	0
0	0
0	0
0	0
0	0
0	0
0	0
69	156
4	31
26	30
0	6
3	6
0	0
0	0
0	0
0	0
0	0
0	0
0	0
0	0
0	0
22	27
0	27
0	6
167	64
0	40
0	37
0	29
0	0
0	0
0	32
0	1
0	0
0	0
0	0
0	0
0	0
0	0
0	0
0	0
0	0
0	0
0	0
0	0
0	0
0	0
0	0
0	0
0	0
0	0
0	0
0	0
0	0
0	0
0	0
0	0
0	0
0	2318
0	1580
3133	2318
0	0
0	0
0	0
35	0
0	28
0	28
22	66
7	6218
65	3313
0	4898
2	5971
9	5231
9	5476
0	2079
0	2430
6	2680
2	589
0	537
22	667
0	225
89	298
57	143
0	138
3	779
0	337
246	595
7	2238
8	2537
25	2453
12	2453
6	27
13	1311
0	34
0	115
0	438
1	18
0	0
13	48
11	266
71	877
123	809
65	153
0	250
0	0
19	19
7	427
0	128
41	172
0	0
44	5029
254	5029
0	0
0	0
0	0
3	0
0	0
0	51
14	57
0	63
0	1
15	60
0	0
141	420
0	62
2	356
13	71
17	420
0	0
0	0
0	602
0	602
0	0
0	0
0	0
0	0
0	0
5	1003
565	1382
145	621
0	72
0	44
1172	400
50	258
6	447
18	73
1	421
39	335
21	0
8	30
0	0
0	0
0	0
0	0
0	0
1727	261
0	260
3	38
377	4292
7	176
36	158
89	350
5	4102
4	60
6006	1671
0	24
0	1611
39	1104
0	56
0	0
0	0
0	0
0	0
0	39
0	66
20	48
0	24
15	21
0	14
3	7
0	3
0	0
0	0
6	0
684	153
162	153
6	1225
0	1392
0	1147
133	237
0	1189
0	1029
87	363
5	0
0	141
0	1337
0	1131
0	289
0	20
0	3387
107	3582
0	3335
42	1010
1	765
0	3110
27	819
0	2856
28	600
20	377
148	188
202	1503
0	3332
0	88
0	88
2	22
0	0
0	88
0	0
0	78
0	82
0	84
0	82
0	0
0	0
13	0
0	3
0	9
0	6
0	12
0	4
2	33
0	17
229	7721
0	3722
7	6778
36	6818
30	5073
0	6829
13	6777
0	3319
0	4143
88	2167
13	1586
0	169
0	66
0	47
0	58
0	1
3	0
0	19
0	18
0	31
0	10
0	12
0	31
1	8
0	0
0	231
0	24
0	0
0	231
0	123
3307	2
16	2
3	0
56	2197
4	2290
0	32
4	1953
0	1858
0	14
1	1427
277	1198
22	300
23	67
0	152
0	125
0	128
1	95
0	43
40	0
0	0
12	206
0	23
0	459
0	27
1	20
28	0
0	1037
0	719
0	704
0	944
0	791
25	893
0	930
0	927
0	693
3	303
0	655
0	667
0	564
8	493
8	57
0	178
0	263
0	173
29	834
0	210
0	114
2	265
0	56
0	103
0	25
0	25
0	309
0	373
0	0
0	0
0	0
0	0
0	0
0	0
0	0
0	0
0	0
0	0
0	0
0	0
0	0
0	0
0	0
12	124
20	1
2	397
0	440
0	466
0	151
0	98
20	215
3	215
0	87
1	763
6	600
1	467
0	548
0	341
0	250
9	274
18	7
0	21
0	126
3	207
4	223
9	6
31	212
0	122
436	414
0	320
5	273
517	1344
3	40
6	82
10	40
4	100
0	162
81	193
0	340
2	0
6	214
5	345
0	99
1	24
0	175
2	95
10	262
7	223
32	0
30	167
3	350
0	200
20	390
0	3
0	0
0	0
0	1318
16	1322
0	1337
0	1322
0	428
0	28
0	0
13	32
0	0
0	0
0	0
5	0
0	0
63	540
452	1010
36	63
102	119
0	103
41	469
1	624
0	17
0	55
11	0
0	0
0	20
0	26
0	160
0	0
0	0
7	6
0	6
821	7495
0	6
0	0
0	0
0	0
0	1420
0	59
0	56
0	66
2	54
0	24
0	44
0	44
0	37
11	15
0	0
0	0
0	0
0	5
0	0
46	49
8	0
0	0
0	0
1	0
1	0
0	0
0	633
335	639
7	83
0	122
4	2
22	37
99	0
0	0
0	0
0	0
0	0
0	0
0	0
0	0
0	0
0	0
0	0
0	0
0	0
0	0
1	0
2	271
87	3743
119	3764
0	240
0	410
71	186
118	186
0	0
0	0
0	0
0	0
0	0
0	0
0	0
0	841
0	0
0	77
0	2535
19	75
5	765
65	137
2	2550
0	2667
0	64
0	2586
0	77
0	852
2	246
0	510
145	87
72	31
0	852
0	852
0	0
0	53
0	0
0	39
0	53
0	8
0	19
0	2041
0	1871
0	38
277	328
5	81
17	194
2	101
5	118
0	117
0	68
11	133
11	77
3	618
1	0
0	56
175	597
63	17698
0	270
9	13412
8	0
102	17979
1152	7023
2	1573
0	2837
6	164
47	33
0	34
39	30
0	2675
0	309
3	352
20	355
9	342
0	191
8	81
0	50
0	49
0	187
23	257
29	294
0	97
2	250
13	199
0	0
0	0
0	6
12	41
0	41
4	2
0	15
0	41
18	799
7	799
1	9
67	68
14	49
0	37
0	0
0	13
10	9
0	13
288	0
0	0
0	3
0	3
0	1
343	6356
31	139
0	139
0	17
0	79
170	174
3	99
51	1729
1461	1884
16	291
7	242
12	176
63	155
6	48
760	181
0	83
9	98
1	588
14	103
0	22
0	32
0	0
26	230
18	1506
0	182
0	1423
26	0
12	9
0	75
245	2987
0	215
22	439
0	344
0	42
0	26
0	0
0	73
0	73
0	117
0	0
0	0
0	0
0	1
0	625
0	668
7	36
0	25
8	212
0	39
5	257
0	10
4	10
0	10
0	22
4	25
9	185
15	0
0	97
0	0
0	0
2	3567
0	3413
9	44
0	3066
0	3537
8	3107
0	70
4	2653
0	661
5	2487
0	2532
1	2282
0	244
29	68
4	200
0	246
0	108
0	210
78	184
27	231
0	286
0	187
0	3537
0	173
0	78
11	176
62	152
35	245
240	91
0	65
0	37
19	0
0	0
0	0
0	0
0	0
0	0
0	0
0	0
0	0
0	0
0	0
167	115
0	190
0	76
0	221
21	17
0	0
0	0
0	0
0	0
0	14
0	0
0	14
0	7
0	0
0	0
0	0
0	143
9	273
38	103
0	206
0	104
5	48
8	62
4	34
8	0
0	0
0	28355
4	22
0	0
0	6
0	6
0	0
0	0
9	47
0	0
0	2
5	7
5	13
0	0
10	28
0	50
0	95
0	194
23	131
0	157
0	153
9	152
0	37
0	38
4	31
0	0
0	0
0	0
0	0
0	0
0	0
0	0
0	0
0	0
0	0
0	19
0	0
4	156
7	561
0	19
0	0
0	1
2	156
1	19
0	18
0	0
0	1
0	19
0	0
0	19
0	156
3895	139
0	139
0	11
22	25
0	8
0	0
0	1
0	1
0	2
0	2
0	0
0	2
0	2
0	2
0	0
0	2
0	190
0	190
0	0
0	0
0	0
0	456
19	485
0	41
29	468
34	25
10	44
7	0
0	0
0	0
0	14555
0	14315
0	8
0	0
0	250
8	276
0	26
0	26
283	710
15	211
0	10
0	4
0	3
0	0
10	300
0	0
0	226
0	10
0	163
0	17
5	34
0	262
0	291
213	279
0	144
104	248
0	277
1	246
19	258
76	152
0	152
23	15
0	55
0	78
0	15
0	55
0	78
0	40
675	657
0	27
0	1
4	46
0	52
0	45
12	72
57	543
18	34
0	99
0	92
0	99
0	0
0	0
0	0
0	137
0	905
0	810
46	9987
44	357
9	717
0	5809
0	727
0	1497
65	4414
7	2703
0	755
0	1037
114	1137
2	73
0	760
4	530
0	785
5	2669
0	8922
125	8380
18	707
0	80
0	735
0	881
2	1
0	1
85	8168
0	871
962	4918
5	763
0	822
0	6877
349	5462
9	276
0	776
0	687
0	659
28	874
119	2674
11	1187
1	1068
323	283
6	84
7	1456
102	1182
6	105
0	629
3	8930
0	100
5	3
15	201
62	38
12	28
0	124
0	39
0	157
0	100
0	6
0	16
0	12
0	86
0	0
0	0
0	0
0	0
0	0
0	0
0	0
0	0
0	0
74	77
70	818
70	415
5	476
14	48
0	46
0	18
37	11
13	39
0	16
0	36
0	19
3	10
0	50
32	511
0	13
0	3
0	3
0	3
0	3
0	3
0	50
0	0
0	0
0	0
0	0
0	0
0	0
0	0
0	0
12	875
0	51
14	10
0	798
2	0
23	0
0	97
0	594
0	608
14	23
22	877
5	655
405	1837
0	92
0	1713
0	0
0	418
8	538
0	89
19	419
0	116
9	38
21	17
12	2
0	31
0	128
24	72
13	117
0	91
0	4
0	480
0	367
4	480
67	483
397	471
13	513
17	205
19	261
39	140
0	1548
28	2265
4	373
10	96
45	133
16	95
57	38
41	1032
0	339
10	4
0	0
0	4
0	0
0	50
6	20
0	328
80	187
33	416
36	527
25	52
0	281
0	132
15	72
382	319
28	319
16	0
0	5722
3	64
1	381
0	66
0	89
1	134
0	142
0	122
0	318
0	142
0	109
0	44
0	87
0	5
0	44
1	22
17	234
0	0
0	0
0	0
0	0
0	0
1185	110
0	29
6	351
77	390
0	351
0	305
31	284
0	1627
0	36
30	373
873	504
51	82
0	20
0	343
0	1289
97	54
0	273
0	0
0	33
0	166
0	2
8	7
2	3
60	271
0	16
14	47
4	4
0	99
346	1258
26	97
0	6
408	2084
4	1843
0	1314
1	61
5	1568
0	2
0	2
0	2
0	0
0	0
0	0
0	0
0	0
0	9
0	9
0	8
0	9
0	0
0	456
19	528
0	595
0	157
0	137
0	111
0	102
1	63
0	98
0	6
0	6
0	6
0	0
0	0
0	0
0	0
0	0
0	0
0	0
0	20
124	3189
2	744
0	48
14	360
128	133
5	744
0	778
571	1422
0	1013
582	991
0	1260
0	31
289	284
0	1
0	4
0	12
0	142
9	4
5	108
0	139
0	0
0	1
6	7
1	0
2	0
0	2
0	1
0	90
21	116
0	0
0	0
275	388
0	51
0	104
0	263
0	191
0	19
0	19
0	19
0	0
0	1
7	330
0	0
0	0
0	0
202	2228
0	23
0	2080
25	1913
5	1752
0	114
166	687
7	697
0	32
13	1244
0	1244
3	1050
0	66
0	37
0	38
0	376
58	510
27	161
0	10
0	10
10	285
0	103
0	0
0	202
0	0
0	138
0	12
17	160
4	484
24	551
0	459
2	457
12	507
4	529
0	64
2	101
9	4
76	96
0	23
8	104
0	65
0	32
0	46
0	47
0	68
0	50
115	1141
0	746
0	803
1	632
3	23
0	881
6	54
0	85
0	5
0	48
29	123
0	16
1	6
0	75
0	75
0	75
0	1050
0	1044
0	277
0	23
0	0
15	6
0	6
0	0
0	1
0	0
0	0
0	0
0	0
0	0
0	0
0	0
0	0
33	328
0	78
3	71
0	289
0	143
0	147
0	110
0	97
0	38
2	210
310	2925
40	2411
0	2307
277	2202
4	2264
26	649
27	831
13	97
0	0
251	768
3	584
18	665
0	322
19	52
8	7
0	40
3	40
0	36
1	100
2	100
0	64
0	42
0	1
0	9
0	22
0	14
0	14
0	14
0	14
0	14
0	14
0	14
0	0
0	14
0	14
0	1
0	6
0	6
0	0
0	0
0	0
0	0
0	0
0	0
0	6
0	4
0	4
0	4
0	4
0	4
0	4
0	5952
16	340
25	7219
0	5092
5	99
17	5413
0	7011
0	447
4	238
1	185
191	148
5	483
0	3291
3	416
26	2989
223	2896
0	2155
20	0
0	0
0	2
0	2
0	0
10	4
0	0
1	0
0	3
0	1
0	1
0	0
0	0
0	0
0	0
0	0
0	0
0	0
0	0
0	0
0	0
0	0
0	0
0	0
0	0
0	0
0	0
0	0
0	327
0	0
0	0
0	0
0	0
0	0
0	0
0	0
0	0
0	0
0	327
9	791
1	4
8	763
11	26
0	33
0	50
0	766
0	0
0	0
0	0
0	0
0	0
0	0
0	0
0	0
0	10
0	2
0	0
0	10
0	0
0	0
256	51
0	9
21	11
0	10
0	35
238	3863
0	1005
12	647
0	15
0	77
0	3863
0	51
0	51
4	5
0	5
0	0
0	0
14	1
0	0
0	45
15	45
0	76
3	610
104	1208
44	70
0	555
11	533
0	118
11	108
0	82
271	430
7	537
0	7
0	34
0	80
48	1490
0	1389
0	33
4	72
0	90
18	64
0	41
0	62
0	37
0	11
0	52
8	43
0	0
130	89
0	21
29	94
0	57
0	49
0	13
0	10
0	249
0	127
0	141
0	1
0	1
0	1
0	0
0	727
0	660
399	613
0	453
11	561
67	344
24	555
6	500
36	63
0	55
0	30
0	66
0	359
20	3445
1	6
12	8
0	4
0	11
9	3463
0	1
0	16
11	5
10	125
14	91
0	8
6	221
0	0
0	0
6464	10044
0	1066
6	1898
0	1107
0	904
165	7580
2	8238
39	5280
2	3825
22	2323
4	1676
9	179
29	253
288	1088
449	574
14	574
0	117
0	0
0	240
0	528
0	75
0	159
1	3976
32	1005
0	315
0	332
10	1825
7	856
0	528
7	1237
0	272
4	592
8	2804
0	3356
0	14
0	637
0	976
3	992
0	72
8	548
0	1120
0	847
0	828
0	912
0	319
0	65
0	977
0	830
3	813
0	966
0	956
14	992
0	0
0	483
0	731
0	800
0	910
0	872
0	976
0	22
0	87
0	614
0	391
0	30
0	63
0	91
0	606
21	421
0	0
0	36
0	391
98	257
0	939
0	0
13	0
54	5
0	863
0	819
0	892
1	677
30	471
0	335
0	834
97	91
8	28
0	14
315	110
721	0
0	297
0	300
0	300
0	174
0	0
0	0
0	6
0	138
0	33
0	0
0	0
0	0
13	38
4	18
0	19
0	300
0	293
6	0
0	0
0	0
0	0
1	1132
3	919
27	1110
3	1219
0	1213
34	1195
4	930
3	983
2	371
20	148
5	195
0	184
0	1264
17	205
0	7
0	19
0	9
0	9
0	121
6	1932
0	6
8	6
0	43
0	112
0	0
0	2116
749	7180
0	7168
55	251
24	168
59	58
0	3759
14	277
16	48
0	11
7	3742
1	2048
0	133
37	2403
0	176
0	2057
0	2076
0	2034
0	1679
0	318
0	174
0	73
4	255
17	355
4	325
0	0
0	0
13	6093
0	6093
1921	496
12	496
15	10
0	9
1	0
84	194
1	9
35	347
42	347
0	18
0	0
0	14
0	31
0	0
0	8
0	38
0	30
6	0
0	0
2	72
0	13
0	30
62	520
5	401
9	451
2	45
2862	1093
25	69
15	459
70	583
5	280
9	45
3	1334
0	195
4685	16768
45	1569
91	14757
2	14601
425	2163
53	0
0	39
0	592
1	1221
0	1240
0	55
0	126
0	69
14	1179
0	923
0	920
41	965
0	39
0	35
0	1048
0	1017
0	1012
0	147
27	774
0	49
3	1127
7	78
59	79
20	11
15	816
48	76
15	54
24	40
53	12
0	157
8	334
12	230
0	1240
0	0
0	0
0	0
0	0
0	0
0	0
0	0
0	297
0	29
0	75
0	249
58	0
136	327
0	398
443	2543
54	248
4	43
61	6
0	0
0	0
0	2516
9	339
0	0
0	0
0	0
0	0
0	0
0	0
0	0
0	0
27	297
0	663
56	1513
0	1338
9	2277
30	39
42	62
24	849
7	806
7	626
182	101
2	336
26	50
3	0
28	383
0	498
271	241
36	362
0	736
0	14786
0	8119
982	139
0	31
57	124
0	74
0	8
0	0
0	4
0	0
5	65
0	0
0	78
0	11
4	9
0	9
5	2
0	0
0	2
0	2
0	0
0	2
0	2
0	0
0	0
0	0
70	577
0	356
0	441
0	280
0	109
125	1403
0	242
54	283
25	162
32	140
39	4595
1	4598
0	63
0	65
1	2
0	24
0	29
0	267
162	0
3	0
16	3041
4	120
35	2484
32	1292
6	539
0	285
19	17
0	187
15	212
2	16
0	795
0	676
0	765
0	563
0	365
0	62
54	193
0	144
0	7
0	1
0	10
0	10
0	0
0	3
0	1
0	0
0	7
430	498
8	119
0	202
0	161
11	103
30	117
1	252
0	67
8	133
0	340
0	241
2	316
1699	185
98	89
4	78
1	81
0	15
0	61
0	81
0	2
0	0
0	0
0	0
0	0
0	0
0	0
0	0
0	0
0	4409
229	5097
1	52
12	16
9	746
16	365
5	63
0	377
0	30
0	0
0	0
0	0
0	0
0	0
0	22
176	1226
242	1037
0	1018
0	427
2	407
0	126
7	138
20	48
0	59
0	74
0	17
0	0
0	22
0	0
183	274
0	225
0	7
5	238
5	30
0	0
5	343
28	343
0	114
4	78
0	70
0	44
0	7
28	1005
2	989
4	2
12	978
52	0
2	79
0	44
0	4
0	18
3	4
0	0
0	0
0	0
0	0
359	242
0	38
0	18
0	13
0	24
0	0
0	0
0	0
0	0
0	0
0	0
0	0
0	0
0	0
0	24
0	4
0	4
0	7
0	7
0	3
0	0
0	0
0	0
0	0
0	0
0	0
0	0
0	0
0	0
0	1
0	21
14	20
0	0
0	0
0	0
0	0
1352	2651
0	449
27	141
52	110
0	0
7	533
51	354
11	126
67	990
1	557
14	64
0	183
3	1042
107	1039
0	659
1	875
0	493
0	318
0	0
0	0
2813	0
0	1277
0	767
0	167
0	72
5	438
0	11
0	478
0	389
2	394
105	302
0	289
4	288
5	252
6	251
0	154
0	146
0	8
0	34
0	13
0	238
0	233
0	8
10	238
0	5
0	233
0	227
494	133
6	10
0	0
9	63
0	55
0	53
0	27
12	32
6	17
0	7
0	1998
0	909
5	10
0	2022
0	0
11	818
13	27
390	2012
5	0
6	50
0	1201
89	423
0	0
128	2610
0	177
24	118
95	360
4	11
777	2063
5	1304
97	1157
4	487
40	2744
10	3283
1	2632
0	2
0	6
0	2
7	78
10	78
0	0
0	0
18	3
3	553
2	14
0	13
0	17
5	507
0	21
3	164
56	529
17	496
0	0
0	0
0	0
0	203
21	353
0	0
0	203
0	203
0	0
0	0
0	0
0	0
0	203
0	0
0	0
0	0
0	0
0	0
0	0
0	0
0	0
0	0
0	0
0	0
0	0
0	0
0	0
0	0
0	0
0	0
0	0
0	0
0	0
0	57
20	151
0	51
0	40
0	1
0	0
0	0
0	0
0	0
0	0
0	0
0	0
0	0
0	0
0	0
0	0
0	0
0	0
0	0
0	0
0	0
0	0
0	0
0	0
5	1105
423	1046
0	1170
1	1105
3	85
0	299
3	111
3	112
0	0
2090	266
0	0
0	819
0	9
10	209
0	921
0	275
0	9
0	2
0	16
0	19
0	18
1	99
6	31
0	1099
0	882
0	128
1	37
5	95
33	124
14	119
5	106
1	85
0	984
0	1259
0	0
0	0
0	0
3	0
0	0
0	0
0	0
0	0
0	0
0	0
0	334
0	334
0	334
0	0
0	244
0	234
0	234
0	113
0	1
0	14
14	37
389	704
0	145
0	554
15	226
9	191
0	68
7	0
128	508
0	27
0	190
0	162
0	44
14	49
0	48
0	0
0	0
0	0
0	0
0	0
0	0
0	0
0	0
0	0
0	0
0	0
0	0
0	37
0	0
0	0
0	0
0	0
0	0
0	0
0	0
0	0
0	0
0	0
1	806
2	1735
27	602
4	741
12	680
42	486
27	1433
0	1429
1	971
2	99
15	282
0	515
4	1452
0	1359
0	36
0	33
0	38
0	33
0	0
0	0
0	12
0	41
0	24
0	35
0	1
0	0
0	0
6	0
0	6
3	0
0	36
0	1116
13	801
0	669
0	1128
7	209
0	112
14	81
0	1089
16	1090
13	1020
3	994
108	1266
33	172
0	206
0	848
6	4319
0	69
3	162
0	786
17	191
0	137
0	4391
0	1227
0	276
8	399
0	172
10	35
2	37
0	669
2	4256
271	3356
0	4261
0	765
0	4351
0	236
17	552
0	9
0	9
0	3
0	3
0	0
0	0
0	0
0	0
0	0
9	151
0	0
0	0
0	0
0	0
0	0
0	0
0	0
0	0
10	2525
22	875
72	2692
0	425
0	928
0	1149
6	463
11	54
5	97
0	0
0	0
0	0
0	0
0	0
0	0
0	0
0	0
0	0
0	0
0	170
0	159
0	170
0	160
0	204
0	89
0	87
0	93
0	95
0	129
0	4
0	29
0	6
0	0
0	0
0	0
0	0
0	0
0	0
0	0
0	160
0	32
80	84
0	84
75	2307
5	2423
4	2202
51	1127
7	2346
4	2223
0	2538
0	1104
33	1739
3	2409
0	2382
3	65
2	2272
6	66
0	30
2	1854
20	733
22	19
22	11
46	22
3	36
0	5
0	5
0	5
0	0
0	7
0	23
93	156
0	13
22	21
7	16
0	17
0	24
10	0
0	9
0	0
0	34
0	28
0	31
0	31
0	39
1426	750
0	750
0	1452
0	1529
12	25
4	1452
21	17
98	1162
9	206
19	47
34	0
0	576
0	599
4	2
0	585
0	518
0	608
74	202
130	198
3	77
6	30
7	34
1	11
0	3
0	5
0	4
0	0
0	0
0	0
0	0
60	12
0	7
78	1202
5	7
0	771
0	959
5	688
7	81
0	134
0	52
0	21
0	34
0	93
0	108
0	75
1	20
0	54
0	0
0	43
0	36
0	771
0	1051
0	0
42	19479
0	16705
4	18650
5	16334
24	16793
0	17904
221	1719
0	12661
406	2393
30	278
7	1224
8	942
15	271
0	911
0	1323
1	1322
10	377
0	17782
0	43
17	1537
0	2796
15	2775
0	1495
0	83
5	5
53	27
34	110
0	0
1	39
0	0
5	76
10	60
23	194
12	219
0	344
16	253
0	387
0	332
24	128
0	98
10	90
0	47
0	88
0	9
0	74
0	58
0	88
0	385
0	287
0	0
0	0
0	0
0	0
0	0
0	0
0	0
0	0
0	0
0	0
0	0
0	0
0	0
0	0
0	0
0	0
0	0
0	0
0	0
0	0
0	0
0	0
0	0
0	15
0	0
0	0
0	0
0	0
0	0
0	0
0	0
0	0
0	0
0	0
0	0
0	0
0	0
0	4
0	4
0	4
0	4
0	4
0	4
209	1181
0	286
27	807
0	0
0	0
0	0
0	0
0	0
0	0
0	0
4	487
2	327
0	302
1	244
0	237
10	0
96	521
0	424
0	304
10	245
0	5
0	53
14	32
0	27
25	72
0	7
0	180
0	139
3	4
0	8
0	0
0	71
0	71
0	67
0	11
0	11
0	11
0	11
0	0
0	0
0	0
0	0
0	0
0	0
0	0
0	0
0	0
0	0
0	0
0	122
0	0
0	0
0	0
0	0
0	0
0	0
0	0
0	0
0	0
4	521
0	130
0	148
7	12
12	130
6	192
0	105
0	521
0	0
0	0
0	0
0	0
0	0
0	0
0	0
0	0
0	0
0	0
0	0
0	0
0	0
0	0
0	0
0	0
0	0
0	0
0	0
0	0
0	0
0	0
0	0
0	0
0	0
0	0
0	0
0	0
17	3
0	1
0	2
687	222
4	188
5	79
7	82
2	47
0	0
0	0
6	0
0	0
0	0
0	0
2	0
0	0
0	0
0	0
22	902
15	948
1	948
0	3
313	1739
27	1340
3	194
74	292
40	239
11	115
0	0
0	0
0	302
27	229
16	8
0	221
1	50
0	22
0	47
0	67
0	39
2	377
124	377
123	182
0	135
75	513
0	21
11	15
9	60
10	60
21	491
0	0
0	0
0	227
0	72
0	67
0	106
0	71
0	242
0	108
0	20
5	299
9	1904
1091	1834
0	145
0	180
0	18
0	89
0	188
1	62
29	1836
20	66
0	491
0	694
5	526
7	1716
10	34
2	368
14	168
9	166
4	122
0	90
2	55
3	34
2	36
0	325
120	2177
40	2059
131	2077
0	72
0	152
0	94
0	0
0	0
0	0
0	0
0	0
0	0
0	0
0	0
0	0
0	0
0	0
0	0
0	0
0	0
0	0
0	0
0	0
0	0
0	0
0	0
0	0
0	0
0	0
0	0
0	0
0	0
0	0
0	0
0	5
0	5
0	0
0	410
0	0
3	34
0	410
446	6635
0	6298
11	175
9	192
20	326
3	597
0	308
31	127
0	753
0	190
75	426
0	400
2	110
2	35
0	40
0	6487
26	1739
0	3221
37	3705
29	5541
7	2038
3	12
24	5777
0	5697
1	3744
0	0
0	0
0	0
0	0
0	0
0	142
0	0
0	0
0	146
0	0
0	73
0	371
0	0
0	18
0	0
0	21
0	149
0	307
1	153
0	388
5	315
0	315
5	59
0	46
9	337
5	366
0	76
0	18
1	0
0	81
35	10
3	27
165	887
0	54
0	137
3	29
10	49
60	5
37	279
0	20
4	586
0	45
0	58
1	336
0	0
167	1448
6	1378
0	117
10	1332
0	960
0	1027
0	393
6	278
0	48
0	64
205	625
0	124
31	213
0	69
0	0
0	0
0	14
1092	3485
40	3479
13	0
45	0
0	596
0	748
2	852
0	861
0	749
6	256
13	233
0	22
0	672
0	739
0	0
0	0
0	0
0	0
0	0
0	0
0	0
0	0
0	0
0	0
0	0
0	0
0	0
0	38
0	0
0	0
0	38
0	0
0	0
0	0
0	0
0	38
0	0
0	7
25	146
2	115
0	11
0	11
0	52
0	14
0	140
0	144
0	19
0	142
0	15
0	15
0	15
0	0
0	0
6	0
0	0
3	98
0	233
0	752
2	699
0	988
8	118
0	459
0	597
0	347
0	337
0	214
0	390
0	150
0	15
0	272
8	128
193	9252
7	7242
62	6519
464	4234
0	4241
129	3630
388	231
20	640
0	0
0	0
0	0
0	0
0	0
0	0
0	0
0	0
0	0
0	0
0	0
0	0
0	0
0	12
0	0
2	10
0	38
0	38
0	35
48	12
0	36
0	7
0	0
0	2
31	0
0	38
0	38
0	0
0	0
0	0
0	1192
0	724
22	907
15	716
0	72
4	46
1	148
5	21
0	1160
7	1105
0	1195
9	1101
0	1181
0	1178
0	1050
0	1111
744	250
19	62
0	139
21	43
0	0
8	2364
301	3114
0	533
3	446
16	0
8	306
2	271
2	150
12	1439
8	193
51	91
3	329
0	46
3	223
0	66
0	126
0	81
0	100
0	22
0	55
0	16
0	12
0	295
0	15
6	1046
8	99
0	542
0	107
9	150
0	97
58	675
84	1373
35	8
0	0
0	0
0	0
0	0
0	0
0	0
0	11
0	11
0	11
0	0
0	11
0	0
0	0
0	11
0	11
0	0
0	11
0	11
0	0
0	0
0	0
0	0
0	0
0	0
0	0
0	0
0	0
0	0
1237	3534
0	44
43	711
0	44
0	1
0	0
0	401
1	423
0	75
3	72
1	66
0	75
0	75
0	75
0	75
5	77
0	77
0	75
0	75
0	75
0	75
0	75
0	68
0	61
0	16
0	0
0	4
0	4
0	4
0	0
0	0
0	4
5	239
0	172
0	630
30	94
0	521
8	117
7	51
0	175
0	216
0	64
6	72
0	61
0	548
11	21
20	56
119	356
0	22
0	0
0	0
0	0
0	0
0	0
0	0
0	0
0	0
0	0
0	0
0	0
0	0
0	0
0	0
0	0
0	0
0	0
583	723
0	8
34	138
0	112
0	388
0	268
0	493
5	215
0	60
6	123
0	1018
0	34
66	1283
0	61
0	68
3	936
3	20
0	613
13	24
11	805
0	13
0	11
3	149
0	29
3	71
0	3
0	1242
21	282
4	343
3	41
0	144
0	193
0	22
138	153
0	83
0	186
0	112
1	91
0	90
0	30
0	11
9	22
9	98
8	73
0	41
6	69
0	74
0	0
0	70
0	40
0	42
0	37
1	35
0	8
0	0
0	0
21	0
2	8
0	1
0	0
0	7
0	1
0	0
0	0
0	0
0	0
0	0
0	0
0	0
12	5
0	4
0	0
3	5
0	0
19	808
0	30
20	394
0	87
0	364
0	148
0	201
0	687
0	740
4293	0
315	792
0	862
0	1053
0	325
4	44
0	79
0	22
0	150
0	159
0	12
0	58
0	34
0	80
0	45
0	166
0	240
0	244
5	80
0	133
0	72
7	110
0	62
0	150
0	186
0	40
0	89
0	11
0	1
2	965
0	0
0	0
0	0
0	0
0	0
0	0
0	0
3	203
0	203
3	101
0	16
0	12
0	0
0	9
0	9
0	0
0	0
0	0
0	0
0	0
0	0
0	0
0	88
1	547
0	11588
0	10714
187	837
70	680
9	817
0	979
2	1851
112	1047
23	3977
582	11241
49	11187
5938	12818
50	3886
48	10345
1	738
48	860
0	1147
27	4456
16	3713
175	1043
3	1282
0	1676
284	647
3	697
0	1409
0	0
0	0
0	0
0	0
0	0
0	0
0	1091
0	215
0	11
0	8
0	1072
0	1510
0	31
3	54
0	2
0	25
0	5
5	0
0	2
0	0
1552	2328
0	314
0	22
13	1768
0	444
0	563
0	0
0	18
9	18
5	31
2	13
4	23
0	37
6	39
0	16
0	13
21	52
0	0
0	0
0	0
0	0
13	179
223	2975
0	403
0	161
20	130
0	187
0	191
165	2914
6	105
1	427
0	173
0	122
0	389
5	53
0	469
3	707
30	11162
0	11162
0	5835
280	1461
1	8668
0	5797
9	1423
135	1252
0	8221
12	5987
294	7965
0	2911
23	2715
0	2582
39	737
6	63
0	0
0	1269
0	0
1	693
168	1576
120	53
1	1576
19	206
86	1030
1	842
0	4
0	4
0	4
0	4
0	0
14	217
0	0
0	0
0	0
32	2
0	0
21	1490
6	26
31	1497
73	27
1	151
26	207
24	261
3	383
394	106
4	145
19	79
0	1262
268	4430
0	4425
0	1002
422	840
7	173
10	0
0	5
0	1
4	170
0	899
61	571
3	516
8	957
9	953
33	120
0	155
13	126
0	142
0	23
1	79
19	70
0	72
0	33
1	21
0	0
1	322
164	820
0	58
0	100
0	325
3	0
0	0
5	0
0	13
0	266
0	1617
44	1126
0	1505
1	1091
8	1143
0	344
2	111
4	48
0	89
0	136
0	111
13	131
0	158
1	131
0	50
0	0
0	0
0	0
0	0
0	0
0	0
0	0
0	0
0	0
0	97
28	1250
33	1313
0	106
0	106
1	109
1	26
70	23
4	5
0	5
0	17
28	664
0	803
0	691
7	624
0	297
16	96
0	47
8	272
11	62
0	0
86	10
0	10
0	0
0	1381
0	741
0	101
0	101
0	1325
25	1542
8	844
0	1381
0	0
0	0
0	0
0	0
0	0
0	0
0	0
0	100
0	97
0	79
0	100
0	100
5	21
0	90
0	93
0	90
0	92
0	63
0	12
0	63
0	0
0	0
0	3
0	0
0	0
0	0
0	0
0	0
0	7
0	0
0	7
0	8
0	0
0	0
0	0
0	0
0	12
0	12
2	471
0	0
0	12
0	0
0	0
0	0
0	0
0	1
0	0
0	0
0	0
0	0
0	0
0	15
0	0
0	0
0	0
0	0
0	0
0	0
0	0
0	0
0	0
0	0
0	16
0	97
2	0
0	0
0	0
2	0
0	0
0	0
0	0
0	0
0	0
0	0
0	0
0	0
0	0
0	0
0	0
0	0
0	1201
0	6
0	0
0	0
0	0
0	0
267	3188
2	2915
1	1
0	407
0	107
1	270
0	270
0	269
0	1042
10	654
4	29
0	806
3	126
3	218
0	946
6	146
0	30
0	233
0	234
7	91
26	120
3	602
0	216
0	0
0	0
0	0
0	0
12	390
0	619
0	0
0	22
0	264
0	619
0	4
5	4
0	4
5	9
24	1
9	234
0	1
263	1103
0	1030
0	1255
2	1082
7	1143
0	974
0	1140
96	0
2	751
5	418
692	359
18	49
0	229
0	269
11	40
0	15
0	6
0	0
0	0
0	6
0	0
6	19
20	2255
0	26
18	131
1	26
8	2148
0	186
0	179
10	179
0	62
0	23
0	21
2	28
4	11
0	1
0	18
0	24
0	37
0	30
0	8
0	17
0	17
0	27
0	21
0	37
0	37
2	46
0	14
0	17
0	15
0	25
0	17
0	4
0	17
0	21
0	30
0	27
0	0
0	0
0	0
0	0
0	0
0	0
0	0
0	182
0	146
0	25
0	221
0	96
0	201
0	77
0	205
0	42
0	8
0	58
0	146
0	53
0	113
0	22
12	191
114	384
59	477
204	865
0	31
0	0
0	8
0	0
9	56
11	78
13	21
3	35
0	477
0	477
20	526
0	2138
0	2138
0	0
0	0
3	74
0	44
6	635
54	821
21	1960
0	377
7	148
2	327
0	945
10	2060
3	625
187	1521
99	1144
0	2138
0	738
0	571
0	379
4	104
11	30
0	4
22	10
6	57
0	205
10	57
0	0
16	19
78	797
0	40
65	6106
9881	6106
0	574
0	0
0	248
0	215
0	36
11	442
2	3
0	47
7	67
0	197
0	0
0	0
3	293
0	0
0	0
0	0
1250	628
0	0
0	22
0	0
15	628
0	108
8	0
0	4
115	322
2	181
0	26
0	85
0	92
114	92
0	3021
0	992
7	2863
0	2803
0	397
0	808
0	604
21	3052
0	2871
0	3005
6	371
65	2562
0	299
0	2887
0	2751
0	2713
0	2603
52	147
0	103
0	16
0	33
7	11
0	0
0	147
0	57
0	57
0	57
0	32
0	35
0	25
0	23
0	0
0	0
0	0
0	0
0	0
0	0
0	0
0	0
0	0
0	0
0	0
0	0
0	57
0	57
0	22
2	47
0	40
0	22
0	47
0	41
0	4
10	0
0	18
0	0
0	65
0	0
0	1444
0	0
0	0
0	0
3	593
0	1330
29	3470
0	3466
0	78
0	2
1	2443
76	68
6	0
0	16
0	113
10	25
227	1820
0	164
0	3450
0	3446
5	4026
0	4047
0	633
0	596
0	26
0	0
0	0
0	1
0	1
0	0
0	1
5	153
0	1
44	155
0	57
2	153
0	23
12	41
18	103
113	0
150	49
0	161
186	1358
57	268
7	967
35	18
0	29
24	54
10	761
15	118
0	25
24	49
0	0
0	0
0	0
0	0
325	484
0	211
13	273
133	116
0	0
0	0
11	5
0	322
23	326
0	11
6	16
4	14
0	2329
737	1727
32	1665
85	906
43	1193
16	15
2	21
0	589
167	552
0	0
0	0
0	0
0	0
0	0
0	0
0	0
0	0
0	0
0	15
0	9
0	0
0	1
0	0
0	0
0	0
0	14
0	0
0	0
0	0
5	2014
0	1980
19	36
0	149
0	1909
0	926
3	770
0	7
2	54
0	156
0	419
0	1251
0	2023
157	213
0	130
3	71
9	82
116	0
5	0
1	0
90	464
0	0
0	2177
0	2117
4	2233
0	2117
0	2100
0	323
3	426
6	63
10	186
0	45
0	94
0	85
12	4
5	101
0	63
0	3
5	28
0	2118
0	0
0	0
0	0
0	0
0	0
0	0
0	0
0	0
0	22
0	0
0	0
0	55
0	58
0	30
0	31
0	58
0	58
0	58
0	13
0	0
0	0
0	1
0	1
0	0
0	0
0	0
0	1
5	208
0	236
0	45
0	0
0	41
2019	950
14	328
0	472
2	350
0	57
0	129
0	30
0	0
0	0
0	0
0	0
0	0
0	0
1	0
0	0
0	0
0	0
0	0
117	2189
3	2056
8	2030
0	2034
5	1591
60	146
14	52
22	847
24	0
0	40
26	191
0	1
0	185
5	0
0	116
0	117
26	76
0	0
176	355
0	127
0	17
0	45
6	19
10	23
0	58
0	58
0	58
3	51
0	83
45	253
1	227
0	65
0	127
0	0
0	0
0	0
0	0
0	0
0	0
0	0
0	0
0	0
0	0
0	35
0	35
0	0
2	0
0	0
0	0
0	0
0	68
5	22
0	99
0	7
0	371
0	415
0	46
0	162
0	394
0	3
0	24
0	0
3	34
5	0
0	2
0	31
0	11
26	0
0	0
0	0
0	7
364	62
0	62
50	666
0	0
0	261
116	567
39	213
13	3
0	33
0	26
0	190
0	283
0	1
0	0
0	0
10	0
0	0
0	65
0	95
0	1288
0	2976
0	1343
0	1180
0	448
0	1288
0	3019
2	1358
12	583
7	1397
0	1331
7	1310
7	1419
0	1145
0	1352
0	1352
4	1014
10	3
0	227
0	14
0	33
0	142
0	2419
0	2300
0	2235
0	1151
0	972
0	220
8	263
0	2351
0	50
0	4
0	36
5	0
0	1
0	36
8	0
0	40
0	40
0	36
0	13
2	13
15	1210
0	13
0	3
0	13
0	13
0	0
0	10
0	9
0	0
0	0
0	0
0	0
0	13
14	0
0	4245
0	75
11	4236
6	1805
2	382
6	137
3	123
29	215
0	17
0	4
19	48
4	55
0	0
0	110
3	110
0	159
3	198
3	288
0	37
0	100
26	182
0	91
14	29
0	2
0	122
20	18
5	4306
673	6083
18	4550
216	4811
140	5466
40	4411
4	2934
0	2637
0	2227
28	2084
7	1776
0	1605
0	1198
4	724
4	961
11	323
0	291
0	624
0	247
46	154
1	187
313	61
28	0
0	9
0	52
9	13
0	44
0	23
2828	476
20	58
163	5
0	265
3	363
17	347
29	22
0	293
0	37
0	30
0	1040
3037	1406
2	234
0	509
0	0
0	5
0	5
7	15
0	15
9	81
0	3
0	3
0	0
0	0
10	2
0	80
0	74
0	1
0	5
0	0
0	0
0	2670
13	5614
52	1752
4	4716
25	2318
8	4962
0	332
0	4285
29	3402
46	348
0	3095
0	3288
3	3225
0	3951
3	351
46	33
23	1542
6	2029
14	5702
4	1313
152	437
10	2473
1234	8384
17	1282
39	4469
0	523
263	4111
30	1074
37	1284
33	1704
5	1222
12	1637
1	573
0	204
0	387
13	675
0	127
0	208
0	171
9	302
14	142
0	0
0	0
0	2898
12	339
0	3235
10	356
41	356
19	210
0	3235
0	2978
0	2806
0	2974
0	2961
222	2261
0	2079
23	212
365	1066
11	184
17	561
18	34
0	2470
42	2488
0	2142
6	851
1	776
18	200
0	11
0	11
0	0
0	0
0	0
0	0
0	11
6	1335
0	1029
0	1318
23	1308
31	1379
0	1298
8	186
23	11
0	4
0	78
0	56
16	924
1	1263
0	24
0	30
0	30
0	14
4	1261
0	1224
0	3
0	2
0	229
134	1219
0	83
132	705
3	95
58	174
0	21
152	445
0	44
1	351
0	22
0	26
3	4
0	0
0	63
0	122
0	0
0	0
0	0
0	0
0	0
0	0
4	336
0	0
0	0
0	0
0	0
0	0
0	0
0	0
0	174
0	143
1	167
168	185
51	185
33	9
14	463
0	0
0	0
0	0
0	0
0	0
0	0
0	1
189	752
0	602
5	101
0	73
26	4
0	3
0	0
0	11
0	170
53	0
0	0
0	0
0	567
0	1123
364	3012
0	498
2	141
1	31
0	191
61	252
0	612
14	612
0	823
0	191
3	834
0	193
5	156
0	62
7	19
0	105
0	91
0	98
0	14
0	0
0	37
0	0
0	21
0	21
0	7
0	0
0	0
0	21
0	2
0	10
0	10
0	802
1393	1327
0	979
1	209
14	106
0	0
0	5
0	0
0	0
0	0
0	5
0	0
0	0
0	0
0	0
0	0
0	5
0	0
0	0
0	0
0	0
0	5
0	0
0	0
0	0
0	0
0	0
0	0
0	0
0	0
0	0
69	214
59	1798
0	1646
1	70
1	185
0	16
0	78
0	5
0	0
0	0
0	0
0	0
0	0
0	0
0	0
0	0
0	0
0	0
0	0
0	0
0	63
0	171
26	907
444	1037
0	9
0	51
0	144
0	0
0	56
158	1522
5	1244
0	0
0	0
0	43
0	152
9	184
0	69
0	17
1	0
5	0
0	80
2	555
5	5
0	0
0	0
0	0
0	0
0	0
0	0
0	0
0	0
589	583
0	638
2	55
0	397
0	11
0	57
0	67
0	42
0	29
0	8
15	5
7	0
0	42
5	0
0	0
0	0
0	0
0	0
1152	1105
0	410
0	533
2	23
43	12
17	332
0	299
0	89
104	572
74	565
0	94
0	5
0	21
0	5
0	5
0	10
52	2945
6	527
194	295
41	717
614	113
2	358
71	13
0	0
0	0
0	0
3	70
1	70
0	8
0	0
0	0
208	2383
0	2270
0	2383
0	2258
3	1318
0	453
0	156
0	6
0	191
10	107
0	0
0	18
0	191
0	830
1	1419
45	692
0	1217
0	1242
0	44
0	52
0	841
0	23
10	137
234	165
0	18
0	137
267	0
0	99
0	0
79	20
0	20
7	8
1	8
0	8
8	0
0	353
0	350
4	781
15	37
142	184
0	168
0	103
0	163
0	33
0	24
0	217
0	237
0	22
15	107
0	12
0	24
0	19
0	230
0	227
181	99
0	14
4	95
0	19
0	0
0	9
0	0
0	0
0	0
0	9
0	1
0	1
0	9
6	11
0	10
0	0
15	19
0	0
0	19
0	10
0	19
0	19
0	19
13	7
0	7
1020	2760
2	2347
0	68
4	575
0	190
0	16
9	258
0	270
0	538
0	590
12	611
0	0
0	18
6	32
34	34
0	0
8	34
0	0
0	0
14	1663
13	1410
372	1425
0	119
0	1539
0	1466
4	1229
0	1123
25	85
0	556
33	2
10	102
446	553
0	469
0	1
0	381
0	347
4	256
0	257
0	197
0	126
0	112
0	111
0	3
0	81
12	78
0	60
0	469
0	77
0	0
0	77
0	0
0	0
0	0
0	0
0	0
0	8
0	9
0	9
0	8
0	8
0	9
0	10
0	10
0	0
0	0
0	0
0	0
0	0
0	0
0	0
0	0
0	0
0	0
0	17
0	23
0	27
0	23
0	15
0	19
0	9
0	8
0	0
0	7
0	0
0	23
0	0
0	0
0	0
0	0
0	0
0	0
0	0
0	0
0	0
0	0
0	0
0	0
0	0
0	0
0	0
0	0
0	0
0	0
0	0
0	0
0	0
0	0
0	0
0	0
0	0
0	0
0	0
0	0
0	0
0	0
0	0
0	0
0	0
0	0
0	0
0	0
0	0
0	0
0	0
0	676
0	103
0	423
12	60
0	19
0	427
0	424
0	30
0	19
0	10
0	335
1	43
0	12
9	12
12	64
0	32
12	0
0	0
0	0
1	26
0	0
0	48
0	51
0	15
0	78
0	20
0	42
0	609
0	1584
13	280
0	90
0	207
0	154
0	486
68	14
12	1579
17	1354
72	1077
350	1394
0	1216
77	131
10	89
0	30
18	670
4	745
2	651
23	435
2	713
0	162
12	333
4	277
7	71
12	60
7	23
38	17
77	9
39	0
3646	4848
28	244
0	0
18	2395
10	161
17	91
0	2465
0	0
0	0
0	3
0	274
0	4
0	3
0	6
0	284
0	252
0	7
0	11
0	1
0	4
0	14
0	3
0	3
0	3
1	6
0	33
0	5
0	145
5589	2183
388	2085
0	118
3	94
2	134
621	2246
83	2240
259	480
11	300
0	16
0	1
0	0
0	0
6	2636
0	0
0	178
0	22
7	131
0	149
0	135
0	7
0	106
0	89
0	89
0	89
0	89
0	70
0	0
0	0
0	0
0	469
0	0
0	25
9	18
0	23
0	461
1345	1339
0	515
0	143
0	187
0	173
0	165
13	187
0	93
0	104
3	81
0	72
5	35
3	6
0	37
0	44
0	31
0	6
0	36
3	0
0	36
4	0
0	10
5	22
5	3
0	24
0	27
0	10
0	0
0	0
0	0
0	0
38	1475
18	881
0	177
0	1258
1	46
105	1645
0	1459
22	209
0	282
0	67
0	75
14	40
0	0
0	0
0	43
0	67
0	35
380	956
0	738
0	910
0	908
0	836
0	152
4	224
0	176
0	101
0	174
0	70
12	70
0	61
0	0
0	0
0	0
23	179
282	204
10	46
0	40
2	23
0	7
2017	1854
7	761
41	320
79	448
66	326
0	1715
3	1715
3	530
0	1416
477	677
0	182
25	27
0	670
15	16
0	65
0	162
28	836
29	12006
3	993
12	6309
26	0
0	12007
104	11582
0	1
0	0
3	1722
18	412
7	48
12	491
37	5453
3	248
4	207
136	226
37	1329
0	648
7	637
1653	2241
0	4
0	7
0	0
0	4
0	4
0	0
0	0
0	0
0	0
0	4
0	0
0	0
0	0
0	0
0	0
0	0
0	0
0	0
0	0
0	0
0	0
0	4
0	0
0	0
0	11
0	4
0	4
0	0
0	0
0	0
0	0
0	0
0	4
0	4
46	374
0	5
0	3
0	5
0	5
0	0
0	3
0	3
1	2
0	2
0	0
0	0
0	0
0	0
0	0
0	0
0	5
1	63
16	47
156	99
0	7
0	20
0	0
1	46
0	9
0	33
21	33
0	33
0	4
4	0
0	4
1751	980
0	22
17	67
4	903
5	710
32	497
0	670
0	0
1	35
13	967
7	8
0	0
2	8
0	0
0	0
0	0
0	0
0	0
0	0
0	0
0	904
24	81
18	29
7	1036
3	829
0	555
0	1
45	9
0	246
0	230
4	438
15	361
3	12
0	317
0	180
39	188
0	43
0	54
7	0
2	67
32	156
0	88
0	0
41	82
0	76
245	5969
0	107
1	86
0	0
0	51
0	0
0	7
0	0
0	7
0	0
4	6
0	18
0	468
18	34
0	92
0	241
0	2
0	445
0	3
0	123
0	11
0	12
0	25
0	0
0	430
3	473
5	336
0	418
0	5615
365	4607
0	5617
0	4609
0	2979
18	4603
1	4523
21	4596
14	4574
9	3997
20	2610
0	1623
0	1415
0	445
0	5617
0	2489
0	0
0	0
0	0
15	544
0	6
4	206
0	243
4	141
1	0
0	243
2408	1845
0	295
17	1126
0	830
0	256
5	92
0	99
2	0
0	11
21	14
0	0
0	0
0	6
0	0
0	16
0	28
0	37
0	0
0	28
0	27
0	24
0	0
0	0
0	0
0	0
0	0
0	0
0	0
0	0
0	0
0	0
0	0
0	0
0	0
0	0
0	0
0	0
0	0
0	0
0	0
0	0
51	307
0	307
4	34
3	198
15	220
2	74
0	779
0	74
0	25
6	125
0	794
0	728
0	779
0	835
114	989
4	15
0	93
10	256
17	45
0	210
1	42
0	1044
0	471
0	339
3	354
0	5
0	13
0	0
0	5
0	8
0	95
0	0
0	0
0	0
0	288
0	2
0	0
0	471
0	0
0	0
0	0
0	106
0	0
0	0
0	0
4	1869
0	3005
0	2842
0	1
79	1111
7	1500
43	1672
36	508
23	56
74	545
2	19
4	200
1	131
0	99
0	101
0	101
7	99
0	22
88	0
0	3
0	3
0	3
0	3
0	3
0	3
0	3
0	3
0	3
0	0
0	0
0	0
0	0
0	0
0	0
0	0
0	0
0	0
0	0
6	32
0	25
19	189
78	499
4	452
7	68
9	175
4	214
3	414
10	0
5	21
357	164
0	116
13	0
7	48
0	0
0	219
0	346
40	1213
0	368
0	555
10	34
0	587
40	183
2	465
23	156
0	562
21	232
23	38
18	12
0	1199
25	25
0	20
0	25
0	25
11	10
1150	569
0	569
208	1590
359	1234
14	767
200	656
0	94
210	94
6	1228
72	311
0	1829
0	14
0	324
23	142
0	399
0	237
0	716
26	224
154	281
0	1639
0	161
0	1383
1	217
0	62
123	1421
0	1451
4	24
7	165
16	349
42	1226
0	523
0	1461
0	1706
0	0
0	0
0	0
0	0
0	3
0	3
77	45
45	0
5	56
32	2524
8	0
0	2524
2354	2988
63	2265
1	266
0	205
21	712
15	492
15	238
11	1
2	152
0	0
0	0
0	0
0	0
0	0
0	0
0	0
0	0
0	0
0	0
0	0
0	0
0	0
0	0
0	0
0	0
0	0
0	0
0	0
0	0
0	0
0	0
0	0
0	0
0	0
0	0
0	0
0	0
3	0
0	0
0	0
1	0
0	0
10	841
0	0
0	0
0	0
0	0
0	0
0	0
174	408
0	58
17	47
3	177
0	16
0	432
8	111
0	248
4	178
1	41
0	61
0	14
0	26
0	0
0	0
0	0
0	0
0	0
725	0
0	0
0	0
0	0
0	0
0	4
0	20
0	30
0	41
0	31
8	41
0	6
12	0
0	24
0	12
0	18
0	6
12	0
0	0
0	6
0	0
0	0
0	0
0	28
0	17
0	14
0	6
0	45
0	6
0	18
0	0
0	0
0	0
0	0
0	0
0	18
0	10
0	10
0	32
0	931
0	365
0	158
0	350
0	205
0	0
30	820
0	567
6	17
8	1025
163	703
0	7
10	5
0	0
0	0
1084	2485
37	426
0	1216
3	729
0	756
31	1450
0	0
0	0
0	0
0	28
0	0
0	0
0	15
0	15
0	0
0	28
0	0
0	28
0	0
0	0
4	62
81	162
7	327
25	341
4	332
21	160
80	156
153	472
0	0
37	222
0	33
0	0
12	264
0	0
0	2
0	4
29	227
0	0
1	304
0	0
0	0
0	0
53	670
0	704
22	952
0	15
0	15
8	25
4	248
0	670
2281	135
0	84
0	0
0	0
0	0
0	0
0	21
0	0
608	586
0	526
11	151
53	937
0	0
0	0
0	248
0	222
0	43
0	34
0	0
0	0
0	10
0	0
0	693
1	582
21	93
4	2232
18	903
29	52
0	461
7	0
0	145
46	41
3	664
0	337
41	12
20	274
0	2245
3	862
0	119
0	164
0	119
0	178
0	517
0	108
24	107
0	123
35	342
28	442
2	108
3	310
0	67
0	200
0	0
0	259
0	7
0	0
4	501
3	4484
3	3486
0	831
2	155
79	585
14	7
34	64
0	273
0	2159
9	2086
177	52
33	12
2	468
1	291
93	1315
0	29
0	417
0	327
29	2
5	228
8	76
3	75
0	4383
160	947
36	1138
8	238
0	662
0	0
3056	836
14	836
0	0
0	0
1254	2469
0	331
0	133
17	133
8	47
0	1
46	82
44	1457
0	0
0	0
0	0
0	0
0	0
0	0
0	0
0	0
0	0
0	0
0	0
0	124
0	42
0	231
0	210
0	70
0	214
0	500
0	352
0	97
0	176
0	44
0	219
0	616
0	245
0	23
0	409
0	84
0	17
0	205
0	70
0	262
0	236
0	186
4	15
25	56
2	180
0	500
0	477
0	6
0	118
48	1148
0	131
5	843
20	83
0	720
0	98
0	13
0	0
0	13
0	0
0	0
0	0
0	98
170	7412
21	7366
40	7277
0	1322
0	1000
7	7465
2	7409
1468	1211
3	47
0	0
0	58
0	51
12	0
0	0
0	0
0	0
0	0
40	95
0	18
0	11
21	28
0	139
8	35
5	43
0	43
0	2
0	0
0	12
0	40
0	5
0	2
3	0
0	0
10	3
6	3
25	7
0	40
0	0
742	489
0	175
0	315
18	162
0	0
0	0
0	0
0	0
0	0
0	0
0	0
0	0
2	0
0	0
0	0
0	0
2	106
0	13
8	3
0	1
0	32
0	31
0	0
0	0
0	0
0	0
0	0
0	0
0	0
0	164
120	2696
0	2696
26	1444
109	1755
15	1755
11	629
0	0
77	110
0	40
0	47
0	5
0	30
14	30
2	30
1	58
17	69
6	90
0	35
0	39
0	25
5	9
0	0
0	0
0	0
0	0
0	0
0	0
0	0
0	0
0	0
0	203
0	1095
204	1479
612	2270
0	3936
1187	5060
104	4644
2	2687
5	100
1011	1727
32	2252
0	0
0	0
0	0
0	0
0	0
0	0
0	0
0	2
3	2
0	0
0	0
0	0
0	5
4	2955
0	1368
0	233
0	661
14	261
0	1
0	2
0	91
0	1
6	90
0	1
0	8
0	90
1	3223
22	3232
0	3149
0	88
42	192
0	38
1	40
45	109
106	227
10	18
8	163
0	141
0	1440
29	28
1	90
0	16
0	54
1	489
0	0
0	213
18	60
0	41
0	2805
0	2804
8	101
1657	1379
3335	1753
118	784
182	1133
0	113
0	440
327	189
4	56
7	129
21	715
11	1378
132	1238
0	1210
4	198
1	201
15	228
2	134
0	0
0	73
0	0
287	1690
0	667
0	47
3	1078
0	60
0	556
7	152
0	394
0	141
3	679
12	549
0	486
4	61
0	43
0	547
2	112
0	12
0	62
0	89
0	245
0	111
0	25
0	147
0	48
0	49
101	374
0	0
0	137
138	406
0	66
22	211
13	0
178	632
634	772
0	697
62	172
85	613
10	346
0	2964
59	2720
0	736
11	360
3	0
0	385
1	346
5	5
13	464
15	245
1	2768
0	0
0	0
0	0
0	0
0	0
0	0
0	0
0	0
0	0
0	0
0	0
0	0
0	7594
0	585
1	609
26	129
0	65
0	142
0	86
0	30
0	0
23	91
0	0
0	0
0	0
0	0
0	0
0	0
0	0
0	8
0	8
0	0
0	9
4	8
62	7
0	63
0	60
0	63
0	1
3	7
0	7
0	0
0	0
0	31
0	0
42	40
0	11
0	14
3	11
0	0
13	26
16	3
0	0
0	0
0	0
0	0
0	0
0	0
60	554
33	708
0	315
0	31
0	407
44	1
0	0
8	34
0	553
0	0
0	220
0	205
0	27
0	33
0	40
0	46
0	48
5	104
0	51
0	7
6	270
1	22
0	0
0	42
0	10
0	40
0	3
0	0
0	0
0	3
0	28
0	0
0	0
0	0
0	0
0	0
10	257
252	203
0	60
0	46
0	7
0	187
11	185
0	149
0	26
17	37
4	0
0	4
0	5
0	0
0	37
0	0
0	0
0	0
7	213
0	0
0	0
0	0
0	0
0	0
0	0
0	0
0	0
0	0
0	0
0	0
0	0
0	0
0	0
0	0
0	0
0	0
7	1096
2	8
0	214
157	1345
5	207
12	1183
0	93
87	69
16	688
0	717
27	719
0	0
7812	85
0	85
28	18
2	4
0	18
0	3
0	16
0	8
0	10
0	10
0	4
0	10
0	10
0	0
0	0
0	0
0	0
0	0
0	0
0	0
0	0
0	0
0	0
0	0
2	0
0	0
0	0
0	0
0	0
0	0
0	0
35	120
0	118
0	0
0	2
0	2
0	2
0	0
0	8
17	176
0	4
0	2
0	0
0	5
0	0
0	0
3	96
5	168
0	58
0	21
0	86
0	7
0	1224
0	1188
1	69
0	215
6	328
4	31
34	30
0	0
0	0
0	0
0	0
0	0
0	0
0	10
0	0
0	0
0	0
0	0
0	0
0	0
0	10
0	10
0	10
4	100
0	1378
0	675
0	1443
0	57
1	1496
0	93
0	1432
6	1172
0	1317
2	828
0	82
0	727
4	92
46	1354
16	1190
0	0
0	9
0	9
166	47
0	11
1	27
0	0
21	1
2	4
0	3
0	3
0	0
0	0
0	0
0	16
0	2
4	16
7	243
0	0
0	1
0	0
0	1
0	0
18	57
0	10
14	29
0	28
12	10
9	0
0	0
0	0
0	0
0	0
0	0
0	0
0	0
0	0
0	0
0	0
0	141
0	0
0	10
0	10
0	10
0	10
0	10
0	0
0	0
0	2
0	0
0	0
0	0
0	0
0	0
0	37
0	0
0	37
783	7670
0	4
0	0
0	5
32	89
0	9
0	0
0	81
0	36
0	0
6	14
5	57
1712	2532
0	496
73	551
1	6
0	148
0	112
0	3
0	27
0	485
0	448
45	0
0	0
0	0
0	0
0	0
0	1
0	22
0	43
0	9
0	8
0	39
1	26
2	15
0	6
0	10
0	3
0	1
0	8
0	0
0	8
0	1
0	5
0	891
33	1304
10	385
0	9
862	264
13	177
29	243
1	7
0	11
0	265
0	8
6	222
0	5
0	0
0	0
0	3
0	0
0	9
0	38
0	9
10	20
0	30
0	254
2	65
0	14
0	57
0	53
0	115
0	0
0	5293
0	6018
0	2001
674	4790
0	5813
3	3399
42	6016
15	1808
0	1699
0	155
0	0
0	0
0	0
4	0
0	133
0	126
0	165
0	112
0	138
0	91
2	122
24	132
0	75
21	94
0	43
0	2
4	30
0	24
0	0
4	0
0	0
0	0
0	0
0	0
0	0
3	0
261	13
0	0
2	13
87	47
10	46
9	5
0	0
0	0
0	4
0	0
0	0
0	0
0	0
0	0
14	0
15	0
0	20
0	45
0	0
0	45
0	0
0	45
0	45
0	0
0	0
0	0
0	0
47	1925
0	2023
0	520
0	350
0	256
0	270
0	101
0	159
50	0
0	211
68	11085
0	14690
0	14277
3	14139
0	14633
0	14242
0	14208
0	14339
12	14252
0	13344
5	12953
15	12513
0	9045
1	6503
7	6838
0	9101
118	343
322	48
0	3289
64	538
126	447
53	394
0	686
0	794
0	42
0	36
4	207
1	5
0	3
0	0
0	0
0	1
7	1
0	0
0	0
0	42
25	208
0	0
0	0
0	8
7	23
0	0
0	0
0	549
524	1102
83	912
63	684
4	112
23	320
19	209
0	0
0	116
10	116
28	10
0	0
0	111
0	0
0	0
0	0
17	1630
0	1192
0	621
0	1314
13	129
0	26
0	192
0	75
0	17
0	0
0	9
0	30
0	32
0	2
0	84
0	223
0	37
0	161
0	639
0	1047
0	879
0	616
4	35
0	33
0	136
1303	946
0	58
0	25
0	814
68	742
0	9
0	7
14	534
0	527
0	363
0	34
0	3
0	531
2	2
3	17
2	51
10	5
0	76
0	44
0	632
0	587
0	275
0	253
3	301
0	247
6	295
0	193
0	36
0	42
0	56
0	0
280	539
0	66
531	473
29	1218
26	289
0	130
0	17
3	211
0	114
0	82
0	30
0	152
0	118
225	231
3	124
71	682
28	116
230	685
20	70
8	15
32	69
52	93
108	1068
5	156
5	382
0	86
7	18
7	66
45	0
49	298
0	129
0	383
11	571
61	833
5	358
0	482
74	747
0	288
0	127
2	1
0	4
0	0
11	1814
0	8014
0	7708
6	6284
78	90
196	14
17	416
6	117
178	654
5	557
106	1423
0	469
3	6474
0	7584
0	0
0	0
0	2
0	861
10	861
0	0
0	3
0	337
0	312
0	4
0	43
0	27
0	58
1	340
0	206
13	73
0	84
0	0
0	0
0	0
0	0
0	0
0	0
0	0
0	0
0	0
0	0
0	0
0	591
17	50
0	0
23	1248
4	1250
0	1260
0	0
0	0
0	0
0	0
0	0
0	0
0	0
0	0
0	0
0	937
0	1117
196	1108
0	1115
12	1020
85	2722
0	1890
46	858
0	987
512	1024
542	2743
0	2641
0	256
52	810
0	15
7	360
409	92
0	11
0	22
0	22
0	3
0	3
0	52
0	3
0	50
4	31
0	31
0	30
0	1
0	0
0	0
0	1
4	0
0	94
0	7
205	106
40	1329
12	95
0	0
0	14
0	48
8	1
0	0
0	0
0	1
0	1
0	0
0	0
0	380
5	49
0	30
1	31
21	12
3	11
0	0
0	372
0	51
0	122
0	307
0	42
3	613
0	66
0	19
0	329
0	63
0	86
0	322
0	287
0	130
7	14
1	44
0	67
4	594
0	54
4	22
0	0
0	33
0	59
0	46
10	495
0	34
11	19
0	19
0	26
0	44
0	47
0	39
0	37
0	18
0	497
0	7
0	25
0	27
4	455
0	204
5	7
0	486
0	33
14	8
0	72
2	539
0	7
0	65
0	0
0	539
0	0
0	0
0	4
0	4
0	0
0	0
0	0
0	4
0	0
0	0
0	0
0	4
0	38
0	168
0	1884
0	163
0	80
0	106
2	81
2	104
4	104
160	370
0	2049
43	2219
0	1994
0	181
0	181
0	76
7	20
0	34
0	40
0	34
5	19
0	12
0	1915
0	1870
4	79
0	110
33	40
28	4
2	934
27	39
22	1802
65	1287
0	181
0	1972
0	1969
0	0
0	2
0	0
0	2
0	2
0	0
0	0
0	0
0	0
0	7
0	4
14	44
0	7
0	4
1	1137
8	1242
17	320
1	191
0	191
0	59
0	44
25	59
0	101
0	212
0	8
7	75
0	15
0	225
1	404
134	2152
11	52
8	51
0	2152
3	392
8	375
0	363
3	90
2	0
0	6
0	0
0	5
0	0
0	0
0	0
0	0
0	0
0	0
0	0
0	6
0	5
0	6
13	916
11	400
2	4899
0	4727
7	0
14	60
19	103
10	613
0	618
0	613
0	312
0	449
0	318
585	180
23	67
3	30
0	29
0	28
0	0
0	892
7	802
45	562
0	425
0	124
0	124
0	797
6	44
294	329
2	528
121	748
0	412
0	661
0	713
0	155
0	208
0	50
6	763
0	7
0	44
0	42
0	0
5	43
7	54
42	757
1613	14672
16	14414
16	13767
1399	3721
0	3
5	576
0	944
65	2120
65	642
9	140
51	1078
15	1046
3	982
24	612
28	585
10	216
33	188
14	53
12	40
3	68
0	55
0	59
1	48
0	30
0	15
11	23
819	308
2	85
0	76
2	8
0	155
4	471
549	983
14	690
0	857
0	718
0	70
0	577
0	31
6	306
0	306
46	41
0	94
32	28
4	49
0	48
1	2
0	0
0	0
0	0
0	0
0	0
0	0
0	0
0	0
9	0
0	0
171	241
3	39
0	0
0	33
0	159
72	1315
0	293
0	1406
0	83
12	358
0	58
0	931
0	146
0	22
7	44
0	69
0	276
0	581
0	74
0	81
8	119
0	68
0	151
0	1320
0	10
0	1043
19	1163
0	18
0	225
16	1169
0	10
0	12
0	38
0	77
0	21
0	66
0	67
0	52
0	1075
0	1292
6	147
0	238
0	12
0	1136
9	22
0	0
7	647
0	17
0	25
0	646
0	0
0	0
0	0
0	0
0	0
0	0
0	0
0	0
37	658
0	300
0	297
0	261
0	234
0	187
0	144
0	55
0	107
0	116
0	0
0	83
14	70
0	48
0	19
0	48
0	34
0	20
0	9
0	4
0	4
0	287
111	1358
3	112
5	471
29	124
6	1174
1	34
0	448
12	25
0	204
20	327
0	58
29	293
2	247
5	174
0	178
14	141
0	214
5	230
3	85
7	1326
0	1386
0	1659
0	1622
6	1493
0	1595
7	93
0	480
1	159
0	8
4	46
0	0
0	56
0	55
0	0
1	44
0	17
0	50
0	32
0	59
0	23
0	41
0	11
3	33
0	22
0	33
0	13
0	1
0	106
0	2
0	0
0	60
0	1706
0	1645
0	1788
2	475
0	1652
8	438
13	349
133	1761
0	1556
0	80
0	128
0	59
22	0
10	2812
0	2812
0	387
0	412
3	360
0	47
0	139
19	409
15	202
278	3065
1	2308
67	471
4	1477
15	2169
0	2260
0	31
0	85
13	1939
0	17
1	126
33	67
0	952
0	35
0	59
8	2
0	0
1	3
1	50
0	0
0	50
0	10
0	0
19	10
0	13601
60	13601
157	310
0	1402
0	489
0	1176
0	317
72	1197
0	254
0	1117
0	1062
0	195
1	1196
6	1290
0	457
0	145
28	150
5	67
0	18
0	45
10	77
13	292
14	63
5	138
0	115
20	20
42	44
15	29
93	10
43	6
31	19
0	75
0	216
0	0
5	31
0	52
0	22
0	21
2	2
0	23
0	20
0	0
0	0
0	0
0	0
0	0
0	0
0	2
0	2
0	0
0	0
0	2
0	0
0	2
0	2
0	10
0	13
0	0
0	22
0	22
0	0
0	0
0	0
0	0
0	261
0	258
0	1
0	242
0	201
0	197
0	0
0	14
0	91
0	0
0	0
0	0
0	0
0	0
0	0
0	0
1	126
0	0
0	0
0	0
0	566
0	2415
15	410
0	1751
0	842
0	2098
42	416
5	1693
0	1779
84	608
35	144
89	259
0	480
9	114
0	1911
0	0
0	1
0	1
0	346
0	244
0	277
0	295
0	275
6	299
6	318
0	216
11	986
1	294
0	55
0	845
0	120
0	57
0	46
0	57
0	215
0	10
0	203
1	377
4	319
6	331
2	339
10	271
0	323
0	136
0	128
0	105
0	92
0	105
0	59
0	67
0	36
0	50
0	36
0	24
0	14
0	53
20	3
4	4
1183	251
0	168
22	71
330	2951
42	2303
129	1658
29	2126
14	454
0	1254
0	933
60	1434
78	444
0	0
4	26
0	0
0	0
0	0
0	0
0	0
0	0
0	26
0	0
0	0
0	0
0	0
0	0
0	0
0	0
0	0
0	0
0	0
0	0
0	0
0	0
0	0
0	0
0	0
0	0
0	0
0	0
0	0
0	0
0	0
0	98
0	57
1	312
0	562
20	2810
3	2914
71	68
4	431
28	62
28	223
0	235
4	20
4	314
11	215
0	184
0	173
0	151
18	114
0	0
0	142
139	142
0	85
0	592
0	9
0	16
0	98
29	543
0	470
0	206
0	68
3	119
0	52
2	115
0	221
0	258
0	229
0	210
0	161
32	45
0	20
0	0
0	541
0	0
0	96
0	114
0	84
0	7
0	31
0	112
0	79
0	11
0	23
0	0
0	102
0	68
0	66
0	80
0	67
0	75
0	68
0	66
0	66
0	79
0	0
0	6
0	0
0	0
0	29
0	61
0	42
0	3
0	0
0	23
6	0
0	0
68	3803
23	236
5	523
0	3479
23	606
1345	983
0	891
0	509
4	765
11	400
2	0
5	75
0	42
7	48
0	52
27	52
0	28
14	56
0	8
7	49
0	29
0	19
0	34
0	8
2	13
0	1
0	6
0	12
0	27
0	21
0	1
0	21
0	12
0	0
0	0
0	0
0	0
0	0
0	0
0	0
0	0
0	0
0	0
0	0
0	0
0	0
0	0
0	0
0	0
0	0
0	0
0	0
0	0
0	0
924	606
279	60
0	50
0	78
1388	78
0	62
0	126
0	201
138	3647
304	3809
76	3816
134	134
9	326
95	433
266	453
166	381
5	137
0	98
0	70
7	46
0	152
0	0
0	523
0	91
0	0
0	388
18	120
0	662
0	53
5	487
45	77
6	559
0	312
0	585
0	8
11	427
6	58
0	0
30	39
1	475
0	504
240	280
4	44
0	31
6	166
0	124
24	87
0	90
0	87
7	0
0	87
0	87
0	81
0	15
0	0
0	0
0	0
0	0
0	0
31	9578
171	10780
98	4206
3	4358
49	3831
0	887
0	854
0	74
46	1243
0	30
0	30
0	0
0	255
13	260
0	2
0	2
11	103
0	103
1	406
86	1302
0	543
0	272
0	148
0	159
0	74
4	124
0	210
0	79
0	164
0	33
0	37
0	115
0	0
0	0
0	0
2	608
0	639
0	753
4491	1166
30	541
3	638
10	54
72	259
0	1715
0	1390
2	1630
0	1739
3	344
0	1245
2	489
7	1167
87	46
28	1635
0	201
0	114
0	741
10	218
0	1390
0	0
888	5442
26	189
3	4575
60	896
0	70
0	52
4	58
0	72
5	52
2	56
35	256
0	15
0	14
8	14
0	10
0	10
0	1
0	10
0	1
0	0
0	0
4	10
0	0
0	0
0	0
0	0
3	0
0	0
0	6
0	4
0	4
0	0
0	0
0	0
0	0
0	21
0	0
0	0
0	0
0	0
24	846
180	831
11	63
0	0
0	0
0	0
0	0
5	15
24	208
2	184
0	47
0	171
0	198
0	3
8	214
0	21
0	36
3	0
10	868
2100	870
30	440
20	129
0	138
0	4
0	0
0	5
0	5
0	5
0	0
0	5
0	5
0	0
98	1816
9	1721
8	61
0	270
0	112
0	134
0	1641
5	85
0	269
0	279
186	14
0	9
2	233
10	101
5	304
0	133
0	0
0	2
0	2
0	2
0	0
6	56
0	2
0	0
892	1572
0	864
0	1572
0	877
0	877
27	458
3	500
0	711
10	198
0	135
12	4
68	594
2	267
0	305
43	134
0	374
1	164
0	193
0	71
0	0
0	52
0	52
0	0
0	0
0	0
0	0
6	64
6	0
0	0
0	0
0	0
0	0
0	0
0	0
0	0
0	0
0	27
0	0
0	0
0	0
0	0
0	0
0	0
0	0
0	0
0	0
0	0
0	0
0	0
0	0
0	0
74	2165
12	666
0	2192
36	1844
0	1260
0	0
0	0
0	0
0	0
0	0
18	0
0	25
11	44
13	33
0	25
0	38
0	30
41	17
0	23
0	66
0	66
0	24
0	0
0	1
0	0
0	0
0	0
0	0
0	0
0	1
0	0
5	0
23	21
6	0
59	1
29	8
0	11
1	160
8	7
41	807
0	337
4	0
0	182
0	11
0	65
0	440
0	214
0	60
0	31
13	441
0	21
8	26
0	15
0	35
0	25
0	494
0	440
0	440
0	0
0	0
0	0
8	14
0	0
0	0
0	0
0	0
0	0
0	0
0	0
0	14
0	0
0	0
65	228
22	85
0	207
0	166
0	132
0	91
0	125
0	42
3	63
7	43
7	80
8	2
4	43
0	53
13	1
0	15
0	0
0	0
425	0
0	173
12	62
741	730
0	462
2	237
0	481
125	54
6	70
10	408
28	77
4	132
25	16
229	0
0	481
533	586
0	315
0	256
0	120
0	120
10	14
1	14
0	315
64	104
1953	1280
39	994
77	605
16	92
7	9
25	61
0	86
0	15
0	17
0	0
0	0
0	0
0	0
0	0
0	0
35	57
2	30
10	29
22	1590
0	1600
0	854
1	297
0	831
0	801
22	534
29	0
0	47
15	86
0	751
0	46
0	28
4	40
0	56
0	46
0	3
0	0
0	12
0	2
0	2
0	2
0	2
0	0
0	0
0	0
0	0
0	0
0	127
0	1016
0	223
9	157
5	189
0	1009
23	186
2381	354
11	19
6	137
0	217
0	26
0	35
184	419
0	35
0	20
0	13
4	46
0	119
561	211
9	76
5	165
0	0
0	0
0	0
6	4
3	21
0	197
470	885
8	106
0	5
0	5
10	212
3	23
0	62
0	59
0	7
0	1374
7	620
7	262
0	254
0	458
9	1246
1	201
0	222
2	1133
2	188
68	373
0	534
1	0
0	568
0	190
0	520
39	899
203	1213
0	869
398	748
0	0
0	57
0	0
0	0
0	0
0	0
0	0
0	0
0	31
799	110
2	93
47	17
0	0
0	0
0	0
0	0
0	0
0	0
0	0
0	1
0	0
0	0
0	0
0	0
0	0
0	0
0	0
0	0
0	0
0	0
2056	892
48	355
0	223
7	76
0	161
7	179
3	63
0	80
0	223
24	0
79	66
16	65
133	353
0	193
6	202
0	25
0	73
0	51
0	37
12	72
0	1
0	0
0	12
0	11
0	11
0	12
0	0
0	0
0	12
36	917
0	880
0	986
0	916
70	796
0	945
0	105
43	166
40	20
2	4
2	65
0	147
0	21
0	0
661	439
10	314
28	285
0	176
3	179
0	99
0	132
0	63
9	0
0	123
0	123
0	127
0	83
0	0
0	18
0	0
1	3526
0	3603
0	3580
10	3605
0	482
0	348
46	4265
0	48
0	864
2	1075
39	36
2	90
2	1292
6	1486
0	114
0	2941
0	1868
13	637
0	919
196	2044
14	466
0	554
4	139
6	1224
0	937
2020	3015
21	106
8	2585
6	45
2	25
0	341
0	175
2095	93
0	93
0	1051
0	3
0	6
0	0
0	0
0	0
0	0
0	0
133	237
1324	572
0	249
10	88
2	334
1	27
612	5
7	166
0	5
0	0
0	0
0	0
36	3521
0	802
0	307
13	6
29	2108
0	3608
13	3574
0	0
0	0
0	0
0	0
0	0
0	0
0	0
1	0
0	0
0	0
0	106
0	0
0	6
0	5
0	2
0	2
0	2
0	2
0	1
0	1463
0	663
0	1334
4	943
0	103
0	691
2	30
7	288
0	30
0	59
0	44
0	108
0	0
0	0
0	893
102	1326
0	665
4	1311
0	289
3	303
0	1285
0	621
156	274
0	600
0	1308
0	163
0	502
0	1225
16	555
0	606
8	243
6	380
18	406
0	170
6	1071
0	0
0	0
2	0
0	17
0	17
0	17
0	1
0	0
0	2
607	3574
0	78
27	808
23	3260
0	258
0	297
0	166
0	242
27	25
0	437
0	336
0	168
71	0
4	510
37	273
0	285
23	1237
6	167
31	675
30	588
1	704
1	85
66	639
6	505
0	36
0	11579
15	11419
103	785
3	197
195	538
103	853
14	814
12	224
0	2
0	3076
18	100
17	317
3	280
7	42
6	590
8	3127
42	3286
16	3166
0	1921
4	2836
7	3146
6	2794
7	1893
0	931
0	1776
12	1044
394	513
59	1458
0	1392
0	892
16	1144
7	810
0	633
0	573
0	453
0	174
0	232
16	199
0	65
0	13
362	110
202	11
0	14
3	7
0	11
124	306
0	0
0	0
0	0
0	0
0	0
0	0
0	0
0	504
0	2126
0	1155
0	1383
11	600
0	1736
29	750
5	1678
1	55
0	36
49	1685
3	3
98	1614
2	1685
0	140
0	514
0	333
9	1564
1	1185
0	216
2	113
14	1907
0	1836
0	2164
0	2164
8	1767
0	8557
0	8240
3	5291
0	7436
0	7795
0	6892
0	8049
0	8281
0	7764
116	7370
0	8292
0	7756
0	7770
0	6965
15	5978
0	7655
0	7889
0	7654
17	7245
0	7774
0	7541
0	4714
0	742
0	370
0	804
0	944
0	523
72	780
0	1078
0	836
0	673
0	649
0	250
0	28
0	261
0	81
0	0
0	0
0	38
0	0
0	0
0	0
0	0
0	0
0	0
0	0
0	0
106	1133
52	1225
248	32
0	20
0	9
6	0
95	295
3	4
7	0
0	0
0	0
0	0
0	0
0	0
0	0
0	0
0	0
0	0
0	0
0	0
0	0
0	0
0	0
0	0
0	0
0	0
0	0
0	0
0	0
0	0
0	0
0	0
0	0
0	0
0	0
0	0
0	0
0	0
0	0
0	0
0	0
0	0
0	4
0	4
0	4
0	356
0	123
0	123
0	123
0	144
0	60
0	0
0	22
0	356
0	155
211	287
6	269
24	390
12	274
932	254
9	145
0	40
0	21
0	20
0	0
0	0
0	0
394	1074
0	609
0	511
0	477
0	433
0	523
0	334
0	10
0	23
7	204
0	99
10	57
3	0
1166	539
18	512
0	3
0	388
0	64
0	241
192	2005
10	7456
194	76
0	346
78	2865
1	458
39	679
18	3734
29	6906
2	578
297	296
2	1088
21	1167
37	945
80	928
0	191
64	718
0	10
43	19
3	52
0	14
0	0
0	0
181	116
115	153
0	0
0	160
3	45
0	0
3	29
0	41
0	36
0	10
0	27
0	16
0	42
0	18
0	0
5047	981
25	201
95	62
25	54
44	664
0	977
747	2360
0	1455
7	1481
61	632
15	490
4	1404
0	936
15	1225
43	1217
1	521
0	436
0	489
5	39
4	40
2	0
0	701
4	703
0	23
0	369
20	220
11	40
0	703
0	640
0	17
0	17
4	878
4	2308
0	59
8	2047
0	1888
5	1742
0	0
0	1082
1	317
23	701
0	87
11	24
56	57
0	2250
0	986
75	6644
133	30687
110	37369
10	27125
1	514
0	23197
15	710
0	23211
0	0
0	0
0	0
0	0
0	146
0	141
0	113
0	23
0	51
2	0
0	26
0	33
0	20
0	1
0	54
0	36
0	0
0	61
0	55
0	61
0	18
0	26
0	40
0	6
0	34
0	6
0	6
0	21
0	1
0	0
0	0
0	0
0	0
0	0
357	234
18	665
20	24
0	476
16	103
18	39
0	6
1	38
11	15
0	42
0	0
1	7
0	0
0	5
0	35
0	37
0	1
0	35
0	8
0	7
0	2
0	40
0	5
0	7
3	19
0	26
11	911
0	23
0	15
0	37
0	13
0	16
0	18
0	5
0	1
0	0
0	578
0	1
0	6
0	0
0	7
0	0
0	892
0	6
0	0
0	0
0	0
0	0
0	0
0	0
0	0
0	0
0	0
0	39
0	0
0	0
0	0
0	0
0	0
12	8
0	36
0	36
0	89
0	89
0	84
0	115
0	105
0	8
0	22
0	79
0	17
0	41
0	711
2	711
0	105
1	104
0	45
0	54
0	0
0	683
0	1
0	683
0	682
8	22
0	0
0	1727
0	0
23	1727
108	239
47	212
0	123
12	4
0	4
0	16
0	164
0	35
43	243
5	247
1	311
40	245
0	1149
0	1360
10	1236
0	1450
0	847
21	262
138	1003
0	1059
0	1126
0	995
0	914
0	815
0	64
0	117
1	101
0	544
0	1154
0	815
0	111
0	128
0	981
0	926
13	671
1	676
0	95
0	61
4	450
241	354
64	351
0	0
0	0
0	0
0	0
0	0
0	0
0	0
0	0
0	0
0	0
30	0
6	0
0	0
0	112
24	126
0	53
0	106
27	84
9	33
8	38
1	0
0	0
0	0
0	0
14	997
29	1037
0	793
0	706
2	130
95	12
0	10
0	1006
0	1006
0	143
11	243
0	179
34	952
0	890
0	3
24	1505
0	52
0	129
0	607
19	720
0	720
20	603
19	586
10	514
27	0
0	132
0	11
4	139
93	173
20	90
3	241
0	12
82	214
0	232
26	13
0	103
0	103
2	70
8	84
0	11
1	1
0	99
0	47
0	30
0	30
0	97
0	0
0	10
0	10
0	0
4	0
1374	51
5	46
0	5
0	20
0	0
0	0
0	0
0	0
0	0
0	0
54	135
30	90
17	21
5	0
316	680
14	680
5	106
6	46
17	3768
15	3798
0	105
0	1935
0	1029
0	1634
35	46
5	432
0	160
0	19
7	63
0	108
0	26
0	31
0	3796
5	3523
3	401
0	208
0	374
0	169
0	93
0	2928
0	3261
231	44
0	36
9	0
1	7
3	0
69	562
10	562
0	47
0	2
0	562
0	0
0	0
0	0
0	0
0	275
0	7
0	0
18	15
0	0
12	129
0	119
0	73
0	73
0	24
0	36
0	20
0	17
0	11
4	851
0	580
0	338
0	548
0	530
0	336
0	486
0	523
0	0
0	0
0	0
0	0
0	0
0	0
0	0
0	0
1	0
0	50
5	50
9	0
0	0
0	0
2009	4616
50	4694
424	4643
0	224
0	303
0	77
6	127
10	298
0	120
30	201
3	290
2	100
0	263
0	112
0	63
0	201
11	284
4	55
0	48
5	0
7	0
0	0
8	20
0	79
1	79
0	0
0	0
0	20
9	43
9	0
0	79
0	32
426	2634
0	2428
14	2154
5	300
0	216
6	367
6	11
0	36
1	85
0	3
0	1
0	0
566	13
0	8
0	5
0	526
0	6
0	11
13	449
91	440
1	528
18	33
0	39
20	851
9	675
24	183
0	851
0	31
0	1261
89	1257
83	1260
7	301
0	286
0	241
0	164
1	169
0	156
0	1255
1	2015
0	578
2	310
0	219
4	164
10	43
10	55
0	0
11	13
1	13
1	2015
0	627
0	8
0	0
0	0
0	0
0	0
0	36
0	0
0	0
0	0
0	36
0	0
0	0
0	0
0	0
0	0
0	0
0	0
0	0
0	0
0	0
0	0
0	16
0	16
0	16
0	16
0	2
0	11
0	0
0	2
0	0
0	0
0	0
0	0
0	0
0	0
0	0
5	27
0	8537
2	5392
0	2742
11	8576
0	6117
0	6598
22	3587
0	7060
0	6654
0	6984
37	292
52	2933
58	2933
0	2381
0	31
0	0
0	0
0	31
0	0
68	3422
0	976
25	915
0	702
0	212
28	2292
4	995
6	21
17	164
52	40
11	64
2	15
0	26
0	71
0	28
5	24
0	45
0	9
11	17
0	30
1346	4857
760	2375
7	2120
11	1000
3	728
0	451
0	403
12	408
0	106
0	0
0	0
0	0
0	2402
49	152
0	0
0	74
0	152
0	106
0	71
0	92
4	216
0	259
2	227
8	278
0	0
0	0
0	0
0	0
0	0
0	0
0	0
0	0
0	0
0	0
0	0
0	0
0	0
0	0
0	4
0	175
0	165
67	279
0	43
0	39
0	0
0	0
1	9
55	1873
0	9
0	27
0	93
0	2
49	666
39	672
23	129
3	137
0	20
4	194
4	738
0	57
23	74
0	181
0	87
226	1754
0	1647
0	35
0	17
0	0
4	0
0	401
0	0
0	0
0	0
0	834
9	5
0	4
0	0
0	0
0	0
0	0
0	0
0	0
0	0
0	0
0	0
0	0
0	0
0	0
0	0
2	0
0	0
123	1303
0	762
0	971
7	856
0	1252
0	5298
0	3612
0	3446
0	129
21	5296
0	663
0	3476
0	3
13	1267
12	34
18	34
13	1
0	0
0	0
0	0
0	0
0	0
0	0
0	0
0	0
0	0
0	0
7	113
54	1781
200	1762
0	1778
0	1851
0	1857
0	2020
0	1908
0	1772
0	50
2	70
20	8
0	0
40	63
190	613
0	1884
0	0
493	0
0	2988
7	2727
12	2190
8	86
3	916
0	119
0	204
10	345
0	1957
1	2520
0	0
0	0
0	0
0	0
0	0
0	0
0	6
126	416
0	0
14	424
3	50
8	281
0	324
0	107
0	12
0	80
4	45
20	122
21	91
1	41
0	377
0	395
226	1307
10	48
0	36
0	630
23	143
0	3
17	523
0	197
0	137
22	0
0	0
13	578
14	535
0	194
0	317
0	561
9	62
11	527
0	81
0	0
0	394
0	127
23	818
1805	1425
5	434
0	114
3	41
33	1057
1	97
0	4
0	4
0	0
0	4
0	4
0	0
0	0
0	0
0	0
0	0
0	0
0	0
0	0
0	0
0	0
0	0
0	0
0	340
17	356
5	207
0	7
88	111
0	306
4	4253
0	3854
1	3534
0	9
0	233
0	421
0	33
0	4252
0	3857
0	1420
6	0
0	0
7	366
4	1210
0	549
0	419
18	872
0	476
2	403
0	176
6	102
58	400
0	751
1	130
0	40
0	30
0	39
0	39
0	0
498	1703
0	18
0	39
0	0
0	0
0	0
0	0
0	0
0	0
0	0
0	0
0	0
0	0
0	0
0	0
0	0
0	0
22	183
0	2
0	0
11	271
44	405
6	132
0	21
0	351
656	533
0	533
0	0
0	0
15	1056
6	237
11	1022
0	781
0	296
2	67
6	48
3	47
25	239
1	781
3	5285
0	845
2	654
71	472
200	540
55	4814
40	201
0	896
1	4129
0	909
97	2887
34	414
270	306
0	4
80	24
0	0
0	0
0	0
0	0
0	0
0	0
4533	352
191	999
0	0
0	18
0	0
0	0
0	0
0	0
0	664
0	74
4	563
26	624
0	0
0	257
25	7
0	291
0	270
0	217
0	18
3	29
0	16
0	187
0	183
0	171
5	9
1	673
0	32
0	0
0	8
0	0
0	0
0	0
0	0
0	24
0	0
0	0
0	0
0	0
6	4517
421	4448
128	4478
20	634
0	529
0	268
37	73
0	63
0	50
0	0
1	1937
44	332
0	0
0	50
43	2168
0	98
0	147
0	72
0	2105
17	2105
107	101
67	255
3086	2868
13	52
8	172
0	33
0	198
12	22
9	5
0	143
1	14
0	4
25	229
4	1340
0	97
18	0
0	154
0	2
0	0
0	0
28	1
183	177
121	4486
120	1170
0	384
7	385
0	290
0	252
98	4779
35	794
1	245
0	324
67	744
2	836
23	25
45	99
4	745
31	329
64	345
180	425
2	116
507	924
3	120
17	1003
0	528
76	391
10	1047
13	0
0	37
0	0
0	0
0	37
1	4506
0	2257
65	4738
48	1261
29	30
0	77
4	525
0	82
32	43
3	0
0	0
0	0
0	0
0	0
0	0
0	14
0	19
0	19
0	19
0	0
0	0
0	0
0	14
0	14
0	19
0	14
0	16
0	14
0	14
0	0
0	0
0	0
0	0
15	9
0	0
0	0
0	0
0	0
0	0
0	0
0	9
25	5
0	2
0	0
0	0
28	0
0	2
5	0
0	2
0	0
0	0
0	10
0	0
0	0
0	0
0	0
0	0
0	0
23	796
0	651
0	679
28	72
2	55
23	909
0	354
21	915
4	284
8	305
0	868
0	260
3	46
10	32
0	209
1	645
0	78
144	212
0	125
0	191
0	1130
0	5689
56	5663
0	0
0	174
7	108
19	5213
0	73
0	907
29	15
35	158
85	743
0	5663
0	782
26	105
0	53
0	0
0	0
0	16
0	15
0	3
0	17
0	3
0	21
12	226
23	226
0	59
3	4
18	9
0	9
0	737
61	357
0	33
1	321
0	29
1	19
11	32
0	32
11	27
5	101
31	108
184	1285
9	1290
0	1202
0	734
23	33
11	97
6	93
4	97
0	12
0	31
8	0
91	225
5	225
0	603
0	0
0	0
3	0
205	100
0	16
3	32
0	74
0	25
0	25
0	22
14	0
147	2537
23	1592
0	1171
4	956
0	111
3	0
0	138
0	20
5	78
0	17
0	2299
3	99
137	2310
9	237
18	107
0	2310
11	38
6	38
62	55
0	1
0	10
0	2
0	0
0	0
0	8
0	20
0	0
0	17
0	0
498	214
0	84
0	24
37	14
0	12
1	322
0	32
0	22
0	0
0	0
0	0
0	0
0	0
0	0
0	4
0	4
2	60
2	51
12	58
0	21
0	0
0	11
0	11
0	0
1	0
0	1
0	0
0	1
0	2033
0	1615
0	1865
0	12
0	0
0	0
0	0
0	12
0	0
0	0
38	1145
112	1265
0	205
1	170
1	161
0	7008
87	1675
24	214
0	163
0	223
42	14
0	6897
0	6976
0	1247
0	599
0	1154
7	81
0	78
26	1126
41	993
0	32
0	107
0	378
14	46
1	6
0	203
0	38
477	315
2	115
0	225
0	0
4788	1246
36	472
61	692
27	171
8	1160
16	1160
0	932
0	599
13	711
0	609
0	431
6	0
0	450
0	242
0	60
0	11
0	74
0	0
0	0
0	0
0	0
0	0
25	849
4	194
0	821
0	596
0	442
0	598
9	47
0	0
0	783
0	780
2240	221
0	166
7	0
0	30
268	651
0	428
0	38
0	0
0	0
0	72
0	150
0	34
8	45
0	69
0	56
0	45
0	42
4	149
0	64
2	80
0	90
0	70
0	95
0	78
9	69
0	0
8	228
45	215
5	186
10	188
0	154
7	209
2	207
0	176
6	211
0	162
29	69
3	152
2	101
0	43
8	45
6	14
0	35
0	2
0	2
0	0
0	0
0	0
0	0
0	2144
0	749
0	266
1	2200
0	0
0	0
0	0
0	0
15	1038
0	0
0	0
0	0
0	0
0	0
6	1609
60	1378
0	1221
83	1253
0	805
0	217
0	191
6	829
0	635
0	522
0	348
0	109
4	5
25	65
1	29
0	0
0	0
0	1458
14	27
0	12
0	18
0	18
0	17
0	3
0	3
0	3
0	13
0	0
0	0
0	0
0	15
0	0
0	0
0	9
0	9
0	9
0	88
0	6
0	6
0	0
5	0
0	0
0	0
0	6
0	0
0	0
0	0
0	0
0	0
0	0
0	0
0	0
0	0
1	117
0	334
572	3010
0	2128
0	420
229	2420
0	2342
143	2412
0	2385
14	2428
0	2472
0	2413
0	2313
13	2411
53	2352
0	2462
1	2435
0	2088
11	264
0	334
61	243
0	64
131	77
31	36
16	152
5	111
1	94
235	115
2	15
0	3
0	1
0	3
1	12
130	1811
14	1792
15	228
2	495
4	285
248	696
3	377
15	308
53	120
0	58
0	1140
0	276
6	40
95	71
149	435
43	1641
4	205
16	584
3	150
0	235
32	157
2	8
31	881
0	847
0	485
10	831
0	328
0	413
1	0
0	62
0	23
0	27
14	89
0	34
0	865
0	485
900	836
78	403
19	32
7	218
7	639
0	61
9	235
23	26
0	42
9	182
0	112
5	34
0	130
0	9
3	0
0	2
0	2
148	1082
0	208
0	552
0	551
0	1066
1	316
0	905
24	578
0	1113
7	10
0	336
0	828
0	0
0	0
171	3450
0	0
0	0
0	0
0	0
0	0
0	0
0	5
0	3
0	0
0	2
0	2
0	2
0	3
0	0
0	3964
34	3972
0	3972
0	3119
57	2851
13	2534
20	2180
0	289
39	1502
186	681
99	255
28	312
8	0
0	0
0	0
0	0
14	8436
0	247
5	8436
0	0
0	35
0	197
333	1394
0	621
0	113
0	78
0	76
0	73
0	284
7	0
0	0
30	3204
0	2
58	542
0	586
1	435
3	471
0	96
0	271
0	186
3	132
0	127
0	87
0	21
49	1316
21	1316
0	186
2	36
16	144
0	120
0	34
152	691
24	521
0	11
676	429
5	458
0	361
37	328
0	254
25	495
0	156
0	445
0	65
8	7
2499	1533
0	422
19	101
0	307
0	229
0	145
3	548
2	103
1	101
1	101
9	29
0	0
0	0
0	0
0	0
0	0
0	0
0	0
0	0
0	0
0	5452
0	5156
0	0
0	0
0	0
0	0
0	0
0	0
0	0
0	0
0	0
0	0
0	0
0	0
0	0
0	0
0	0
678	7223
3	22114
0	27425
608	5884
0	21191
1	17279
5	17000
0	16095
140	213
144	15089
1	232
102	264
7	7795
20	3172
21	1481
0	3265
0	3132
0	2812
35	4574
11	606
0	136
0	21897
3	22139
25	22315
0	13399
0	389
0	389
0	10
0	7
0	0
0	0
0	0
0	0
3	210
0	244
1	200
3	39
0	38
0	12
6	0
8	38
15	21
0	0
0	0
0	0
0	0
0	115
1028	836
6	660
6	32
9	66
1	0
6	30
8731	1130
11	750
16	208
31	176
0	67
0	1
19	31
52	52
0	0
0	0
0	0
0	0
0	0
0	0
0	0
255	4978
55	2358
20	972
21	2418
2	828
0	588
6	339
0	293
0	459
0	0
0	0
0	0
0	0
0	0
0	0
0	0
0	0
0	0
0	0
0	0
0	0
0	0
0	0
0	0
0	8
0	0
163	643
2	185
315	4802
90	2054
8	553
21	539
0	237
8	6
27	109
3	109
0	0
0	0
1940	479
1	346
5	506
0	0
0	3
0	1502
0	1502
0	0
40	3201
0	5647
0	5484
0	3024
3	1953
3	157
0	3295
216	5200
16	2420
0	2669
0	123
0	3
0	3
0	91
144	948
65	514
10	42
116	19
0	248
31	403
0	0
0	13
0	13
54	28460
56	27157
0	1281
0	2196
16	4
0	3
0	1
0	0
0	0
0	2
0	2
0	0
0	0
0	0
0	0
0	0
14	494
26	468
8	213
0	178
0	22
19	22
0	16
0	0
0	23
0	75
0	0
1	45
0	75
16	5
0	5
4748	0
0	74
73	1724
3	13
20	1727
3	194
0	4877
0	61
0	4956
61	5007
4	4915
36	5004
0	508
0	111
0	0
2	40
0	286
39	439
0	163
25	318
0	9
0	723
70	24
48	181
109	116
1	49
53	2146
3	1091
0	0
0	0
0	0
49	574
31	600
177	713
0	161
0	71
26	139
0	127
0	17
0	1
0	1
23	255
15	91
0	126
0	1795
0	169
0	483
67	3856
0	2648
0	289
0	213
0	3724
0	534
12	364
0	3715
0	2696
170	164
0	103
0	72
0	51
0	12
0	12
0	0
1	4
0	4
0	425
0	0
0	0
0	0
0	0
2	47
0	298
0	0
0	86
0	6
0	21
0	1123
250	554
0	490
2	12
0	1144
0	22
0	307
0	238
0	238
0	270
0	10
3	0
9	433
0	380
0	55
0	0
0	11
0	1172
26	5381
44	7201
0	6018
0	1215
102	1014
0	3952
960	811
0	5506
92	7542
0	751
138	1776
0	4456
0	1885
0	199
0	974
32	979
96	1344
73	1350
0	174
13	207
0	697
12	912
0	1548
5	331
3	187
20	308
25	673
0	63
1	40
3	398
0	40
0	398
0	218
0	816
0	883
0	999
4	887
0	754
0	347
0	72
3	187
40	257
0	237
0	223
0	219
0	186
3	132
0	28
0	28
15	57
7	0
29	0
0	10783
0	31
0	10753
0	4
4	2227
21	20
0	3834
0	2285
3	145
8	0
0	10788
9	10621
181	3488
788	4237
0	1363
44	963
977	3159
2	823
0	1
0	0
0	0
95	1437
28	200
0	977
0	152
10	1305
302	1303
0	247
14	97
35	93
0	0
14	959
0	736
0	507
0	468
0	697
19	679
0	274
0	308
0	254
1	152
0	20
0	24
0	27
0	84
0	89
0	0
0	80
0	145
40	56
10	32
9	2
0	2
0	270
1	522
0	415
0	395
0	159
0	0
0	0
0	0
0	0
0	0
0	0
0	0
2	1098
5	15
0	15
0	6
0	15
0	15
0	0
0	3
0	3
425	534
0	0
0	21
0	382
3	167
10	270
6	51
0	425
0	0
0	0
0	425
75	859
0	0
0	17
0	0
0	29
0	6
0	23
0	3481
0	3458
31	3099
0	3459
0	3199
0	144
0	535
0	974
0	362
2	107
0	67
2	4
39	565
4	2639
0	3470
0	3799
28	1779
0	1835
0	147
2	46
0	1207
7	210
11	208
121	1776
31	1776
3	190
2	103
0	0
1	0
0	0
14	2
13	13
41	13
121	9
0	0
11	2448
12	103
1	32
14	2429
0	8
0	6
0	0
0	88
0	7
0	7
0	9
21	9
0	9
0	7
0	0
0	9
0	7
0	9
11	248
2	53
0	2
0	0
0	0
0	0
0	0
0	0
0	0
0	0
0	0
2	50
0	0
0	50
0	2
0	0
0	0
0	220
0	68
0	68
0	68
0	68
9	0
0	0
0	410
0	0
0	103
0	270
0	0
0	0
3	399
2	410
2	152
0	397
233	544
340	134
0	37
0	0
0	0
33	107405
0	138745
0	98315
2662	247930
270	968
0	62025
1095	66231
1	124373
3	68
220	342
0	24
0	8
9	50
0	8
0	153
0	153
0	0
0	0
1	91
4	8
0	13
0	83
0	0
0	0
0	0
0	0
0	0
0	0
0	0
0	0
4655	75
0	75
0	21
0	21
0	47
0	165
0	149
0	152
0	114
0	29
0	123
0	43
0	33
0	91
0	47
0	127
0	28
0	119
0	12
0	19
0	98
0	128
0	128
0	36
0	35
0	35
2	20
5	120
0	83
0	138
0	138
0	35
9	19
0	53
37	1709
0	0
156	1236
0	0
0	0
0	0
0	0
0	0
0	0
0	0
2	7
3	2174
0	33
0	102
19	37
3	44
5	8
14	3
0	2174
0	0
0	0
0	0
0	0
255	2019
5	1864
0	971
128	786
0	217
2	12
0	0
25	0
13	0
18	0
3	0
0	0
15	0
11	0
2	0
0	0
0	12
865	0
159	316
0	199
15	121
0	77
0	309
0	78
35	27
1282	1591
0	49
3	684
4	5577
0	809
64	217
456	6462
21	151
70	1314
0	68
0	44
0	198
0	27
0	25
0	9
3	51
0	0
0	0
0	0
0	0
0	0
0	0
0	0
0	0
0	0
0	0
0	0
0	0
0	60
0	14
0	57
8	24
0	63
0	69
61	0
0	0
0	1
0	0
0	0
0	0
0	11
0	0
0	0
0	0
0	73
0	79
0	79
0	60
0	1
0	0
5	1
0	7
0	0
0	0
0	0
57	668
0	0
0	1
0	0
0	0
0	0
0	0
0	0
0	0
0	0
0	0
0	0
0	1
0	0
0	0
0	0
0	0
0	7
0	0
0	0
4	0
0	0
0	0
0	0
0	0
0	0
0	288
0	4
0	4
0	4
0	4
0	0
0	0
0	0
0	0
0	0
0	0
0	905
0	71
0	57
0	146
18	905
0	330
0	563
0	905
0	98
0	0
2	5
9	5
18	2014
0	1677
3	1612
0	1626
0	9
0	40
0	1289
0	1355
4	1839
1	6
29	20
12	1139
0	134
0	106
0	10
0	10
0	0
0	13
0	0
1	28
0	0
0	134
0	0
0	0
0	0
0	0
0	1
0	0
0	0
0	0
0	0
230	4
0	0
0	4
2	537
120	537
0	447
0	84
73	450
43	23
1	211
0	2
0	2
0	4
0	0
0	0
0	0
0	0
0	0
0	0
0	0
0	0
0	0
0	0
0	0
0	0
0	0
0	0
0	0
0	0
0	0
0	0
0	0
0	0
0	0
0	0
0	8
0	9
0	239
0	106
0	0
9	422
0	0
0	519
0	519
0	0
0	0
0	0
0	519
0	0
0	0
0	0
0	0
0	0
0	0
0	0
0	0
0	0
230	1273
0	472
12	775
0	40
0	59
0	230
0	42
0	27
2	380
0	1091
3	0
2	154
35	730
1	69
5	681
0	203
0	133
1	86
0	32
0	121
1	32
0	179
0	45
0	7
0	14
0	282
0	290
0	927
1	505
10	54
0	85
0	877
51	1395
0	44
32	1393
11	74
0	100
0	0
0	460
2	959
0	18
0	7
419	1047
50	766
7	9
0	186
0	316
0	191
0	1241
0	333
13	389
0	269
0	1015
0	203
3	280
0	52
4	192
0	220
0	216
16	162
25	548
5	67
1	245
1	245
0	0
408	572
0	558
0	222
0	15
7	0
0	5
3	56
0	0
0	78
2	78
1	78
0	78
9	78
0	85
0	78
0	85
0	78
0	58
1	48
0	45
0	0
17	155
0	58
46	297
11	2
0	297
570	288
0	33
13	261
2	255
0	76
0	45
0	38
0	23
0	14
0	6
0	0
70	8074
436	237
770	10422
43	450
92	2673
4	495
44	601
11	598
31	78
767	366
3028	11051
918	10566
184	3586
1	887
260	5998
10	2496
0	6
6	6
0	6
0	6
0	6
0	6
28	5
79	91
0	27
64	108
0	34
0	48
0	28
0	9
0	7
0	18
0	0
0	0
0	0
0	0
0	0
6	55
0	0
0	0
0	0
1550	158
0	18
192	18
13	234
0	2073
57	66
6	1322
1	335
0	97
169	1715
3	1775
13	1715
0	4
2	4
23	2788
75	19
0	2771
3	196
17	84
24	31
8	107
30	15
82	696
98	558
0	66
11	331
23	154
0	2525
1102	1645
75	479
0	125
2	3
0	254
5	20
1	105
3	63
24	574
0	64
0	3
0	3
2	319
102	1308
13	701
0	1133
0	1187
0	20
53	156
16	183
1	98
51	94
43	0
13	162
54	11268
0	17740
356	9986
0	884
1	6589
0	4104
28	989
34	14140
0	3215
3621	1364
0	56
10	1214
74	49
0	3
0	409
8	823
7	494
42	615
24	992
1	303
0	71
0	152
11	0
1	117
0	38
4	139
16	139
0	125
90	4640
18	4681
31	1932
0	884
1	3897
27	238
0	345
0	130
11	67
0	32
0	16
0	1
0	0
0	148
0	268
0	265
12	277
166	376
9	311
7	110
5	69
0	23
5	36
0	26
0	30
14	16
12	46
0	284
0	0
0	0
0	0
0	0
0	0
0	0
0	0
0	0
0	0
0	853
37	1066
11	1280
105	50
0	962
14	50
0	220
13	303
29	8
0	366
32	404
559	12331
0	6567
0	12335
317	862
15	204
0	340
0	536
2	464
0	195
0	818
6	130
7	189
0	199
25	279
0	965
0	773
207	1231
0	978
8	157
6	77
29	178
0	811
0	50
3	70
0	185
3	158
0	224
0	359
0	77
0	0
36	32
31	316
0	213
0	107
0	3
0	3
0	0
438	2346
11	618
11	88
0	2052
1	461
0	1942
11	300
73	59
0	266
106	965
4	414
42	310
0	564
6	1033
12	1059
0	11
5	16
0	1
0	4
0	49
0	12
0	9
3	0
0	0
7	11
0	4
0	0
217	263
6	116
1	60
13	191
25	55
0	154
3139	13976
14	933
0	13976
6	111
20	1
0	104
14	93
25	1665
0	0
0	0
0	0
0	0
0	0
0	0
0	0
0	0
0	0
0	0
1186	22849
15	21128
0	20665
4	904
39	764
12	234
33	2314
73	718
0	3157
41	10
12	362
3	289
7	385
2	280
0	291
2	155
0	65
18	88
0	0
0	0
0	0
0	12407
0	10184
2	12589
0	13170
0	12486
8	4992
5	12550
0	7419
0	8062
0	743
0	251
2	367
0	1002
0	286
0	806
0	218
9	118
0	998
0	0
0	0
0	0
0	0
0	0
7	1307
22	1313
0	1216
0	905
3	858
1	236
13	192
0	122
0	72
14	23
0	2
0	321
0	83
7	340
0	0
0	0
1	0
0	0
10	113
0	41
8	67
2	60
4	58
0	16
0	10
0	17
0	13
0	13
0	11
0	15
0	9
0	7
11	0
44	84
0	11
17	2551
30	1122
0	56
0	3
0	1031
9	81
5	2550
0	2371
39	670
1	394
0	680
3	3
0	60
3	15
0	55
28	693
0	655
0	186
82	2432
181	2508
64	814
10	37
237	118
11	114
0	56
7	79
0	40
82	182
20	66
41	110
0	67
5	43
15	0
0	0
0	0
0	0
0	0
0	0
0	0
0	0
0	0
0	0
0	0
0	0
0	0
0	0
0	0
0	0
12	90
0	0
24	90
0	9
3	185
0	0
0	0
0	0
56	359
170	1447
53	195
3	1229
0	415
0	430
0	527
0	404
17	90
0	0
0	27
0	27
0	32
530	978
0	27
1388	2444
0	314
71	453
22	66
10	76
0	7
8	100
12	66
63	929
25	1247
14	80
18	12
0	131
0	0
0	7
0	20
0	36
0	29
3	132
0	12
0	19
0	0
0	12
0	0
1	18
0	0
0	0
0	0
18	270
0	270
1	81
6	81
410	115
4	11
0	293
789	0
2	2118
0	150
48	1276
3	74
1	1193
0	1204
0	352
17	465
0	1344
6	129
0	3
0	0
0	0
13	332
0	342
5	55
0	17
0	10
10	59
787	800
0	257
0	81
14	10
7	122
13	0
37	335
3	31
8	0
23	0
6	123
3	572
0	0
0	0
1	1
0	0
0	0
0	0
0	0
0	0
0	0
0	0
0	0
0	0
0	0
69	0
0	0
0	0
0	0
0	0
0	0
0	0
0	0
0	0
0	0
0	0
34	143
8	960
0	935
0	954
1	71
0	186
18	63
0	937
0	0
0	51
16	84
6	13
2	34
0	2
0	33
0	2
0	0
0	2
10	214
3	96
22	251
3	0
0	44
0	2442
20	2396
0	49
5	2197
0	2457
0	33
6	58
1	2423
0	17
0	38
0	47
0	18
0	3
0	3
0	3
0	0
0	102
8	2341
0	2128
0	60
0	29
12	16
16	74
0	13
0	2443
0	0
0	0
0	0
54	14
0	5
0	9
0	0
2531	2466
9	2477
97	363
0	6275
0	10810
0	10382
0	0
2	1
0	31
18	7
0	9
0	31
0	0
0	0
1	8418
79	8046
0	5447
37	712
188	267
1	1026
278	984
45	762
0	365
33	620
16	976
8	455
0	274
0	525
17	292
0	294
0	239
0	259
15	12
0	0
0	12
0	0
0	0
30	38
0	3
0	3
0	0
0	0
0	0
0	0
0	3
0	70
0	120
364	133
0	102
0	0
430	620
0	0
0	0
0	0
0	0
0	0
0	0
0	0
0	0
140	4267
0	331
0	0
67	827
64	853
0	133
19	41
1	1156
1824	1156
49	1
0	1
0	1
0	1
0	1
0	0
0	100
0	0
0	0
0	0
0	0
0	0
0	0
0	0
9	3298
46	7505
17	226
0	4073
7	46
9	211
36	7497
2	29
0	126
0	31
0	2
0	11
0	84
0	103
0	13
0	96
0	11
0	79
0	100
0	20
11	107
0	124
0	32
0	11
0	80
0	3
0	0
13	31
0	13
0	124
0	0
0	0
0	0
0	0
0	0
0	0
0	0
0	0
0	0
0	0
0	0
0	0
0	0
0	0
159	2151
0	28000
542	4242
83	560
57	19384
0	28572
41	77
4	1273
11	2544
13	25897
0	19981
0	25464
0	1776
0	2768
0	2065
6	2583
0	973
0	4892
624	20111
0	27660
0	26262
4	26382
45	25635
0	28577
77	3817
102	3817
11	857
0	692
0	18
0	16
0	14
0	16
0	0
0	0
0	0
0	0
0	0
489	1186
1	190
16	45
0	1128
13	51
3	41
0	99
0	65
0	13
0	0
0	0
0	1352
5	2257
0	27
2	696
4	623
0	536
0	633
8	0
0	607
8	20
5	103
50	103
205	210
6	151
0	115
8	0
0	0
0	84
0	0
0	0
0	0
0	0
0	0
0	0
0	0
0	0
0	0
33	3446
1	3410
84	1178
42	830
19	463
1329	257
3	257
4	16
741	367
3	272
0	21
140	94
10	871
0	0
0	0
0	0
0	83
0	810
7	0
15	821
2	3349
0	0
0	0
0	0
2	42
0	0
0	0
89	497
18	424
1	91
0	122
0	70
0	1
5	2
6	2
0	2
0	2
6	101
0	3
0	14
6	86
748	318
0	150
1	213
13	42
0	72
27	325
0	325
132	272
0	325
0	207
12	942
83	1167
9	1113
0	1085
5	1108
0	802
1	75
0	144
0	75
6	12
0	109
0	6
0	3753
0	3473
0	3435
0	3235
12	2922
0	3453
4	3271
9	1861
0	2810
13	780
0	3
16	0
0	0
0	0
0	2
219	828
25	521
0	158
0	68
0	99
0	0
0	73
15	448
303	254
12	234
10	0
0	53
0	53
41	71
180	912
0	1149
21	453
73	58
5	1037
64	118
14	256
0	639
290	709
1	785
0	980
0	914
0	0
0	0
0	0
0	0
40	82
10	620
0	767
0	64
0	131
0	559
0	433
0	81
0	153
10	249
0	235
24	192
5	134
32	338
219	614
0	351
0	60
4	120
5	74
5	270
10	33
0	136
0	32
2	39
0	10
2	41
0	10
0	0
0	41
0	367
3	1700
0	1713
1061	2101
0	8
156	57
6	33
0	0
0	19
0	0
0	0
0	0
2	6362
0	6
0	18
0	6
0	18
1	6
0	6
1	0
0	16
1	639
0	29
35	635
0	140
0	175
0	75
0	97
0	94
0	94
275	1266
0	1266
1	169
6	168
35	0
0	823
0	890
0	938
0	864
0	936
0	924
0	925
63	866
0	849
61	889
0	913
8	243
2	58
0	157
0	71
0	71
0	890
26	906
0	890
819	1631
0	1615
0	1367
0	1442
14	1593
9	1288
22	191
2	22
14	35
0	136
7	657
12	279
0	33
0	20
0	163
0	56
11	69
8	2
0	0
0	0
0	0
0	0
236	452
0	0
0	0
797	215
0	56
0	93
21	68
26	150
1266	8385
0	1007
968	8530
0	152
576	843
0	989
176	2069
4	816
0	1858
0	253
0	587
0	1911
21	9
25	364
0	119
9	589
42	106
0	3414
0	2484
0	825
0	27
288	7438
0	58
1	7744
93	1356
0	900
175	273
4	1968
0	437
0	842
0	897
0	536
0	0
0	0
0	22
0	22
0	18
0	18
0	0
0	0
0	22
0	0
194	12615
1507	8132
2	9199
51	7655
14	1462
166	3651
445	3759
14	1704
39	955
5	506
56	967
3	196
52	1611
1	1193
6	410
4	175
0	186
0	503
0	656
0	818
0	14
11	568
0	346
31	523
0	2401
49	158
0	596
0	432
0	230
0	38
0	2314
0	381
0	19
68	158
350	409
0	56
9	1538
17	47
28	1147
0	1347
0	1423
0	69
0	82
0	12
16	82
0	82
0	12
7	11
5	723
86	1480
0	1087
0	91
0	818
13	319
0	414
12	249
57	87
0	0
0	0
0	0
0	0
0	0
0	0
688	2560
26	2475
29	74
0	2280
0	2096
27	692
37	411
10	411
2	305
122	917
0	1710
23	217
0	64
2	286
18	119
0	299
98	1639
0	1298
17	1115
17	1039
0	1139
0	1097
0	7
0	7
0	0
0	0
0	0
0	0
0	0
0	0
0	0
0	0
0	0
0	0
0	0
0	0
0	0
0	0
0	0
0	0
0	0
0	0
16	56
17	2243
45	257
70	2419
4	2529
57	3092
30	205
0	1374
31	153
18	2045
0	251
0	76
0	1319
92	1334
0	340
0	136
165	681
18	0
0	335
0	125
0	2251
102	1485
41	715
0	97
0	48
0	45
0	2
6	31
0	692
0	0
4	916
302	2490
0	365
45	1104
0	517
0	13
0	26
0	21
0	13
4	0
185	241
3	16
0	27
0	13
0	6
160	20
0	20
0	1
0	1
0	1
0	27
0	0
0	2087
0	1669
0	1929
0	0
0	0
0	0
0	0
0	57
0	52
0	747
8	1
0	520
0	565
0	53
2	1223
0	820
4	33
5	40
0	32
16	50
0	565
0	0
0	0
0	0
5	0
0	0
0	0
0	0
0	0
0	6337
4386	5776
0	6282
0	5721
0	12
7	40
0	61
0	2
0	6
0	2
0	4
18	0
0	0
3	0
0	0
0	65
0	71
0	0
10	0
0	0
0	0
0	0
3	0
0	10
0	0
0	10
2180	544
8	472
0	57
3	22
5	70
0	0
404	338
0	261
0	93
5	76
0	0
0	30
87	154
365	394
1	278
0	36
15	0
5	457
0	484
0	449
0	519
0	483
1	56
0	45
0	15
0	0
0	0
1	215
0	57
0	58
0	32
0	43
0	19
0	45
0	44
0	0
0	0
0	1
0	0
0	1
0	0
4	99
0	27
0	99
0	41
0	0
0	0
0	0
35	109
0	0
7	88
0	18
0	27
0	19
0	35
27	84
7	13
0	13
0	13
0	13
0	0
0	19
0	19
0	0
0	0
0	0
0	0
0	19
476	3520
14	3511
13	47
0	986
5	354
8	27
7	68
0	44
0	81
0	88
24	275
0	343
0	272
0	58
0	0
0	16
20	32
0	265
0	31
0	0
0	8
0	95
0	7
9	15
1	3
0	310
51	312
1	186
0	312
0	0
2	1
0	0
176	63282
133	35603
3	2841
0	32535
3	14592
42	8034
459	8605
0	1402
1	38565
67	30404
113	24611
0	20397
188	9558
72	49298
40	571
27	571
0	44
0	80
0	230
0	0
0	458
0	25
0	479
8	42
0	508
0	182
0	32
0	125
10	151
27	0
0	149
0	120
0	19
0	32
0	131
0	12
0	22
0	128
0	7
0	127
0	593
0	593
0	0
0	0
0	3
0	0
0	0
0	0
0	0
0	0
0	0
0	0
753	1312
3	788
0	824
12	287
7	888
27	641
31	79
0	243
115	1312
0	0
0	0
3	748
0	0
21	101
15	21
70	237
76	2348
22	164
4	1931
5	296
25	2065
12	286
28	209
13	1467
57	5
2	2026
0	41
0	41
5	1
0	0
0	0
0	0
0	0
0	0
0	0
0	0
0	0
0	0
210	4844
0	2256
0	1723
0	497
9	948
0	897
40	1008
0	292
0	295
0	4026
0	1
0	3063
7	295
0	2683
9	2591
0	2727
222	1896
19	43
84	108
8	2513
0	22
0	22
0	1
0	16
0	0
0	0
665	171
0	0
21	838
8	719
0	240
36	2115
0	3466
0	1613
0	3110
0	3474
0	3439
5	452
0	94
0	150
0	39
0	344
5	45
2	319
0	254
0	5
0	3412
0	0
0	0
0	0
0	0
0	0
0	0
0	0
0	0
0	0
0	0
244	28
0	28
0	22
0	34
0	0
118	14803
550	15184
0	1997
1	1552
5	759
0	552
1	147
8	21
16	2562
3	362
0	162
5	84
0	12
0	58
0	2434
0	158
0	0
2	143
0	142
0	140
0	0
0	0
0	136
7	0
9	0
6	0
0	143
1014	2589
11	1952
9	1439
0	1080
2	1320
15	1081
289	62
0	2
0	557
2	382
2	257
0	139
0	82
0	91
0	30
7	56
0	9
0	35
0	15
0	41
0	9
27	0
0	42
3	48
0	8
3	7
418	96
3	34
5	34
0	34
0	34
0	0
0	0
0	0
0	0
0	0
0	185
0	185
0	0
10	877
72	2535
12	2001
5	1582
69	521
247	1150
0	0
0	0
0	0
0	0
5	314
0	0
0	0
0	248
17	1187
0	429
0	387
158	103
167	182
4	123
18	80
0	428
5068	2887
119	218
0	598
0	49
0	1076
5	161
77	724
31	100
0	17
3	109
0	1077
14	349
0	14
37	395
0	103
0	116
0	0
579	1564
74	1321
41	148
5	9
39	1479
0	1669
0	1590
0	1740
0	1616
0	13
0	13
12	350
0	0
0	0
2	0
0	0
0	0
0	0
0	0
6	36
0	171
0	20
0	20
0	0
0	20
0	20
0	20
0	0
0	0
0	0
1	0
0	0
0	0
0	0
0	0
0	0
0	0
0	0
0	0
0	0
0	0
0	0
0	0
7	0
0	0
0	0
29	1638
0	0
1	0
4654	316
2	316
0	2223
54	692
4	6
0	626
0	85
0	13
0	0
0	13
0	0
24	517
381	695
0	0
0	67
0	368
12	55
0	142
0	91
4	119
5	94
0	39
0	25
0	141
0	59
0	28
0	42
0	17
0	10
0	1
5	33
0	368
0	0
0	0
0	0
294	72
85	9
13	4
419	67
0	52
0	45
0	32
0	20
0	1
19	81
0	37
3	76
0	2
0	0
0	0
0	0
0	0
0	0
0	0
0	0
0	0
0	0
0	152
30	1406
20	660
24	217
0	1123
0	208
5	76
0	50
0	0
9773	1239
16	142
29	103
14	0
0	0
2	0
0	715
242	713
0	140
3	774
346	1976
374	1976
0	276
4	154
0	382
23	2
0	0
0	0
0	0
0	0
0	0
0	0
0	8
5	16
11	13
0	10
0	0
51	665
91	919
25	817
15	119
0	115
15	7
12	46
6	4
2	22
106	1437
0	1117
0	1063
5	810
21	765
0	1
17	49
6	16
12	77
0	61
0	167
0	37
3	0
4	0
8	6
0	111
0	111
0	0
0	6
0	0
0	0
0	0
0	0
1	703
0	1584
0	1358
0	374
0	1040
0	1149
0	1396
0	1520
0	234
0	637
0	711
12	204
13	36
0	375
5	49
0	28
5	16
0	287
0	407
20	240
1	170
76	387
14	172
0	120
13	172
1	170
0	108
8	52
0	79
37	19
6	63
34	76
0	1427
0	1525
0	1490
0	1285
0	34
0	162
0	177
3	205
0	35
0	31
18	37
2	7
0	7
0	107
0	76
0	164
0	0
0	24
0	182
0	90
0	44
0	8
1	36
0	0
3	8
0	0
0	0
0	6
62	246
4	66
0	68
0	68
0	66
3	122
0	100
0	374
0	503
0	348
3	352
0	160
0	376
0	109
0	30
0	53
0	44
34	11
0	452
0	0
0	0
0	0
0	0
0	0
0	0
0	0
0	0
0	0
0	0
0	0
0	0
0	0
0	0
4	161
0	135
0	1009
0	933
0	330
0	959
0	277
0	58
0	33
4	48
0	873
22	30
16	844
0	969
0	908
0	165
0	165
1585	1966
0	1045
0	1123
0	1256
3	1277
33	2831
0	1680
0	2321
69	1053
9	685
49	63
0	148
5	148
131	547
9	547
28	69
96	198
14	128
0	111
13	55
0	0
0	0
0	0
1433	1360
8	1128
16	55
108	1241
0	901
0	1048
2	588
5	48
0	410
125	395
1	900
43	631
0	469
0	94
0	75
1	78
7	67
10	3
8	172
14	197
0	134
0	121
2	104
0	82
0	31
3	30
0	14
0	229
0	0
0	0
0	0
0	0
0	0
0	0
0	0
0	0
0	0
7	0
21	810
46	36
869	817
12	138
0	112
0	81
2	0
2	0
0	0
0	0
0	0
0	0
0	3
0	0
0	0
0	3
0	0
0	0
0	0
0	0
0	0
0	0
0	0
0	0
0	0
0	0
0	0
0	0
0	0
0	0
0	0
0	0
0	0
0	0
0	3
0	3
0	3
0	0
0	0
0	0
0	0
0	0
0	0
0	0
0	0
0	0
0	0
0	14
0	7
0	29
0	7
5	79
10	17
0	5
0	65
0	0
0	58
0	0
0	0
0	0
0	16
0	16
7	0
0	0
0	4
0	16
0	16
0	0
0	0
0	10
0	0
0	0
0	37
0	47
0	0
14	58
0	37
10	18
0	42
0	42
0	0
2	3
4	3
0	0
0	0
0	24
0	5
0	0
0	0
0	0
0	0
24	6228
37	6666
0	3836
1	1099
14	256
5	31
0	1176
0	0
0	0
0	0
0	0
0	0
0	0
0	0
0	0
0	0
0	0
0	0
0	0
0	0
0	0
0	0
0	0
0	0
54	129
8	453
0	52
0	0
1	0
0	0
0	731
8	145
6	324
0	242
13	98
0	0
0	0
0	0
0	37
642	0
1	19
40	1296
7	1184
1	1112
0	883
0	64
6	73
13	9
163	106
2	121
23	107
5	1233
0	26
0	26
0	1
0	3
0	2
34	2
0	0
57	468
1	0
0	0
0	0
5	551
0	369
0	132
17	543
0	0
0	0
0	0
0	0
0	0
0	0
0	0
0	0
0	0
0	0
0	0
0	3073
0	3067
0	1524
0	1542
0	1033
0	106
0	226
0	136
0	74
0	162
0	46
0	95
0	16
0	14
0	16
0	0
0	0
0	0
0	0
0	0
0	0
0	208
0	1467
37	928
0	1424
0	1580
0	1470
0	1149
0	734
0	0
1	1004
13	1168
213	1152
7	817
7	655
0	76
4	0
449	342
5	0
0	105
3	123
483	7950
2	1717
7	7088
12	2081
0	12
11	6
0	0
0	6
0	50
0	50
0	1
0	1
0	0
3	0
0	0
0	0
0	0
0	0
0	0
0	0
0	0
0	0
0	0
0	66
3	68
0	14
0	20
0	0
3	274
0	22
0	66
8	159
81	416
9	150
2	285
0	33
0	49
150	525
17	641
0	273
0	304
0	77
5	36
0	158
0	220
17	157
0	230
5	21
5	221
7	26
0	175
0	2
0	48
0	59
11	47
0	19
4	61
0	15
0	529
6	12
3	126
5	477
0	117
8	233
5	460
0	16
0	39
0	413
0	249
1	199
19	166
1	0
0	0
0	0
0	0
0	0
0	0
0	1309
29	976
0	129
0	58
0	34
0	18
0	0
0	5
815	742
0	433
0	127
28	65
0	0
0	0
0	9
0	47
0	74
0	0
25	859
12	903
0	19
0	19
0	10
0	0
6	29
0	29
0	9
0	0
0	0
0	0
0	0
0	0
0	0
0	0
0	0
0	0
0	0
0	0
0	0
0	73
0	19
0	0
0	0
0	0
0	0
0	1
0	0
0	1
0	0
0	1
0	0
0	0
0	0
0	0
0	0
0	0
0	0
0	0
0	0
0	0
0	0
0	0
0	0
4899	285
7	134
0	19
0	0
0	0
0	0
0	0
0	0
0	0
0	0
0	0
0	0
0	519
10	559
8	240
9	192
4	585
3	31
0	0
0	43
5	4
0	28
0	127
0	151
71	1750
0	1875
0	0
0	587
0	1378
88	367
0	1896
0	0
4	129
0	72
0	367
3	117
0	108
0	21
0	40
0	8
0	76
15	498
0	0
0	0
0	0
0	0
0	0
0	0
0	0
14	366
0	0
0	0
0	0
0	89
0	55
0	62
5	51
0	35
0	20
0	79
0	0
3	11
0	0
0	3
0	0
0	3
0	123
19	152
6	75
0	16
0	19
0	18
4	19
0	0
0	0
0	0
0	0
0	0
0	0
0	0
0	0
0	0
0	0
0	0
0	0
3	310
0	0
0	0
0	0
0	0
0	0
0	0
0	0
0	0
0	0
0	0
0	0
0	0
0	0
0	437
0	0
0	0
10	274
0	356
119	413
0	118
0	193
6	65
0	289
0	121
0	26
53	96
0	437
0	30
0	87
4	12
0	42
0	43
0	43
0	26
0	0
0	0
188	1
0	1
0	34
0	0
0	34
0	0
0	0
0	161
5	208
0	0
0	0
0	6599
2	6575
0	2665
0	1804
1	244
98	1326
37	3
0	1114
0	6599
0	5091
123	1797
0	65
0	633
0	854
0	480
7	1084
0	29
1	161
0	10
0	0
11	0
0	0
0	0
2	7
0	0
9	38
0	38
0	170
7	241
40	54
12	126
10	167
26	169
0	32
23	45
4	3
0	0
0	3
0	0
0	0
0	11
0	0
0	11
0	0
0	0
0	11
0	0
0	0
0	11
0	0
0	0
0	0
0	0
32	137
0	0
0	400
74	93
0	36
0	25
8	55
0	912
1	949
0	949
2327	941
1	234
210	463
129	409
0	62
0	0
0	0
0	0
0	0
626	1753
96	0
0	189
0	199
49	107
1	179
4	231
76	0
197	1486
4	1662
89	1747
0	1747
0	3
0	3
0	3
0	3
0	3
0	3
0	3
0	3
0	3
0	3
0	3
0	3
0	3
0	3
0	3
126	174
69	1801
11	226
4	240
0	1609
0	1578
0	68
7	381
75	409
2	176
0	228
74	158
282	359
0	1717
0	1590
0	142
0	129
0	16
0	21
0	368
0	174
0	201
0	803
85	197
26	782
125	544
0	84
749	781
13	0
30	590
0	155
0	169
0	51
3	10556
0	10535
62	9020
94	7934
0	6429
7	2825
11	2740
4	1877
0	1622
3	877
29	699
5	1440
9	1310
7	1287
6	1233
0	1076
5	1050
0	1143
1	759
7	693
26	688
0	647
0	498
24	197
42	54
0	124
2	23
27	0
0	10565
0	0
0	0
0	0
103	1325
11959	6238
363	4764
56	4767
122	4631
0	1
0	0
0	0
0	738
0	728
0	870
0	624
0	634
0	82
0	764
0	80
0	21
0	79
0	26
0	55
0	294
2	321
11	15
0	870
0	728
66	487
4	488
0	15
0	331
5	8
21	375
0	0
0	1
0	0
0	0
0	0
0	0
0	0
4	0
0	0
0	18
0	14
0	14
0	14
0	0
8	0
0	0
0	1045
1	1832
120	1426
0	1652
25	947
3	235
64	105
0	264
0	250
0	222
5	86
35	96
0	57
0	1727
0	373
0	2898
313	4894
0	4761
1	240
0	64
6	0
0	65
2	343
22	248
0	318
8	150
14	318
0	19
25	6
37	208
82	271
0	4
2	131
15	191
150	102
87	1562
0	99
0	0
0	253
154	1158
10	0
0	5
0	1
0	252
0	23
26	252
0	81
2	1552
5	12
0	133
0	980
0	80
35	75
0	1109
74	1618
2	121
0	137
6	52
0	69
1	1545
0	789
8	1143
539	1932
10	440
0	1
0	203
7	194
169	795
0	21
0	0
0	270
0	188
2	71
0	1382
0	981
0	0
0	0
0	0
0	0
0	0
0	0
0	0
0	0
0	0
0	0
33	3
0	3
0	5
0	64
1	230
0	0
3	490
0	4
255	530
1	395
0	451
426	60
81	104
15	94
62	2768
0	2492
5	38
0	236
16	495
11	283
0	123
2	46
5	100
0	5
20	34
4	112
0	0
0	0
0	0
0	0
0	0
0	0
0	0
1	0
16	0
26	0
290	80
1	62
0	807
90	867
0	88
0	83
0	77
0	74
0	51
0	21
7	1
0	805
159	716
17	165
0	304
0	618
0	19
6	111
619	277
0	11
18	11
0	27
0	25
0	33
0	22
0	25
0	6786
0	2114
70	6792
168	253
15	503
215	1645
0	1008
15	519
0	240
0	161
0	70
12	6
0	1008
0	1008
0	1008
0	8
137	176
0	29
0	173
1	21
0	0
0	0
0	39
0	0
0	0
0	2
0	0
15	43
75	482
8	484
27	158
3	296
5	54
4	233
8	29
0	91
5	0
0	0
0	0
0	0
0	0
0	0
0	0
0	0
1	0
0	0
0	0
0	0
0	0
0	0
0	0
0	0
0	0
0	0
0	49
0	27
0	49
0	1
0	20
1710	1511
0	86
23	15
0	0
24	12
20	1445
0	127
16	175
4	0
5	57
1	88
0	700
31	663
0	543
0	496
118	752
0	579
0	711
5	135
114	286
0	365
0	49
9	597
0	606
10	316
0	621
0	687
7	47
6	1015
0	495
0	210
0	382
0	273
10	433
0	17
0	559
0	504
0	542
0	479
23	552
0	463
0	391
33	347
0	390
0	426
0	239
0	346
0	209
0	209
45	242
0	157
229	169
0	153
0	38
0	78
0	42
0	77
0	0
1	1054
0	922
2	1139
0	915
17	1114
7	788
0	883
0	764
4	609
0	479
0	156
0	361
0	600
0	294
0	331
0	777
0	249
0	19
10	149
2	88
0	0
0	0
0	0
0	0
0	0
0	0
0	104
5	4
0	85
14	104
3	0
0	0
0	10
0	85
0	0
0	0
0	0
0	0
0	0
0	474
0	474
0	0
0	0
0	0
0	0
190	4292
284	3725
3	3956
2	3291
3	3259
18	1304
0	14
0	4153
0	0
0	795
12	771
0	327
10	232
0	769
0	11
0	388
0	0
0	388
5	0
0	0
0	0
0	0
0	0
0	0
0	3
18	3
3	393
33	208
0	226
0	211
0	19
150	385
0	174
0	193
0	178
14	42
0	82
0	10
0	322
0	284
0	85
0	66
89	164
0	65
2	502
0	702
0	702
14	130
0	700
0	294
0	67
0	663
0	1282
2	1349
0	1814
0	328
0	628
8	270
0	70
0	44
0	45
0	92
0	117
0	70
0	35
0	1544
0	0
0	0
0	0
3159	2466
2	1520
60	601
0	142
0	81
38	380
318	573
210	752
9	136
42	0
0	50
0	0
0	0
35	665
80	1011
2	497
3	6
135	916
17	37
0	320
17	84
0	0
1316	3200
118	3134
5	377
5	0
0	290
81	542
0	233
1	207
0	125
3	28
0	413
0	413
9	52
0	0
0	47
13	38
0	525
4	525
0	2201
91	144
0	2201
0	0
0	0
0	0
0	0
0	0
0	0
0	0
0	0
3	0
0	0
0	0
0	0
0	0
0	0
0	0
0	31
0	0
0	65
0	8
0	35
0	15
8	15
0	62
0	64
0	46
0	27
0	34
14	14
0	1
0	0
0	0
0	0
0	0
0	0
0	3
0	6
0	0
0	0
0	0
0	0
0	0
0	3472
0	208
0	350
0	2927
0	3260
0	9
56	180
6	171
0	115
0	130
0	13
0	10
0	0
0	0
0	9583
0	2702
0	10618
0	43
0	40
0	16
0	30
0	30
0	31
0	30
0	0
0	0
0	0
0	0
0	0
0	0
0	0
0	0
0	0
0	0
0	13
0	14
0	1
0	0
0	0
0	0
0	0
0	28
0	43
0	45
0	43
0	29
0	43
0	15
0	0
0	0
0	0
0	15
0	5134
24	524
17	5438
15	4550
9	5134
0	5311
0	5335
50	741
36	3917
6	389
0	3432
0	54
0	486
10	591
26	1667
43	140
0	29
0	433
0	839
63	568
1	643
0	6
0	65
0	0
0	5426
3	0
9	0
0	44
0	0
0	34
0	34
0	0
0	36
0	29
14	73
3	33
0	75
0	61
0	45
0	60
0	21
0	32
0	35
0	67
0	15
0	48
0	32
0	10
0	61
0	0
67	2127
34	1841
0	1300
0	114
0	700
69	167
0	12
0	23
0	11
0	11
0	12
0	16
0	12
0	12
0	12
0	12
0	12
0	23
0	28
0	0
0	12
0	12
0	0
0	9
0	9
0	12
0	9
0	12
0	9
0	0
0	0
0	12
0	12
0	12
1	28
2	9
0	12
0	9
11	923
0	23
0	20
0	22
2	19
0	7
22	18
0	0
0	7
0	0
0	0
0	0
0	0
0	0
0	0
0	0
0	0
0	12
0	10
0	11
0	9
0	352
0	355
168	1553
44	1587
43	607
0	1094
22	1055
50	1102
0	1273
149	124
5	9856
0	3687
0	9849
9	10703
18	11287
0	3675
1170	11224
37	4266
0	8636
31	8406
98	274
11	9239
7	2257
55	603
6	7027
0	6929
0	7670
28	497
0	6625
39	989
30	158
9	86
14	75
45	274
64	61
0	4
0	6
7	1
0	0
16	427
1	498
33	4237
7	528
13	2800
193	331
9	298
0	912
1024	3390
9	153
16	389
0	950
0	1245
33	7
4	98
0	0
0	0
3	0
0	0
0	0
0	4
0	4
0	0
0	390
0	319
2	177
61	525
0	395
49	468
8	11
0	34
42	1551
92	1137
0	971
0	1118
91	1352
0	908
0	1018
0	507
0	588
1	99
0	100
0	247
0	0
1664	3039
102	3097
0	263
68	184
2	6
0	0
0	0
0	0
0	0
0	0
0	0
0	0
0	0
0	12
0	12
0	5
0	17
0	12
0	5
0	12
0	5
0	10
0	5
0	13
0	5
5	18
0	19
0	10
0	5
0	10
0	5
0	5
0	10
0	0
0	0
0	0
36	1116
40	1158
0	66
15	105
2	103
9	65
29	699
0	0
4	840
0	344
0	1046
0	1548
644	2078
0	1706
0	1583
0	883
0	715
0	800
17	194
0	838
0	1141
0	981
0	747
0	671
53	16
1	237
15	91
64	129
15	444
1	194
0	156
6	37
0	1705
0	1463
0	1653
1940	1569
19	1496
14	0
23	266
0	0
0	0
0	0
0	0
0	0
0	0
0	278
0	0
4	4
0	0
0	0
0	0
0	0
0	0
0	0
0	0
0	0
0	0
0	0
0	0
0	0
0	0
0	0
0	0
0	0
0	0
2	261
15	261
0	31
0	0
4	11
116	207
7	172
0	150
12	45
0	0
0	0
0	0
0	0
0	0
0	0
0	0
0	8
0	8
0	8
0	0
0	0
0	8
0	48
0	0
0	16
0	0
0	48
0	16
0	0
0	0
484	150
0	150
0	0
0	0
0	0
0	0
0	0
0	0
0	0
0	0
0	0
2623	4154
14	3792
7	3598
4	3111
0	0
0	28
7	3085
0	215
0	208
0	241
0	241
0	241
0	241
0	121
0	0
34	452
0	162
0	49
0	49
0	452
33	1634
0	1634
0	62
2	168
0	51
6	2841
12	2164
10	2819
1	3182
61	288
22	1355
7	3
0	367
35	0
20	217
0	227
0	314
23	0
0	34
0	201
2	201
82	1223
0	34
0	200
0	200
0	0
0	2
0	5
0	2
0	23
0	10
28	24
0	10
18	21
0	1
0	7
0	7
0	7
0	2
0	7
1	2
0	4
0	0
0	2
0	5
0	6
0	23
82	0
0	0
0	0
0	0
0	0
0	0
0	0
0	0
0	0
0	0
0	0
0	0
0	0
0	10
4	72
2	1230
0	1261
0	89
0	21
0	48
26	4
1	8
36	0
217	6868
11	6581
1	7245
131	4484
0	4395
63	0
15	377
466	767
330	540
3	3962
12	3772
16	2753
3	146
273	620
0	98
0	22
0	97
4	97
2	69
11	97
0	97
8	97
0	7
36	4
10	3307
0	318
0	370
1	138
0	190
0	217
0	55
0	20
0	0
0	123
8	228
0	92
0	19
2	86
0	44
0	26
0	17
0	802
10	812
7	28
0	35
5	35
0	21
0	802
0	2284
0	2407
0	2186
0	2402
0	2406
0	2810
0	2699
0	1329
0	1339
0	3406
0	2023
1	2318
0	280
9	0
7	4464
0	2499
5	2364
0	3476
0	2057
2	2337
0	1608
0	3720
0	1845
0	2360
0	221
0	535
0	5434
5	2101
0	2480
6	490
0	1747
0	2425
129	2233
1	2050
0	2305
0	51
0	1273
0	3322
0	2864
0	179
0	423
0	413
0	63
0	121
0	116
0	1075
0	811
0	1099
0	13
0	1968
0	0
0	0
0	121
0	16
0	0
32	245
144	610
0	62
0	31
0	3
0	10
0	26
0	15
13	546
0	23
0	0
0	0
0	108
0	24
0	111
0	108
0	14
11	15
0	91
6	351
0	62
0	351
0	0
31	1793
0	1781
0	692
0	1816
10	1374
6	875
0	86
23	33
0	0
0	0
0	0
0	0
0	1
0	0
2	0
0	0
0	1
0	0
0	0
0	0
0	0
0	0
0	0
0	0
212	348
0	157
5	58
1	15
60	59
15	42
2	86
0	83
0	83
5	98
0	42
0	54
0	32
0	51
0	2
0	0
29	0
0	0
0	0
10	12
0	0
0	0
0	0
0	0
0	0
0	0
0	0
0	0
0	0
0	0
0	0
0	0
0	0
0	0
0	0
5	231
0	241
0	26
6	2
0	31
10	55
0	28
0	27
0	25
0	0
0	0
0	0
594	0
0	250
0	2654
0	0
2073	5310
12	5246
0	5112
78	2493
47	4929
0	293
17	2
0	69
0	67
0	77
3	135
0	133
0	136
1	149
0	53
0	0
0	0
0	0
0	0
0	0
9	97
0	6
0	113
0	56
434	376
2	44
0	248
0	859
1	768
14	725
0	702
0	142
10	63
16	256
0	23
0	376
0	434
0	234
0	552
4	160
0	129
0	669
0	150
128	558
132	299
18	377
0	138
4	367
0	442
0	57
0	299
0	255
0	255
0	332
0	260
0	163
0	80
7	44
0	89
0	13
0	56
0	20
9	46
8	30
0	39
0	262
3	15723
365	17467
10	46
5	114
0	45
0	16506
0	10942
0	50
18	1054
707	10282
16	60
15	1031
113	115
556	12277
8	6423
27	2065
3238	2598
1	488
0	346
0	287
0	96
0	182
30	1887
0	1877
0	2232
2	1874
0	250
252	5540
3	172
0	354
35	18
9	16
47	967
16	21
3	901
0	949
5	926
1006	131
0	130
6	95
27	0
19	12
0	1159
764	1611
0	908
31	1400
0	17
6	168
7	15
0	0
0	106
1135	956
0	606
2	423
0	7
5	26
1	21
0	50
3	22
9	136
0	22
0	6
0	58
0	39
0	21
0	27
0	2
6	35
15	114
4	1416
0	1441
0	1600
0	1704
0	0
0	0
0	0
0	0
0	0
0	0
736	2710
11	14
48	7
56	0
15	279
0	0
0	0
0	0
0	69
0	90
1843	1320
25	732
5	789
14	829
0	46
0	11
0	11
0	0
0	0
0	0
0	0
11	484
2	0
0	5
0	241
0	229
0	2
0	2
0	2
0	2
0	0
6	0
0	0
0	2
144	2347
0	2383
0	2240
48	62
63	1490
20	2635
11	361
17	238
0	1859
119	52
0	15
12	84
41	0
6	25
154	662
10	153
0	156
193	160
5	122
0	54
0	12
0	0
0	9
0	605
41	605
0	25
11	0
1	0
0	21
0	150
3	79
23	68
0	41
2	153
0	5
0	0
0	16
59	341
0	0
0	0
0	0
0	0
0	9
0	0
0	0
0	0
58	1782
8	239
0	56
0	167
0	323
0	265
0	424
1	88
8	0
0	192
2	1591
6	667
0	0
0	0
0	0
0	0
0	0
0	0
0	0
0	0
0	0
0	0
0	0
0	0
0	0
0	0
0	2068
0	2081
0	98
0	95
0	136
0	167
0	120
0	155
7	65
1	65
0	96
0	59
0	28
0	17
0	3
1	56
0	0
0	0
0	22
0	198
8	312
0	6
0	0
0	0
59	27
0	6
0	0
1	31
0	1
0	546
8	481
0	573
12	619
0	679
0	9
19	29
0	103
19	11
0	118
5	25
5	65
0	76
2	27
7	4
0	34
0	30
2	111
0	14
0	25
0	63
1	694
46	202
13	2707
2	1266
0	2637
6	48
8	41
31	238
0	148
11	51
0	0
0	6
0	0
0	6
0	6
0	0
0	0
0	0
0	6
0	6
48	0
6	0
0	0
0	0
0	0
1	0
0	0
0	321
6	286
146	607
0	30
0	30
0	17
0	18
0	0
0	32
0	30
0	33
28	38
499	37
2	74
5	73
6	2
5	49
1	109
67	31
13	31
76	135
0	0
8	0
0	306
0	118
10	90
0	185
0	118
0	129
8	0
0	215
5	1027
1	215
0	608
0	691
0	761
0	54
0	562
0	434
7	180
0	202
1	0
1	112
11	196
0	12
0	0
0	1094
94	813
9	698
39	363
4	656
0	231
0	175
0	3
0	331
0	0
0	177
212	316
0	327
17	310
0	18
0	2092
0	558
10	2092
0	0
0	0
0	0
0	0
221	792
78	781
31	466
481	14632
0	5234
0	2967
128	9837
0	10783
0	9157
19	0
2091	130
4	130
0	85
0	1967
15	243
0	623
0	95
0	39
0	165
0	302
23	565
0	1769
2	1964
0	172
0	71
0	196
1	36
0	44
26	323
0	80
0	1002
0	308
0	1123
0	52
0	185
0	324
0	168
149	113
6	8
0	117
13	141
71	152
131	486
15	67
69	265
14	157
0	264
0	12
2	170
0	0
0	133
15	78
21	133
8	0
18	1967
418	417
32	0
0	0
0	0
0	0
0	0
0	2070
0	1700
10	1801
6	73
166	1005
0	286
0	77
20	139
0	9
0	0
25	9
0	0
17	327
0	47
0	35
0	5
1	14
0	24
0	83
0	72
385	116
4	22
0	65
0	64
8	79
0	24
0	4
0	5
0	2673
0	108
224	2797
0	517
0	0
0	194
0	159
0	2796
0	2654
203	3550
0	2634
83	782
7	1573
96	1168
0	1448
15	10
11	427
3	874
8	120
0	2
220	1245
6	61
0	177
0	0
0	0
0	0
0	0
109	1346
16	1167
0	1366
0	423
4	65
0	0
0	0
0	4
0	0
0	0
0	0
0	0
0	0
0	0
0	4
0	0
0	4
0	4
0	0
70	7252
16	1049
0	562
0	1118
0	542
333	7311
421	621
9	799
39	2804
0	0
0	0
0	0
0	0
0	0
0	0
0	0
0	0
0	0
0	3909
4	3770
1	3961
0	3785
0	3040
0	2753
0	2484
0	357
0	2
29	19
3	112
2	107
0	108
19	398
0	20
12	69
0	63
0	55
17	8
3	34
5	0
0	6
0	28
0	34
4	48
14	1257
62	1104
9	24
11	1360
0	20
0	1347
2	0
0	48
2	6
0	110
0	65
0	45
0	188
4	72
0	218
4	171
1	448
0	204
0	99
0	39
129	377
26	0
0	0
0	0
2	1341
0	1341
0	2962
12	10615
0	6368
33	7522
10	6250
79	5701
15	5346
2	3274
0	1889
0	8781
33	1635
14	1532
0	95
15	123
0	22
3	39
16	259
7	265
169	618
52	373
42	393
0	8
0	8
0	0
0	367
194	257
0	388
0	314
0	301
0	308
0	390
0	322
0	52
0	79
11	48
44	82
0	63
0	38
4	12
31	1
0	1
0	76
0	25
0	38
0	38
0	390
8	146
0	33
6	22
1	146
0	21
0	21
0	0
0	114
7	1346
31	1412
0	1192
1	771
0	572
0	265
168	764
1	104
12	711
0	97
0	166
69	1269
5	824
0	685
0	1055
10	1100
9	599
8	715
9	56
0	86
38	96
0	72
5	78
1	98
0	24
0	1220
0	0
0	14
0	0
0	14
0	0
0	24
0	0
0	0
1	0
0	0
0	9
0	9
1258	281
0	281
58	2740
670	1700
5	2676
171	117
2	67
0	46
2	1037
0	0
0	0
0	0
0	0
0	0
58	4236
18	169
128	4323
5	59
0	86
70	0
0	5
0	5
0	5
0	0
0	0
0	0
949	126
0	122
35	480
91	1
0	0
0	0
14	0
2	74
0	0
0	0
0	3
0	0
4	34
0	34
0	0
0	0
0	0
0	0
0	7
0	7
0	40
0	0
9	241
0	7
49	2087
0	0
0	0
0	0
0	0
0	0
0	0
0	0
0	0
0	0
0	0
0	0
0	0
0	0
0	1202
1	192
85	47
0	1202
0	126
0	343
0	342
101	342
3	247
4	98
56	62
0	62
0	509
930	1542
0	165
0	1503
658	4822
19	190
1	1056
300	881
6	0
0	13
0	343
8	17
0	113
0	656
0	0
0	0
0	88
0	88
0	0
0	0
0	0
0	0
23	181
0	97
0	0
0	0
14	903
23	603
0	280
86	166
8	205
0	275
23	614
45	148
0	79
0	125
59	365
144	198
0	301
22	2055
0	173
4	204
87	1987
22	1988
0	1813
0	1730
0	116
10	1899
0	158
109	1007
0	67
0	3
0	19
0	18
151	50
0	16
0	16
0	0
0	0
0	0
1	0
0	16
0	0
0	0
0	0
0	0
0	0
0	0
0	0
0	0
0	0
0	0
0	0
0	0
0	0
0	0
0	0
0	0
0	0
0	0
1363	795
13	600
10	104
7	734
5	1
0	33
0	28
0	20
0	552
0	0
0	0
0	15
7	0
10	0
0	0
0	36
0	25
0	28
0	1
1	731
0	0
4	0
0	0
1	142
0	142
0	78
0	62
0	50
0	7
0	0
0	0
0	142
0	0
0	0
0	16
0	109
0	626
37	527
2	48
8	164
0	348
14	74
0	16
0	6
0	1
0	0
0	0
0	3
0	1
0	99
0	162
0	162
0	162
0	162
0	1370
0	1382
0	719
13	656
4	159
0	209
0	1382
0	0
13	0
394	23
17	142
5	15
0	0
0	0
0	0
0	0
0	0
3	0
0	89
0	0
0	0
0	0
0	0
2	34
0	0
0	0
0	0
0	0
0	0
34	65
0	69
12	5262
1	5280
24	1437
7	86
0	74
18	596
10	223
0	24
0	135
0	90
0	50
0	54
0	102
0	15
76	758
0	228
1	412
0	21
386	83
0	4
6	21
15	710
3	747
0	770
0	77
0	13
0	35
0	0
0	1
0	0
0	0
0	0
0	0
0	0
0	0
0	0
0	0
0	0
0	0
0	0
0	0
124	30
0	30
20	4414
6	2004
0	2121
0	4687
0	1996
0	2082
4	2229
0	2060
2	1878
45	2140
0	1713
0	1556
22	71
62	42
59	100
45	73
0	41
0	61
0	83
0	30
0	945
0	956
0	985
9	17
24	12
28	125
12	0
5	950
0	867
5	882
24	908
16	672
4	591
72	326
0	584
0	574
5	596
12	0
0	0
0	63
0	63
0	61
0	63
0	43
0	0
0	0
0	0
0	6
0	5
0	480
156	2229
11286	7586
11	1013
16	2203
2722	6953
50	175
52	839
468	479
388	259
0	0
0	0
30	74
0	74
0	0
0	0
0	0
0	0
0	0
0	41
0	0
0	0
0	0
0	0
0	0
0	0
0	0
0	0
0	0
0	0
0	0
0	0
0	0
0	0
0	0
0	0
2	653
0	2830
6	214
174	1863
0	2835
17	265
2	604
3	2426
9	2830
2	1206
5	398
390	1839
6	439
0	313
218	95
39	32
0	1548
0	1548
8	2990
3	3126
63	2189
385	982
7	1400
54	325
20	143
2	4
0	24
0	551
0	39
17	351
0	401
9	380
0	23
8	12
0	205
0	0
2	186
0	23
0	104
4	162
0	142
0	71
0	49
0	34
0	17
0	6
0	2
0	411
0	448
0	15
14	230
0	0
0	0
0	0
0	0
0	0
0	0
0	0
0	0
0	0
0	0
0	0
6	9019
1	409
5	579
27	256
3	5252
4	9040
5	661
22	828
88	1861
0	2456
0	288
0	287
0	122
34	99
13	17
1	123
5	1
0	76
1	80
0	113
17	30
0	88
0	21
0	39
0	0
0	0
0	0
0	0
0	0
0	0
0	0
0	0
0	0
0	0
0	0
0	0
0	0
0	0
0	0
0	0
98	806
13	126
26	796
0	8
0	137
7	12
25	15
0	0
0	0
0	11
1	9
0	0
0	0
0	0
0	137
0	22
0	18
0	4
0	0
0	0
0	0
10	225
0	249
0	155
2	53
6	9
0	0
0	5
0	5
0	5
3164	2724
30	48
106	56
634	216
3	72
2	203
0	54
4	75
624	6721
188	6731
10	5716
80	615
837	5629
18	664
363	5385
37	775
0	1132
0	247
0	882
0	527
12	526
0	418
0	165
0	150
0	891
0	1069
0	67
0	191
0	35
0	41
0	31
0	0
0	12
0	1
0	66
0	14
0	145
0	0
0	0
30	101
0	37
0	164
0	28
0	130
9	678
0	718
0	711
0	710
0	710
0	716
0	679
0	687
0	708
0	70
0	19
0	713
6	626
0	39
0	422
1	211
0	76
0	664
0	349
0	665
0	31
3	9
31	13
3	231
0	231
1	121
0	62
12	2
16	36
0	5660
0	6006
21	5722
5	379
0	1477
4	5365
21	149
1	1509
0	289
18	622
0	316
0	543
742	2059
0	80
2	963
3	359
1	691
0	277
0	797
0	886
86	402
24	1488
73	1266
2	1891
16	1794
64	2498
45	24
3	2015
4	489
228	363
29	1742
0	89
5	123
0	55
0	1121
0	882
18	44
1	677
0	423
1842	0
5	35
0	0
0	0
0	0
0	0
0	0
0	0
0	0
0	0
0	0
0	0
0	0
0	0
144	4308
0	183
0	2572
0	1278
0	661
20	195
768	896
1	3195
0	636
18	280
4	58
0	58
0	6
0	5
0	0
0	3
4	21
2	9
0	31
0	0
0	108
0	108
10	83
25	74
6	116
0	0
0	0
0	14
0	0
4	51
0	66
0	45
5	41
0	34
0	53
0	34
0	0
117	1107
4	311
34	969
1	92
2	316
9	2
0	2
1139	63
0	0
564	777
73	197
0	632
18	58
15	16
0	1158
0	0
12	176
8	2610
0	3096
83	3167
18	3003
2	1596
5	1899
2	348
4	195
4	369
17	150
33	90
38	275
0	1
0	3021
0	2910
0	0
0	0
14	657
0	0
0	0
0	322
2	513
918	597
0	5
123	1055
0	0
0	0
7	0
0	0
5	199
0	537
0	162
0	455
0	522
83	290
0	108
0	284
0	353
8	467
3	47
18	1
13	33
0	145
0	271
26	125
0	3
0	139
0	63
0	11
0	96
0	50
7	14
0	489
0	531
2	232
24	131
0	14
14	393
0	1423
5	3708
16	3784
0	112
10	2359
0	873
0	671
0	938
5	589
0	196
26	411
0	0
0	0
0	0
0	0
608	163
999	320
6	42
24	49
15	28
0	55
47	62
24	49
5	91
23	129
0	0
0	0
0	0
0	0
3	0
0	28
5	154
0	5
6	4361
7	4318
155	112
5	14
2	14
15	2
9	0
10	0
9	312
1	784
135	24
0	266
21	0
4	4149
0	4187
26	233
19	61
0	265
0	275
0	94
0	0
0	0
0	7
0	0
0	262
0	266
0	88
6462	3149
25	1706
20	2358
0	72
0	499
7	875
15	525
0	67
3084	1128
48	6
0	135
0	932
0	19
7	35
0	77
0	68
0	44
7	30
4	26
0	0
0	0
0	0
0	0
0	0
0	0
0	0
0	0
0	81
0	7
0	7
0	81
0	7
4	132
0	0
0	0
0	13
0	0
0	0
0	0
0	9
0	9
0	9
0	0
0	0
0	34
125	1254
2	34
42	1382
18	1362
80	718
0	27
0	11
0	46
0	25
72	42
341	541
0	45
0	218
0	262
0	203
0	198
51	19
55	36
0	33
109	107
7	107
0	184
0	22
0	1369
2	163
52	442
0	299
4	200
4	195
7	355
1	493
27	206
65	997
14	1020
3	1044
13	295
0	402
11	253
0	99
549	152
487	524
2	317
0	204
65	859
5	185
1	180
0	134
0	11
13	164
5	89
8	46
56	85
0	1457
27	1333
0	1157
40	1445
0	1393
0	1150
20	1345
21	212
14	59
0	415
12	266
7	276
11	149
0	4
0	18
0	17
7	1459
0	0
0	0
0	0
0	0
0	0
0	0
0	0
0	0
0	0
0	0
0	0
0	0
5	10
0	0
0	0
0	0
0	0
0	0
0	0
0	0
0	0
1782	16
112	16
0	300
0	21
3	8
9	32
0	300
0	899
39	1147
0	62
0	62
0	7
14	124
0	6
0	0
0	27
0	92
0	0
0	8
0	98
0	742
1	702
91	628
0	206
0	78
0	6
108	439
14	316
44	58
0	46
160	338
7	286
0	54
0	766
26	716
7	755
0	740
0	72
42	63
0	119
9	0
11	112
0	44
7	88
0	112
14	568
1	730
4	133
0	0
0	0
0	0
427	252
8	251
19	16
134	1
0	22
0	22
0	9
0	716
0	727
0	58
0	694
0	621
0	544
0	325
0	82
0	53
0	551
0	633
78	3054
27	2729
0	172
5	94
84	2088
83	71
0	76
8	0
6	292
60	238
1	819
5	0
0	114
64	191
23	623
0	8
0	8
834	344
0	325
0	289
5	79
0	40
0	719
0	128
144	2978
0	1389
3	2294
0	295
0	0
0	2785
17	1991
10	54
0	97
1	1981
18	747
0	1464
0	1391
0	366
0	80
8	633
12	1890
0	440
12	1763
3	484
3	165
29	1636
16	511
30	510
21	499
0	59
0	355
3	793
0	795
0	0
0	0
0	0
0	98
0	98
0	98
0	0
0	0
0	0
0	0
0	0
0	1
0	1
0	0
0	0
0	3
0	0
0	0
0	3
0	0
0	0
0	3
0	1
0	0
0	0
0	0
0	0
0	0
8	292
24	409
31	518
21	63
12	71
12	174
3	57
0	85
19	11
0	15
3	34
0	67
0	2
21	67
0	27
0	119
5	197
0	236
0	94
0	143
0	1
0	23
0	23
0	17
0	207
12	30
0	227
19	137
0	2
310	18
0	18
0	327
0	422
1	18
16	351
0	204
0	126
0	86
0	20
0	47
8	2285
14	556
16	1718
6	2142
0	1771
128	2669
0	2109
0	2083
0	2371
0	2184
158	121
78	393
4	232
0	31
20	405
0	32
0	193
41	673
12	413
37	240
13	31
0	7
26	1
0	0
0	0
0	0
0	0
0	0
0	73
0	0
7	16
7	70
0	5
2	70
0	0
0	0
0	0
0	0
0	0
0	0
0	0
0	0
0	0
0	0
0	0
0	0
465	2271
0	2264
15	1279
5	1224
31	86
0	54
4	2
4	7
2	54
0	86
0	35
0	35
0	24
0	28
0	3
0	6
3	6
126	418
88	418
0	0
0	0
0	42
0	48
0	59
10	28
0	19
0	1
0	1
0	0
0	0
0	0
0	0
0	0
0	0
4	6309
11	6244
0	5939
12	280
0	1960
0	1050
0	57
0	1
0	6249
0	0
0	0
2	43
23	339
0	0
0	0
8	152
90	148
0	0
3	248
51	2131
0	214
0	4234
0	1866
2	4281
7	1545
30	538
0	8
40	154
25	38
21	0
0	158
0	1
0	102
10	40
0	241
0	241
0	0
0	21
18	48
1	53
7	241
5	760
0	111
158	175
0	152
1	119
0	171
0	0
0	0
0	0
0	0
0	0
174	1359
130	1305
88	385
36	507
0	34
9	518
0	51
0	0
3	75
43	75
0	7
0	7
0	75
0	20
0	23
0	12
5	11
0	11
0	1392
8	1392
0	0
127	378
3	568
0	2370
0	1496
0	1032
0	243
0	17
0	394
2	1506
0	2272
0	1405
0	0
0	0
0	0
0	0
444	850
0	8
2	222
3	15
9	122
12	24
0	25
11	12
4	15
9	26
184	2643
0	325
0	0
7	379
1619	714
0	17
0	608
0	518
0	468
0	82
0	24
2	121
0	513
0	20
0	3
0	498
83	1417
128	504
0	1439
42	652
9	161
105	81
10	87
0	227
0	0
0	0
0	0
4	6354
65	9328
0	9474
0	0
0	0
0	0
133	935
1344	658
0	856
268	342
10	282
0	375
14	203
38	457
0	127
26	67
0	8
0	0
1	175
7	177
0	108
0	15
0	205
0	0
0	0
0	35
0	0
0	0
0	35
0	0
0	0
0	0
0	0
0	0
0	0
11	1020
0	1682
0	1485
30	764
0	1451
3	1673
0	33
0	0
0	14
0	0
0	33
0	14
0	33
0	33
0	104
0	322
1209	2240
0	412
0	606
0	124
7	495
198	298
12	265
53	483
35	295
0	92
0	880
8	885
0	125
3	75
0	136
16	624
11	199
12	490
22	36
74	298
0	148
0	329
4	91
0	64
120	153
0	98
0	50
9	58
13	59
0	35
8	27
21	3
0	42
0	0
0	38
0	0
0	0
0	0
0	0
85	3
0	3
0	3
0	3
0	3328
489	3505
247	1123
7231	5108
21	424
0	74
421	4684
88	837
3	19
0	697
0	689
40	203
19	589
463	956
0	86
0	16
8	68
0	37
0	197
0	106
6	41
0	150
0	2
10	57
3	10
0	9
12	42
20	51
14	5
0	7
0	24
0	19
0	15
0	10
0	10
0	0
0	9
0	37
0	0
0	37
0	2
0	2
0	2
0	2
0	0
0	2
0	0
0	0
0	0
0	0
11	467
0	405
0	341
0	335
0	325
0	388
0	215
0	98
0	109
0	127
0	92
0	45
0	25
0	63
0	30
0	71
0	0
0	25
0	22
3	20
0	0
0	8
0	0
0	383
0	0
0	0
0	0
0	0
0	357
28	62
0	69
0	1349
2	1158
3	701
0	909
0	599
0	1124
0	1088
36	726
0	675
2	917
0	1017
4	669
0	602
38	560
0	593
3	0
1	104
5	38
0	191
0	51
4	93
0	39
0	48
29	25
0	48
0	32
0	22
18	21
4	49
38	32
0	0
75	1502
0	4
0	0
0	0
2	1851
15	1937
7	93
0	101
0	301
741	301
0	0
0	0
0	738
7	397
0	425
0	526
0	422
7	132
0	139
0	220
0	132
5	116
0	94
0	56
0	48
0	131
0	39
0	13
0	25
0	16
0	11
4	10
0	37
4	2
0	77
0	4
0	0
5	0
0	1
11	1
0	0
0	0
0	0
0	47
2	2085
27	1910
15	2156
1	2263
0	2059
0	338
0	1857
0	1908
0	1014
6	388
18	638
0	1772
4	1604
6	35
0	1
0	1485
0	684
0	84
0	71
0	1507
21	325
0	623
0	68
0	25
17	242
1	161
4	52
0	1854
0	667
6	4884
0	0
0	0
0	0
0	0
0	41
0	0
0	4884
0	0
0	0
0	109
0	4298
245	4946
0	4943
69	2324
0	33
0	4884
0	4883
0	0
1	0
0	0
0	0
0	0
0	0
0	0
0	18
11	1240
60	1212
24	63
1	51
0	26
0	56
0	136
0	33
0	55
8	64
8	0
0	813
12371	4850
0	1107
0	1424
0	598
39	296
16	425
2	135
19	2303
0	151
0	151
0	151
0	0
0	6265
40	13881
4	13645
0	0
0	0
0	0
0	0
0	0
0	0
0	0
0	0
0	0
0	1
0	1
0	0
0	0
0	0
0	251
0	777
0	30
0	824
0	650
0	6
0	748
342	1043
0	723
0	796
0	277
1	51
0	137
4	823
0	177
0	40
0	0
0	0
0	0
3	0
0	0
0	0
0	0
6	0
0	9
1	9
0	1
0	2
0	5
2184	2232
20	475
36	614
58	1860
39	76
97	57
0	4
8	34
7	35
0	10
0	11
0	15
0	11
0	11
0	0
0	0
0	0
0	0
0	0
0	0
0	0
0	0
0	0
0	0
1	0
0	0
0	0
0	3
0	3
0	3
0	3
0	3
516	261
10	97
40	44
0	14
0	36
0	27
0	26
6	37
0	1
0	20
0	9
0	0
0	229
5	120
6	43
0	66
0	98
44	417
0	78
0	59
0	255
24	100
0	376
4	315
6	315
58	240
0	163
0	232
0	9
5	35
0	0
0	0
0	0
0	0
0	240
0	240
0	0
0	0
7	71
8	103
29	731
26	862
2	0
3	860
11	291
5	5627
2	2926
0	334
0	380
0	162
0	70
0	164
0	310
8	145
0	235
0	89
4	257
1	2754
0	1299
35	427
19	330
13	937
36	0
75	5414
2279	1782
51	233
76	367
313	805
511	973
116	52
27	248
22	508
0	133
9	417
7	329
8	79
4	102
3	170
21	77
0	13
0	0
0	0
0	0
0	0
0	0
0	0
0	0
0	0
0	0
0	0
594	434
7	232
6	93
0	58
1	86
4	142
6	76
0	97
2	7
9	98
137	88
64	42
19	7
5	320
0	261
0	336
0	332
57	244
15	340
0	297
0	63
1	233
0	130
0	116
0	117
0	51
0	39
0	25
0	31
0	21
3	21
0	0
383	1261
1	766
24	4
0	1255
91	4064
771	11373
94	2860
308	5346
344	5330
29	3425
269	1987
419	2251
132	743
0	81
1	3149
466	2521
0	3127
6	166
13	0
3	0
0	177
21	329
0	125
0	174
78	744
0	903
0	108
0	3149
6	1160
3	1171
64	1253
11	70
0	0
13	1220
328	885
0	38
5	302
0	602
0	546
0	69
0	2
3	9
0	0
0	0
0	0
0	0
0	0
0	0
28	293
13	31
0	136
0	141
0	141
5	126
0	116
0	104
0	104
3	105
0	10
0	104
0	37
0	104
0	80
0	13
0	12
0	12
0	11
0	8
0	18
0	0
0	0
0	0
10	19
0	19
0	4
0	14
0	595
0	1739
0	2184
0	2039
0	1142
2	1730
103	332
41	231
0	391
56	1113
0	836
2	412
261	1066
3	431
0	231
0	102
16	182
17	892
0	1368
14	193
0	7
0	23
2	31
0	29
0	29
0	29
0	15
0	0
0	1368
3	135
0	1951
0	883
63	122
0	1980
29	1948
60	1938
153	1747
20	1616
0	1731
0	187
0	1334
7	1194
14	19
0	493
5	191
0	304
8	148
0	111
1	53
0	53
0	32
0	69
0	82
8	35
0	66
0	27
25	52
0	16
0	2011
0	0
0	0
0	0
0	347
0	1306
0	1218
7	1613
0	1243
7	1272
22	1445
555	1633
0	1177
0	1245
2	2490
0	484
0	961
24	1613
0	1438
49	142
3	657
4	42
0	137
5	669
28	661
0	51
0	138
136	616
1	5
0	112
58	540
0	0
136	1025
0	510
9	122
0	1042
0	21
2	41
0	7
8	27
49	30
20	316
0	26
0	35
3	134
4	314
0	283
3	91
17	98
0	17
0	45
0	88
0	87
17	235
0	19
0	34
8	10
0	6
2	424
0	16
146	423
0	0
0	0
0	25
0	181
0	157
0	31
3	40
0	23
8	168
0	0
86	54
14	30
30	84
25	10
0	6
19	44
0	0
0	0
0	0
0	4344
0	12551
0	3087
0	1031
0	1029
0	10118
0	1209
0	835
0	774
0	666
0	99
0	84
0	0
0	0
0	0
0	0
0	0
0	0
0	449
101	55
0	394
21	267
0	470
1130	1626
0	0
0	0
0	0
1	9286
7	712
0	2069
27	328
0	1319
0	758
5	501
2	7898
0	661
0	136
2	1984
0	909
13	1648
4	1786
0	1552
0	75
0	100
0	300
0	138
12	82
0	64
0	67
0	245
32	79
0	475
0	26
0	0
0	0
0	2
0	0
0	0
0	1
0	0
0	0
901	37
18	37
46	346
0	123
0	34
0	62
0	62
2	67
0	23
0	2
0	26
11	26
47	1083
0	86
0	18
0	837
115	781
0	12
144	510
0	90
11	18
0	1
0	0
0	0
37	827
343	959
11	112
0	91
0	0
0	0
0	0
0	0
7	0
0	0
0	0
0	0
0	0
0	0
0	0
0	0
0	0
0	40
0	0
0	40
0	0
0	8
0	8
0	0
308	735
0	497
0	266
9	101
0	0
0	7
0	0
0	0
0	0
0	24
0	0
0	0
0	0
0	92
0	92
0	0
83	18
0	2
0	16
0	0
0	3273
0	523
0	0
484	2296
2	283
222	852
0	3103
0	0
0	0
0	0
0	0
189	502
3	464
9	75
10	121
9	171
0	32
0	0
0	70
6	41
0	0
0	0
0	0
0	0
4	0
0	0
0	0
0	0
0	0
0	0
53	600
0	1079
28	371
5	415
0	601
0	605
0	170
29	313
0	461
7	205
8	101
0	296
5	236
0	188
0	109
3	163
81	106
0	808
0	0
0	0
0	0
0	0
0	0
204	46
53	51
6	45
8	42
2	21
3	16
1	6
0	14
0	19
804	1540
10932	1545
406	5
110	52
0	47
0	2
0	16
1	0
0	0
0	0
0	0
0	0
0	0
0	0
0	0
0	0
0	0
15	167
2067	1846
26	1661
2	101
1	85
0	281
0	1859
2	1694
36	1867
0	1865
2	1868
7	1867
4	1855
60	2050
7	82
22	5659
0	7032
0	5567
0	102
0	6952
6	44
7	212
4	39
0	431
2	145
0	203
0	146
1	141
128	125
48	0
1	330
0	6811
22	1881
3448	1881
0	27
5	10
0	182
0	68
0	60
1	125
0	150
0	0
0	150
14	6
0	0
0	0
0	0
0	0
0	0
0	0
0	0
0	0
0	0
0	0
0	0
0	0
0	0
0	0
0	0
0	0
0	0
0	0
0	0
0	0
0	0
0	0
0	0
0	0
0	0
0	0
0	0
0	0
0	0
0	0
0	0
0	0
0	0
0	0
0	0
0	0
0	0
0	0
0	0
0	0
0	0
0	0
0	0
0	0
0	0
0	0
0	0
0	0
0	0
0	753
0	753
0	156
0	753
0	64
0	888
0	821
0	313
0	0
0	4
0	22
2	8
0	10
0	372
0	552
0	210
0	228
0	549
0	571
0	528
0	101
1	685
0	535
0	481
21	515
0	198
0	440
0	7
0	547
0	132
0	573
0	521
0	518
0	46
0	486
0	540
0	675
0	394
0	530
0	210
0	649
0	108
0	553
0	146
0	523
0	217
0	518
0	506
0	570
0	146
0	505
0	523
0	26
0	59
0	291
4	25
0	14
0	21
0	0
0	217
0	5
0	300
0	0
0	7
0	15
3	265
0	36
0	136
0	195
0	186
0	215
0	116
0	175
4	345
0	305
0	218
5	53
0	0
0	0
0	0
0	1596
0	1558
16	294
14	385
0	382
0	416
0	26
0	36
32	0
0	15
0	16
3	42
0	8
0	0
8	0
0	18
5	65
0	15
0	27
8	456
0	596
24	576
0	504
2	43
0	433
18	76
0	83
12	45
0	33
7	75
0	177
4	93
0	34
5	11
0	1
0	16
0	0
0	66
71	5521
8	4550
0	1970
22	585
3	1280
0	720
16	536
0	154
1	479
9	4280
1	469
6	17
15	472
21	577
0	15
97	4386
30	4386
4	20
0	13
24	294
0	261
0	285
0	285
0	1
7	0
0	22
0	32
0	32
0	10
0	32
0	32
0	0
0	8
0	8
0	14
0	8
0	0
0	6
0	6
0	0
18	339
0	23
3	115
0	55
26	251
0	157
9	55
8	104
0	204
5	178
4	0
0	3
0	1
0	1
0	1
0	1
0	1
0	0
0	1
1305	492
0	209
6	229
0	38
7	104
22	76
0	1
34	255
3	0
108	852
0	852
69	460
0	3
6	98
0	321
11	371
0	400
0	423
7	73
7	129
25	218
0	377
0	1
0	47
11	171
387	79
24	79
0	4
4098	1431
11	1311
0	397
0	14
0	1
30	36
0	0
3	386
15	0
1	4
0	0
5	338
0	103
0	0
0	383
7	372
0	0
0	0
0	1
0	1
0	1
0	1
0	0
0	0
0	0
0	0
7	0
0	0
20	23
0	18
0	12
0	23
84	2767
0	2432
28	2129
0	282
14	357
14	68
0	451
42	763
3	701
0	2369
0	2058
7	250
82	111
61	556
0	9
0	0
63	212
0	63
0	191
2	44
0	40
0	26
0	0
0	0
0	0
0	0
0	0
0	0
0	0
0	0
0	3
0	3
0	0
0	0
0	0
0	0
110	7829
192	833
5	6314
0	5755
0	6174
14	826
0	750
0	1319
0	1855
63	1158
0	2087
6	847
34	687
0	699
0	680
0	21
6	182
63	182
0	6174
0	7066
0	0
359	50
0	8
0	6
3	0
13	4656
6	4514
20	11
30	43
22	17
0	11
0	8
0	0
0	0
0	0
0	0
0	0
0	3602
0	254
0	3605
11	3571
23	3250
0	408
34	2113
0	1629
0	39
8	134
0	111
0	29
25	476
0	3517
0	5
0	2
0	2
0	2
2	4
0	1
479	0
0	121
0	121
81	260
0	202
0	46
0	47
0	21
0	7
0	60
0	13
0	60
0	60
0	59
0	111
138	133
50	52
0	2
0	268
16	641
0	638
0	173
0	0
0	9
0	27
1	27
0	0
292	494
0	39
10	0
0	5
1	42
0	42
5	0
0	0
0	0
0	0
0	0
0	1167
27	1211
4	47
0	1246
0	51
0	1195
8	1146
0	1073
29	924
5	515
9	45
0	0
0	0
0	0
0	0
0	67
0	91
13	94
0	0
0	0
0	0
0	0
0	0
0	0
2	0
9	306
0	0
0	0
0	767
3	706
0	770
2	721
0	738
0	228
0	211
0	0
0	0
4	479
14	679
12	523
2373	389
0	168
1	459
5	1928
4	329
0	1316
0	41
0	445
8	0
0	133
0	63
0	1867
0	21
0	233
0	94
3	52
0	81
0	25
0	1
0	251
8	252
0	33
1	22
5	125
0	154
0	0
0	8
2	145
0	477
23	409
0	431
34	6
0	194
15	0
30	0
30	25
0	0
0	0
0	0
0	0
0	0
0	0
0	1041
3	1049
0	16
0	3
0	6
0	3
0	11
3	300
0	6
0	300
0	0
0	0
0	768
0	768
0	0
0	7
0	2
2	7
0	5
0	5
9	32
1	30
68	113
0	20
20	103
0	956
0	956
0	871
0	871
0	956
0	102
1	116
0	0
0	442
0	1435
0	437
154	1435
18	131
0	68
0	1
0	1
0	1
0	0
0	0
0	0
0	0
0	0
0	0
0	0
0	1
0	0
0	1
0	1
0	0
0	76
13	61
0	61
0	57
3	636
0	1258
4	69
0	338
37	1
0	1258
22	671
0	684
3	55
300	51
4	675
0	138
0	138
0	137
0	0
0	0
0	0
0	0
0	0
0	0
0	0
0	0
0	0
0	0
0	0
0	0
0	0
0	0
0	0
0	0
0	0
0	0
0	0
0	0
0	0
0	0
3	85
0	0
0	0
0	0
0	1
0	1
0	0
7	1443
0	1213
4	1545
0	1028
99	4725
0	4673
0	0
0	0
0	0
0	0
0	0
0	0
0	0
0	0
0	0
0	0
0	9
0	0
0	0
0	0
0	0
0	0
0	4
0	4
0	0
0	0
0	0
0	1
0	0
0	0
0	0
0	0
0	0
0	0
0	0
0	1873
0	131
0	0
0	0
0	0
0	0
0	0
61	666
8	178
6	330
6	420
5	147
7	63
0	23
4	84
5	131
0	0
9	245
0	243
0	2
0	6
0	18
0	215
0	0
4	1124
0	41
0	16
0	1108
0	4
0	36
0	34
0	38
0	541
0	646
46	6
0	664
36	1174
0	41
35	1230
0	0
1	275
0	23
0	41
0	22
0	15
0	0
0	0
2269	299
5	2794
0	2928
0	9
18	171
38	3247
64	2940
391	4060
0	4070
0	3529
3	649
13	280
160	38
0	141
353	2329
28	147
0	10878
0	8460
0	5363
0	6598
0	6867
0	8558
0	3573
0	6878
2364	1625
10	1625
246	133
869	1296
16	778
3	891
90	384
0	658
32	99
164	845
1	657
15	795
3	229
24	53
9	23
62	5
0	0
0	0
0	0
0	0
0	0
0	0
0	0
0	0
0	0
0	0
0	9
0	0
0	0
0	0
0	0
0	0
0	0
0	0
0	0
0	0
0	0
0	0
0	0
0	0
0	0
0	0
0	0
0	0
0	0
0	0
0	0
0	0
0	0
0	0
0	0
0	0
0	0
0	0
0	4
0	0
4	295
807	0
0	0
0	0
2	3
0	0
0	550
0	161
0	155
0	11
0	11
2	593
0	0
0	0
0	0
537	465
0	0
0	0
0	0
0	0
0	0
0	0
0	0
0	0
0	0
0	15
0	49
0	6
0	228
0	18
0	22
0	25
0	31
0	18
0	15
0	15
0	42
0	0
0	0
0	0
0	3
0	0
0	3
29	1
0	0
0	0
0	0
0	0
0	0
0	0
0	3706
0	3710
0	1247
26	1036
0	1471
4	19
1	513
24	281
24	802
0	495
16	157
22	476
0	2968
0	79
0	68
0	65
0	75
0	72
0	5
0	7
0	23
0	0
0	4
0	7
0	1
0	4
0	0
0	73
0	69
10	66
0	109
0	21
0	88
0	0
16	145
1889	850
11	0
3	11
0	31
0	0
0	0
0	0
2	3
0	3
44	114
4	1
0	1
0	2
21	3382
0	3476
14	121
3	3197
11	42
0	3398
0	161
0	75
0	3434
0	0
0	0
0	0
0	0
0	0
0	0
0	0
0	0
8	0
9	0
0	0
266	1
173	1
458	193
2	111
2	27
0	60
7	31
0	28
0	0
0	0
0	0
0	0
0	0
0	0
0	0
0	0
0	0
0	0
0	1
0	0
0	1
0	1
0	1
0	0
0	0
228	4500
338	2833
0	4435
0	689
0	1435
43	270
0	1586
89	1284
0	560
0	344
0	344
0	2
0	4422
0	67
0	67
0	86
0	15
0	86
0	67
0	96
0	96
0	67
0	67
4	0
0	0
0	0
0	8114
103	9190
0	8093
40	8113
0	8070
0	8075
1	8092
660	8090
15	8105
116	8475
0	7982
99	3322
0	6532
12	1969
0	5142
1	1642
0	1248
64	363
0	13
0	13
3	13
0	13
26	135
0	649
1037	1652
0	1249
0	2
0	645
0	972
6	0
3	17
14	7
13	7
5	8525
40	4520
0	526
0	3878
5978	9333
32	855
49	4680
8	3933
33	1520
55	777
10	271
0	40
21	230
0	406
0	160
18	198
6	52
0	98
0	35
0	426
0	428
0	10
0	10
0	10
0	10
0	10
0	10
0	10
129	56
5	92
0	31
4	587
68	558
0	498
0	130
0	96
0	135
6	119
0	65
3	51
0	62
0	9
2	8
14	36
0	52
11	7
0	0
0	0
0	93
0	363
0	872
0	0
0	0
0	0
0	0
0	0
0	3
0	3
0	3
0	0
0	0
0	0
0	0
0	3
1	795
0	583
0	268
13	657
0	350
5	73
0	524
3	250
8	536
16	177
33	353
0	0
0	0
0	0
0	0
0	0
0	28
0	26
0	26
0	26
0	28
0	28
0	28
0	26
0	26
0	28
0	26
0	28
0	28
0	31
0	31
0	31
0	0
0	0
0	0
0	0
0	26
0	0
0	0
0	0
0	0
0	0
0	41
0	30
0	41
0	41
0	41
0	41
0	0
0	0
0	0
72	10651
838	12759
0	10687
1	10686
0	10686
0	4437
0	1502
0	651
939	19
107	2072
0	0
0	0
0	0
0	0
0	0
0	0
0	0
0	872
0	872
0	0
0	0
0	0
0	5241
35	4894
0	4766
0	4540
13	20
129	979
0	211
8	70
5	101
2	309
5	27
12	65
0	235
0	169
81	4328
0	0
0	0
0	0
0	0
0	0
4	0
0	0
0	0
0	0
0	0
0	2
0	2
0	0
0	0
0	0
0	0
0	0
12	0
0	8
0	2
0	3
0	14
0	14
0	0
0	0
0	0
0	0
0	4
0	4
0	0
0	0
0	0
0	0
0	0
0	832
65	832
0	61
15	0
0	116
0	832
0	0
0	0
0	0
0	0
0	0
270	244
0	0
0	0
0	0
0	0
0	0
0	0
0	0
0	0
0	0
0	0
0	0
0	16
0	16
0	12
0	0
4	260
2	0
1	1
0	22
0	0
16	0
14	55
2	55
0	65
10	136
0	52
27	568
1	570
0	508
0	55
9	257
0	83
0	4118
0	0
0	0
0	0
0	0
0	0
0	0
0	1
0	0
0	0
4	1
0	3
0	3
0	3
0	3
0	3
0	3
0	0
0	158
1	312
0	0
0	0
0	0
0	0
0	0
0	0
0	0
0	0
0	0
0	0
0	0
0	0
0	0
0	0
0	288
0	260
0	82
0	0
0	107
0	82
0	1
4	22
6	0
0	0
0	0
0	0
0	0
0	0
0	801
0	179
14	196
1	226
0	144
11	2
0	29
4	7
1	770
0	0
0	0
0	0
0	221
0	725
0	220
205	257
0	194
0	203
0	233
0	61
0	102
0	44
0	33
0	25
0	16
0	60
0	261
0	22
0	4
0	5
0	4
0	361
0	572
0	45
0	45
0	0
0	39
0	12
0	45
0	45
0	39
0	45
0	45
0	77
0	0
0	39
0	52
0	52
0	45
0	260
12	260
0	39
2	4231
0	4434
0	205
0	259
0	82
0	45
6	59
7	0
15	0
0	195
3	337
2	334
0	0
0	0
0	0
0	0
0	0
0	30
0	30
0	1894
44	1923
0	593
2	541
0	369
5	78
0	112
8	24
0	235
250	961
0	388
4	777
1	103
18	196
1	500
0	307
13	179
92	1891
0	1665
0	93
19	186
0	1881
6	34
0	66
19	81
57	0
26	3
0	157
4	103
17	96
25	2
0	1132
0	2197
925	392
113	6
0	180
9	29
0	91
0	309
0	302
17	0
0	219
0	164
0	11
0	5
0	5
0	8
0	15
0	0
0	0
0	0
0	0
0	0
0	0
0	0
0	0
0	0
9	24
1	7
0	0
0	0
0	0
0	0
0	0
0	7
0	0
0	0
0	0
0	0
0	0
0	0
0	0
0	566
0	0
0	0
0	0
0	0
0	0
0	2628
6	1109
31	1016
0	127
1	87
0	0
0	770
0	0
0	0
0	0
0	1361
0	135
0	230
0	0
0	2533
0	146
0	0
0	0
7	1579
0	661
0	418
3	550
0	93
56	366
0	45
0	505
0	192
1	1206
1	106
0	737
0	160
44	136
2	143
0	0
3	183
0	0
0	0
0	264
30	1
0	0
0	0
113	674
0	0
0	837
0	0
8	832
0	0
0	0
0	0
21	124
0	0
4	150
11	2230
0	2018
0	1034
10	324
0	1766
0	1
0	2230
8	2728
7	2823
0	7
6	93
28	53
16	10
0	36
4	186
77	2807
6	31
0	23
0	19
0	19
0	19
0	16
0	19
0	0
0	6
0	0
0	0
0	0
0	0
0	0
0	0
0	0
0	31
0	31
2	1647
0	589
0	395
10	83
0	155
1	20
0	4
4	1592
17	1400
0	154
2	58
0	0
0	0
107	2670
0	2712
5	210
131	2576
4	674
0	27
0	2585
0	0
0	0
0	0
0	0
0	499
0	63
0	65
0	104
0	339
0	34
0	95
2	264
0	0
21	9766
0	3653
0	271
89	7871
0	226
308	1444
0	469
62	1658
2	1109
1	1808
0	294
7	381
19	119
63	1271
63	2479
7	2404
5	94
0	43
12	174
5	2
23	170
2016	970
6	179
15	156
8	275
0	158
29	274
4	43
0	166
7	91
29	284
0	0
0	0
1	23
0	23
0	0
0	8
16	0
0	23
5	0
14	370
8	0
0	0
0	0
2	14
14	0
0	0
0	0
0	3
0	3
0	538
1	629
0	552
0	88
22	365
76	660
38	561
3	88
0	6
116	95
3	24
22	85
0	0
0	0
0	0
0	0
0	0
0	0
0	0
0	0
0	0
0	0
0	2670
11	2104
0	1268
17	1230
274	740
1	6534
176	6916
6	253
138	1052
2	442
0	728
165	164
21	5471
851	497
0	479
1	3776
0	3656
0	3656
0	3656
0	3656
11	733
20	27
0	250
0	1208
0	696
0	87
0	201
0	358
0	293
0	403
7	6
0	64
0	66
0	107
0	107
0	96
0	95
0	95
0	85
0	43
0	21
0	1164
0	0
0	0
0	0
0	0
1	42
0	11
0	19
3	93
5	18
0	22
0	0
11	79
0	102
0	56
1	32
0	9
137	1254
4	1127
3	709
16	203
0	1054
0	325
7	157
0	195
0	61
0	0
0	0
0	3688
26	958
5	279
0	773
4	81
0	959
0	999
13	239
85	3490
0	0
0	0
0	8
0	9
0	0
0	0
0	0
0	0
0	0
0	6
4	1506
0	0
1	2
0	0
10	323
0	0
0	0
0	0
0	0
0	0
0	0
0	0
0	0
0	0
0	0
0	576
0	99
0	300
0	118
31	1094
0	172
7	111
24	231
25	13
0	1109
11	1132
0	0
0	0
11	0
0	0
0	0
0	83
0	87
0	87
0	59
0	27
9	14
0	6
0	6
0	8
0	0
0	229
0	232
0	33
0	150
0	110
0	120
0	236
0	0
0	0
0	0
0	2373
6	202
0	0
0	0
0	0
0	0
0	0
0	0
0	0
0	0
0	0
0	0
0	7
0	7
3	0
0	0
382	1212
0	0
2	520
28	578
0	524
0	5
0	54
8	13
7	195
0	38
0	23
0	92
0	92
0	62
0	28
0	18
0	92
0	0
0	0
0	0
0	0
0	0
0	0
0	0
0	0
0	0
0	0
0	0
0	0
0	0
0	0
0	0
0	0
0	0
0	0
0	0
0	0
0	0
0	0
0	5
0	5
0	0
0	0
0	0
6	0
0	0
0	0
0	0
0	0
0	0
0	0
0	0
0	0
0	59
0	18
344	1881
0	5
0	1
4	157
0	115
0	6
0	93
0	63
0	180
0	340
0	1
0	16
0	22
0	0
0	214
0	161
0	4249
2	305
19	600
29	254
93	462
0	3368
54	417
0	2801
4	1963
0	217
0	149
0	182
12	253
0	460
32	53
54	85
2	0
36	76
54	129
0	3720
0	3
0	12
0	12
0	12
0	10
0	12
0	12
0	2
0	2
0	2
0	2
0	2
0	0
0	0
0	0
0	0
0	0
0	0
4	76
0	0
0	0
0	0
0	0
0	0
0	0
0	12
0	12
0	0
0	0
0	0
0	0
0	0
0	0
0	0
0	0
0	0
0	0
0	0
0	0
0	0
0	0
1	0
0	0
0	0
0	0
0	0
0	0
0	0
0	0
0	0
0	0
0	0
0	0
0	0
0	0
0	0
108	946
101	379
0	827
4	779
0	747
7	65
3	189
2	120
0	65
0	85
1	33
0	71
7	164
11	107
0	252
0	1072
0	60
0	320
0	487
0	69
0	14
0	14
0	27
0	25
0	29
30	346
0	6
2	146
0	61
0	3
8	108
0	0
0	0
0	2
0	3
6	1
2	4
0	0
0	0
0	26
0	25
0	0
0	0
9	1926
284	807
49	890
0	602
0	353
12	0
0	1219
0	1056
0	1062
22	43
0	149
13	53
315	149
1368	374
34	52
25	64
0	2
0	5
0	0
4979	5672
507	5278
143	3237
0	3253
0	1304
1	35
17	8
0	26
0	26
0	35
0	1
3	27
0	0
0	0
0	0
0	0
0	0
0	54
0	11
2	54
11	582
1	28
4	886
0	523
0	830
0	0
0	0
0	0
0	0
0	0
0	0
0	0
0	99
33	1653
73	1263
6	359
0	1208
0	999
0	1144
7	1423
158	751
0	1473
0	293
0	264
0	876
0	1
0	18
26	0
16	190
0	183
21	341
0	89
3	1656
0	1170
0	1387
13	738
291	557
32	538
29	566
37	99
0	343
0	366
18	88
8	514
0	564
0	347
32	80
0	21
0	283
0	21
0	0
538	0
106	1121
0	198
0	0
0	0
0	0
0	0
0	0
0	0
0	0
0	0
0	0
0	0
2	325
0	0
0	150
0	640
0	90
0	822
7	729
0	67
5	784
0	657
59	533
0	41
6	457
0	173
0	42
0	76
0	0
0	80
0	221
0	221
0	221
0	240
0	221
0	18
0	35
0	240
9	244
0	244
0	1578
0	79
0	115
0	0
43	160
5	160
0	0
0	0
14	542
4	723
0	725
0	31
0	11
0	49
0	692
0	0
0	0
0	0
0	0
0	857
0	808
5	6
0	0
0	0
0	6
0	0
0	0
0	0
0	0
0	0
2	69
0	70
0	85
0	75
0	8
0	66
0	85
0	85
0	69
4	193
2	10
0	9
0	149
0	27
0	13
1	31
0	19
4	44
0	25
9	25
9	510
0	2566
46	1144
0	2019
10	2461
0	2179
14	134
0	2012
9	284
2	90
14	103
0	79
0	267
12	79
0	25
16	1
9	230
6	69
0	43
10	20
0	74
1	0
2	8
0	0
5	0
0	0
0	0
0	0
0	0
0	0
0	0
0	0
0	0
0	0
0	12
0	0
5	41
0	28
0	16
0	0
0	0
0	28
0	0
0	20
0	0
0	0
0	3
11	10
0	4
0	10
0	4
0	0
0	0
6	617
0	474
0	617
0	0
0	0
0	0
0	0
0	0
131	1325
11	1325
3804	0
0	109
0	87
0	22
18	4
0	4
0	0
5	63
0	63
0	0
0	175
605	76
21	35
0	0
0	4
0	4
0	2
0	4
1	4
0	4
0	4
0	0
0	0
0	0
0	0
0	0
0	2
0	1
0	866
22	866
10	1072
0	1093
0	129
0	1060
0	879
906	3391
0	727
0	36
39	159
160	2527
44	114
0	361
30	13
0	734
32	177
742	1796
10	1606
0	277
31	800
538	338
12	703
11	193
4	293
0	1
0	19
0	11
2	23
0	21
4	1
133	2036
26	2036
2	88
0	261
0	19
12	7
1	12
14	90
0	229
0	202
0	207
5	193
7	136
0	54
0	59
0	58
0	58
1	11
0	41
0	33
15	11
0	29
0	9
0	207
0	225
0	225
0	204
0	14304
0	13960
0	1124
175	577
0	799
0	5
0	14248
0	13893
0	11
26	102
0	102
0	1
19	9327
0	1160
0	326
2	512
0	654
35	518
0	435
0	426
0	364
0	245
0	172
0	120
0	37
0	37
0	5
0	0
0	0
0	9002
14	8347
1295	291
0	43
0	38
0	138
0	38
0	94
18	95
0	65
36	2826
0	1999
2	1040
0	1401
0	230
3	936
0	613
0	68
7	54
0	1
7	0
0	2807
6	0
0	6
0	18
0	0
0	0
0	0
0	0
0	0
0	0
0	0
0	0
0	0
0	0
0	0
0	0
0	0
0	0
0	0
0	0
0	0
0	0
1	348
0	219
2	340
0	113
307	668
20	234
0	234
13	445
14	79
1095	130
0	27
3	113
16	74
4	45
8	48
4	8
0	7
43	613
44	724
4	111
17	45
4	10
2	1
761	155
0	14
1	0
0	26
2	36
0	0
0	34
0	0
0	9
0	8
0	29
0	0
7	50
0	38
0	0
0	58
17	58
0	6038
0	5
0	5
0	3272
0	0
0	0
0	3195
0	6249
0	172
0	1185
0	1712
0	10
110	529
49	20
0	0
0	0
0	0
0	0
6	99
3944	3552
0	2789
0	1253
14	2912
0	21
0	82
0	45
0	48
0	738
0	60
0	170
70	8
0	261
0	146
0	108
0	406
5	736
1	0
0	46
7	761
6	108
0	97
7	58
0	762
77	1336
1	24
40	672
0	819
53	3124
273	3227
11	217
0	2447
13	1677
12	295
5	152
203	468
0	114
0	804
27	684
8	55
0	331
0	438
0	0
0	0
0	0
0	0
0	0
0	0
0	0
0	0
0	0
0	0
0	0
0	0
0	56
0	56
43	948
19	272
2	263
143	163
0	382
0	258
0	185
6	288
354	724
0	405
12	94
0	322
0	11
10	863
0	0
0	0
0	11
0	0
0	0
0	0
0	0
7	0
0	11
0	11
0	11
0	11
0	0
0	11
0	11
0	11
0	11
0	11
0	0
0	11
0	37
0	11
0	11
0	11
0	11
0	11
0	11
0	11
0	11
0	11
0	11
0	11
0	11
0	11
0	11
0	11
0	11
0	11
0	11
0	11
0	11
0	11
0	11
0	11
0	11
0	11
0	11
0	11
0	11
0	11
0	11
0	11
0	11
0	11
0	11
0	11
0	11
0	11
0	11
0	11
0	11
0	11
0	11
0	11
0	11
0	11
0	11
0	11
0	11
0	11
0	11
0	11
0	11
0	11
0	11
0	11
0	11
0	11
0	11
0	11
0	11
0	11
0	11
0	11
0	11
0	11
0	11
0	11
0	11
0	11
0	11
0	11
0	11
0	11
0	11
0	11
0	11
0	11
0	11
0	11
0	11
0	11
0	11
0	11
0	11
0	11
0	11
0	11
0	11
0	11
0	11
0	11
0	11
0	11
0	11
0	11
0	11
0	11
0	11
0	11
0	11
0	8
0	8
0	8
0	0
0	0
9	108
0	0
0	0
0	0
0	0
0	0
0	0
0	0
0	0
0	0
0	0
0	0
0	0
0	0
0	0
0	0
0	0
0	0
0	0
0	0
0	0
0	0
0	0
0	0
0	0
0	0
0	0
0	0
0	0
0	0
0	0
0	0
0	0
0	0
0	0
0	0
0	0
0	0
0	0
0	0
0	0
0	0
0	0
0	0
0	0
0	0
0	0
0	0
0	0
0	0
0	0
0	0
0	0
0	0
0	0
0	0
0	0
0	0
0	296
0	296
0	296
0	0
0	0
0	0
0	0
0	0
0	0
0	0
0	4
0	0
0	0
0	0
0	0
0	0
0	0
0	0
0	0
0	0
0	0
4	0
0	0
0	72
2	47
0	30
0	30
0	0
0	0
0	0
0	1
0	71
0	71
0	71
0	1
0	1
0	1
0	1
0	1
0	1
0	1
0	1
0	1
0	1
0	1
0	1
0	1
0	1
0	1
0	1
0	1
0	0
0	4
0	0
14	8
0	0
0	1
230	855
0	331
0	72
0	78
2	1
0	2521
83	2352
9	2066
0	2226
0	0
338	883
1	54
0	870
0	505
0	569
0	342
8	196
0	345
2	81
2	23
4	2
10	1
0	872
0	738
0	253
4	76
4	236
0	7
0	0
0	18
5	0
0	37
0	4
0	0
0	0
0	1
1	0
0	46
4	163
0	46
0	26
1	13
1876	79
0	79
0	0
0	0
12	1644
220	2043
0	1727
5	1616
7	158
0	227
0	1676
5	1883
0	18
0	266
10	5
9	922
35	1069
0	900
0	182
0	67
0	138
0	32
10	800
0	98
56	633
5	0
0	217
15	25
0	178
0	365
0	307
0	129
0	106
0	0
0	30
0	18
0	0
0	15
0	6
0	6
0	5
0	183
0	26
0	84
0	445
0	1201
0	1083
0	48
0	179
0	184
0	434
8	1212
0	38
4	1003
0	1015
7	42
5	0
0	146
0	146
0	49
6	13
0	18
0	11
104	561
0	2
0	44
7	68
7	92
0	527
30	549
0	554
0	562
0	348
86	514
16	589
0	13
0	17
4	89
30	343
0	0
0	0
0	0
0	0
0	0
0	0
10	0
5	1481
83	1579
35	15
19	538
0	50
0	358
4767	596
0	10
113	40
96	387
6	6
5	0
0	6
0	6
0	99
0	76
2	82
0	52
0	9
0	1
0	56
0	20
0	1
0	12
0	0
0	0
0	4
0	4
0	4
0	0
0	0
0	4
219	3078
0	2692
0	370
0	465
0	1101
35	354
0	0
0	0
2324	2465
37	190
2	437
200	566
0	432
14	366
55	114
120	315
530	267
201	351
20	767
20	43
2549	239
76	109
0	165
0	42
0	0
0	0
0	0
0	0
811	2987
3	1557
57	2134
18	2039
0	1838
0	1282
0	378
0	245
5	26
2	126
0	921
14	271
0	326
18	98
15	240
0	128
0	93
0	186
0	315
34	300
0	95
7	281
0	232
1	83
0	66
16	61
4	70
0	46
0	57
4	179
5	21
18	13
8	12
258	199
0	190
0	190
0	2
0	0
2	39
3	0
83	808
3	712
0	186
0	0
0	32
0	68
9	0
0	0
0	0
22	7401
79	263
224	7205
201	261
0	8510
0	8166
7	7035
0	6389
0	6100
17	5638
0	204
5	862
0	6711
0	7014
0	6258
0	6725
7	60
3	253
0	235
43	461
82	303
58	616
19	241
0	0
0	939
20	214
0	265
0	1392
188	1636
0	1402
6	222
0	1
48	12
0	1402
6	802
46	188
10	128
0	84
0	42
13	1
0	26
4	13
10	0
9	1397
0	0
44	467
0	0
0	0
0	107
10	58
0	1396
143	312
3	283
10	47
8	246
0	240
0	55
0	9
0	10
109	63
43	63
0	3881
162	3881
12	512
6	342
0	0
0	0
0	0
0	0
0	604
4	593
0	278
0	191
9	209
0	99
0	103
0	163
0	159
0	157
1	99
0	134
0	124
0	49
0	83
0	71
0	27
0	58
0	55
0	50
9	58
0	54
0	39
0	44
27	28
0	28
0	28
0	34
0	28
0	30
0	45
0	0
0	0
0	511
4	884
26	744
30	741
55	865
2	826
7	756
0	795
0	320
4	50
0	0
0	220
0	619
0	767
0	551
5	544
7	379
0	172
7	34
1071	131
22	74
0	0
0	0
0	0
0	0
0	149
47	216
0	79
0	10
11	7
0	7
0	150
15	194
0	946
64	891
0	312
15	979
0	246
0	624
0	481
0	746
5	784
9	610
0	152
14	252
10	437
1	841
0	492
4	677
6	632
0	491
0	127
5	172
0	171
0	81
0	120
0	2
62	144
1	150
0	46
0	16
0	54
5	17
31	97
38	53
214	102
0	83
0	116
0	0
0	0
0	0
0	0
0	42
0	0
0	0
0	0
84	0
0	0
0	0
2	0
0	0
0	0
0	0
0	0
0	0
0	0
0	0
0	0
0	0
0	0
0	0
0	0
0	0
0	0
0	10
0	10
0	0
0	0
0	0
0	0
0	0
0	0
0	0
0	0
0	0
0	0
11	0
0	0
0	0
0	0
0	0
0	0
0	0
0	0
0	0
0	0
406	941
0	256
17	923
7	800
1	300
6	746
4	315
0	1128
0	667
0	0
0	91
0	0
19	705
0	0
0	138
0	27
1575	0
7	257
0	87
4	234
0	19
0	285
7	268
0	0
309	1
0	1
0	547
0	260
0	324
0	294
4	177
4	215
7	291
8	39
0	547
0	0
0	0
0	0
4729	1633
0	1601
11	639
0	495
85	32
28	1346
0	294
0	592
0	1344
1	1288
0	1333
0	603
234	533
0	335
0	565
0	59
0	300
2	156
0	46
0	18
15	61
14	114
0	61
0	8
0	8
0	4
0	3
0	0
0	1334
27	1334
0	1271
0	1332
0	1332
0	1239
0	914
0	91
0	78
0	78
0	13
665	9021
9	12569
4	12535
0	1665
282	557
31	2918
0	2751
7	4536
8	6187
47	8913
0	3
15	5559
112	86
0	1275
0	1209
35	985
9	313
65	225
5	742
8	121
20	65
0	563
0	8
0	83
0	81
0	13
2	43
0	69
7	24
0	11
0	16
0	17
0	17
0	0
5	490
0	0
0	0
0	0
0	0
0	0
0	0
0	17
0	0
0	13
0	0
0	17
0	1345
0	0
0	1
3	20
0	21
23	1375
5	0
0	143
0	1289
12	121
58	84
0	17
1	28
0	16
32	87
0	23
0	7
0	1
26	1
0	7
0	1
0	0
0	16
0	1
0	0
0	0
3017	0
9	0
0	33
12	100
0	100
0	0
0	4218
1	1511
6	4354
4	7
0	38
4	256
0	934
7	16
0	31
0	180
6	34
0	51
0	304
0	631
9	1375
0	142
0	54
0	0
0	165
0	46
0	174
0	34
0	125
0	133
0	0
0	7
3	314
0	151
0	151
0	146
0	118
0	0
0	12
0	23
0	0
0	0
0	267
0	0
0	0
0	0
0	0
0	0
0	4
0	4
0	4
0	0
0	0
0	0
0	0
0	4
0	0
0	47
0	0
0	0
0	0
0	0
0	47
0	47
0	5
0	0
0	42
0	0
0	0
0	0
0	0
0	42
0	1
0	20
37	5043
0	241
93	289
13	1827
2	98
0	5043
19	442
105	511
0	9
0	69
29	0
0	20
0	0
0	0
1088	1
0	0
0	0
0	0
648	368
0	85
2	63
0	54
0	0
0	30
10	0
80	384
0	155
77	241
12	101
17	0
417	146
0	0
0	0
0	0
7	383
11	160
0	154
0	147
20	266
0	214
19	154
0	171
0	57
10	69
0	42
0	36
40	159
0	0
0	0
0	0
0	0
2	0
918	2544
26	2544
54	78
132	638
0	0
0	0
0	0
0	0
0	0
0	0
0	0
0	0
0	0
0	73
0	0
0	0
0	0
0	0
0	0
0	6
0	0
0	0
0	0
0	0
0	73
0	0
0	0
0	0
0	0
0	0
0	0
0	0
0	0
0	1089
7	1057
4	44
0	768
36	134
35	44
113	350
0	84
0	228
15	207
25	216
0	3
0	51
1	10
6	9
0	1
0	7
36	0
0	7
0	17
0	25
0	1
2	1
0	2
0	2
0	12
0	0
0	4
2	0
0	0
0	81
0	40
0	40
26	42
0	5
0	21
0	9
0	21
0	2
0	0
0	40
0	40
0	207
0	163
0	102
5	110
0	76
4775	6313
39	5874
81	550
97	5207
0	45
6	50
421	5187
23	1164
621	60
8	1537
0	121
0	0
0	0
0	0
2143	1373
0	138
0	287
29	426
0	87
0	1158
1890	467
0	157
0	0
0	0
0	27
0	0
0	27
0	0
0	0
0	0
0	27
0	27
0	0
0	0
0	7
0	0
0	0
0	0
0	27
0	0
0	0
0	0
0	0
0	0
0	0
0	0
0	0
0	0
0	0
0	0
0	337
1042	534
0	330
39	17
0	8
0	8
0	8
5	8
3	8
0	8
0	8
3315	2946
0	1776
4	1921
0	597
0	341
16	1324
24	734
48	362
0	352
0	170
0	3
0	10
0	17
0	333
0	335
0	318
2	0
28	130
0	3
30	8
7	46
34	38
1	78
20	92
0	68
0	33
0	0
8	0
0	0
0	1
0	0
0	0
0	66
4	49
0	1
0	5
14	32
0	0
0	0
0	0
0	0
0	0
0	0
0	0
0	0
0	0
0	944
2	141
1	948
0	970
0	94
0	9
0	141
0	31
4	275
0	3
7	11
0	11
0	8
0	1
0	1
0	11
9	28
94	28
0	3906
0	3941
138	3089
175	1212
34	1156
71	218
0	210
0	239
15	498
0	46
61	70
4	161
30	86
42	285
71	31
12	484
0	3914
0	0
0	0
0	0
0	0
0	0
9	407
39	2446
1	431
3	287
50	427
70	2162
0	2
60	251
0	57
10	49
37	279
14	35
0	104
0	69
0	55
0	104
0	118
0	15
5	241
0	88
0	145
0	239
11	166
0	86
0	112
0	113
0	96
0	115
0	2
0	4
0	24
0	167
0	257
0	22
3	116
8	1
0	90
0	11
2	219
0	48
0	74
0	20
61	71
1	117
0	21
0	2
7	269
8	5833
0	0
0	5120
0	5298
11	77
0	36
382	3633
2	486
11	268
70	120
0	5794
0	3
0	0
0	3
0	2
0	10
0	10
0	0
0	8
0	0
1333	627
54	9
53	189
119	298
0	362
0	119
10	0
27	743
18	72
2	49
22	643
20	266
0	128
11	124
22	653
0	184
0	417
8	699
0	620
18	20
0	693
0	0
0	0
0	0
0	0
0	0
0	0
0	0
0	0
0	0
0	0
0	0
1	99
0	0
0	0
0	0
0	0
0	0
0	0
0	33
364	73
4	35
38	1477
0	1251
24	1026
6	1021
14	387
8	52
12	207
0	92
0	422
16	18
0	22
2	359
0	131
2	285
0	179
0	91
10	6
0	359
28	99
31	16
0	174
25	72
0	4
23	1017
23	228
0	201
0	12
2	27
1	3560
0	574
6	10
0	124
5	318
2	10
0	31
0	10
6	25
0	572
0	108
0	239
0	254
0	19
0	0
4	13
0	13
14	17
0	5
0	12
0	3
0	258
0	107
0	435
8	2598
0	2159
0	376
0	2125
0	2244
0	2303
4	2309
0	2263
0	1335
0	2287
0	970
0	1885
0	1365
0	1781
0	1568
0	2272
0	223
0	942
41	66
0	1734
0	1158
0	875
13	1248
0	384
0	0
23	53
0	233
0	13
1	261
0	13
0	79
3	0
0	0
0	0
0	0
47	98
0	13
0	98
3	3016
124	3044
11	931
0	3034
8	2981
0	0
0	0
0	0
0	0
0	117
0	0
0	0
0	0
0	0
0	0
0	28
0	0
0	0
0	0
0	0
0	204
0	325
0	28
0	42
10	280
36	382
2	360
0	6
0	195
0	41
15	357
0	18
0	50
0	74
0	34
0	162
0	685
5	1060
0	659
12	140
43	1242
2	9
0	96
4	656
14	601
0	679
0	166
5	89
0	61
21	16
0	7
0	4
0	0
84	0
0	1225
0	772
2	457
0	864
0	623
0	660
0	517
0	553
0	647
0	396
0	764
0	80
12	370
0	117
3	33
0	1034
0	942
179	1780
6	66
2	66
11	698
2	719
0	17
0	456
129	344
0	815
45	77
0	457
7	615
1	31
1	71
0	122
3	39
0	0
0	0
0	0
8	0
0	0
0	0
0	0
0	0
0	0
0	7
0	26
0	0
0	7
0	18
0	44
0	0
3	0
0	0
0	0
0	0
0	0
0	0
0	198
13	31
0	206
0	185
3	151
0	171
0	171
0	0
0	142
0	90
0	74
0	200
0	185
0	94
0	23
0	114
0	81
0	185
0	185
0	116
0	206
0	186
1	200
0	116
0	0
2232	2667
2	1301
0	2588
34	38
0	2207
0	2188
0	2226
0	2139
0	2110
0	2255
16	383
0	89
8	179
0	492
45	96
0	0
0	0
27	0
0	0
2	620
0	1867
2	1790
0	1816
3	1739
15	110
18	581
0	1669
0	1761
13	162
3	1584
0	257
33	1062
0	59
6	38
1	11
7	107
0	100
0	231
0	302
21	293
47	5
1	0
0	1547
574	479
7	455
0	0
0	0
0	0
0	0
0	517
0	568
0	548
0	548
0	23
0	12
0	10
0	14
0	518
0	212
0	218
0	197
0	215
0	215
0	170
0	14
0	2
5	174
0	0
0	0
0	32
13	20
0	34
0	33
0	49
0	41
0	72
0	40
0	14
0	45
0	45
0	43
0	39
0	30
0	23
0	25
0	26
0	3
14	19
0	290
0	241
0	32
4	8
19	170
17	54
0	204
0	148
0	89
0	56
0	127
0	0
0	0
38	319
4	718
0	52
4	6
0	46
0	193
10	0
0	130
0	372
0	27
0	326
9	0
0	11
0	18
0	5
0	0
0	20
1	342
0	34
0	71
0	76
0	687
0	668
0	0
0	0
0	0
0	0
0	0
0	7
0	0
0	0
3686	1939
13	162
0	446
0	1390
192	647
0	289
0	149
6	782
0	743
0	652
9	782
0	652
0	636
0	221
0	200
27	116
7	87
8	4
0	72
0	0
0	37
0	50
0	0
0	10
0	707
0	15
39	13689
4000	13971
0	13932
40	13945
53	835
0	6666
23	5644
0	2
0	2
0	2
0	0
0	2
0	0
0	0
0	0
0	0
0	0
0	234
1	186
0	36
11	66
2	176
0	43
0	3
20	233
0	96
15	6
0	97
0	91
0	90
0	67
0	12
95	1870
0	177
17	41
0	238
0	0
0	1841
27	0
7	215
9	39
1	17
124	3082
0	3451
4	268
4	477
0	180
136	3044
0	105
8	297
7	438
0	544
0	314
0	318
0	169
8	1180
0	134
0	409
32	15
20	243
0	199
3	24
0	1
1	6
1	480
4	43
20	354
77	453
0	327
48	221
49	230
0	180
3	269
0	2945
0	81
0	0
0	3
0	3
0	3
0	0
0	3
0	3
0	3
0	3
0	0
0	0
0	0
0	3
2236	15284
0	1891
0	3
0	0
0	0
0	0
0	0
0	3
16	3
497	1507
0	889
11	171
2	497
9	16
0	99
0	0
0	0
0	0
0	0
0	0
0	0
0	0
46	711
0	0
0	0
0	0
0	91
5	2005
0	42
77	277
8	54
0	100
0	67
0	34
9	202
3	1904
6	319
0	178
16	169
8	91
0	293
45	1317
0	313
6	623
0	10
0	256
0	41
12	74
0	178
10	31
6	822
0	758
10	1
0	127
0	533
0	689
0	125
4	125
0	608
0	627
2	14
0	80
0	172
12	120
1	97
0	45
0	62
0	122
1	74
0	43
0	43
0	75
0	5
0	83
2	32
0	83
0	36
0	0
2853	550
0	182
12	137
0	78
0	222
4	6
0	6
0	0
0	0
0	0
0	0
0	0
0	0
45	583
18	433
109	459
0	47
0	83
0	69
0	42
19	1141
0	58
0	58
438	0
0	17
0	17
0	0
0	0
0	0
0	27
38	1922
0	86
0	0
8	1922
0	11064
26	2161
34	38
1	529
11	27
104	252
29	119
77	145
51	348
0	0
0	43
0	46
0	17
0	36
0	23
0	232
0	40
13	221
0	234
5	219
0	151
0	236
0	75
6	43
4	4
10	12
0	0
0	10
0	10
0	10
0	12
0	10
0	2
0	0
0	4
0	0
0	4
0	0
0	0
0	199
0	0
0	0
0	0
0	0
0	12
64	387
4	106
0	2
0	68
0	42
0	0
6	15
7	0
0	15
3	1
5	0
0	11
6	8
0	0
0	0
3	8
0	8
33	0
0	24
0	26
0	30
0	26
0	23
0	21
0	21
0	0
0	3
0	0
0	0
0	0
0	0
8	12
0	0
0	0
2	12
0	8
41	1032
121	1143
7	85
0	62
11	14
0	35
5	23
0	91
2	82
5	992
4	120
23	257
70	410
6	311
0	380
1	321
1	313
0	347
0	456
0	366
0	195
9	133
0	82
0	413
0	338
62	396
0	381
4	348
9	254
0	275
0	59
3	75
0	114
3	27
0	9
0	68
2	51
4	0
0	25
31	45
0	14
0	188
0	208
0	1128
12	172
0	0
14	198
74	1058
0	188
0	196
0	195
0	46
0	50
0	238
0	831
5	803
0	24
0	0
0	14
5	215
0	596
0	278
0	178
0	127
0	267
1981	226
0	0
0	142
0	86
0	6454
105	6454
43	66
18	15
7	148
21	27
0	444
0	572
0	0
0	0
0	0
0	0
0	0
0	0
14	314
0	371
71	562
0	417
0	94
0	142
0	0
0	0
0	0
2	0
0	0
0	20
27	38
0	21
0	5398
1096	10292
54	5387
338	1087
53	9184
157	4369
67	47
53	1156
1	498
0	575
4	13
3	42
0	137
0	152
0	158
0	75
12	9
6	202
25	11
0	189
111	138
0	30
0	48
127	1266
465	1114
14	82
0	506
888	140
6	86
19	0
0	0
0	0
16	583
0	17
0	30
0	32
0	18
0	18
0	19
0	0
10	1
0	0
0	1
0	1971
0	4
0	0
0	0
0	0
120	286
0	0
0	3
0	0
0	3
0	0
0	0
0	0
0	0
0	191
0	0
0	0
0	0
4	77
0	77
12	117
2	146
4	68
2	109
0	0
0	0
4	332
0	182
61	3766
0	3765
42	812
13	376
0	3211
181	69
3	126
13	46
5	5
0	34
0	303
0	231
0	174
0	0
0	0
0	0
9	0
4631	927
0	846
8	614
141	475
83	425
506	763
0	604
14	354
0	195
0	113
23	41
4	50
0	21
54	45
0	0
0	0
0	0
0	0
0	0
0	0
0	0
0	0
2	0
0	0
0	0
0	0
677	2308
16	1751
0	74
6	218
0	0
0	5
1	1317
0	132
0	1328
0	1292
20	0
0	1272
0	3
0	66
24	1346
9	616
18	663
1	142
0	125
0	139
8	27
0	18
20	982
41	81
0	52
0	100
3	30
0	67
0	41
0	63
0	54
0	35
23	28
0	3
0	0
0	0
0	52
796	583
0	105
5	485
0	30
31	42
0	305
0	21
0	52
2	71
6	76
1	50
0	161
1	277
992	2306
3	51
0	219
0	1811
5	577
174	789
0	236
0	236
0	33
0	33
12	555
0	197
0	236
0	27
0	406
0	20
0	409
0	0
0	3193
0	2262
0	2017
0	187
7	1615
13	862
0	122
0	154
0	47
13	0
49	263
9	0
0	7
0	0
0	36
0	44
0	43
0	85
0	35
0	64
0	34
0	36
0	34
2	31
0	0
0	1
0	1
0	1
0	1
0	2
0	0
18	325
0	335
4	441
27	346
104	282
12	157
25	0
0	150
5	79
0	5
0	1
0	31
0	20
0	19
4	114
0	4
0	3
0	25
0	19
0	66
0	20
0	21
5	106
16	111
1	95
0	129
0	29
0	19
0	182
0	0
0	150
0	43
0	37
0	1
0	56
0	22
0	151
156	92
0	34
0	31
0	24
0	5
20	0
208	57
28	5526
3191	8265
0	2900
0	120
65	2886
21	688
38	0
0	391
0	280
0	293
0	116
18	42
2	31
20	2
14	16
0	0
32	2166
0	47
0	218
3	69
0	47
0	611
0	0
0	0
0	0
0	0
0	0
0	0
0	0
0	0
0	0
0	0
0	0
0	0
0	0
2	0
0	0
0	0
0	0
0	0
0	0
0	0
0	0
0	0
0	0
0	0
0	0
0	0
0	0
0	0
0	0
0	0
0	0
0	0
0	0
0	0
0	0
0	0
0	0
0	0
0	0
0	0
0	0
0	0
0	0
0	0
0	0
0	0
0	0
0	0
0	0
0	0
0	0
0	0
0	0
0	0
1145	17
11	17
0	3
0	379
352	1068
1	79
0	902
0	936
7	378
0	896
7	61
0	185
0	156
21	25
0	50
0	25
0	51
0	37
0	2
0	16
0	51
0	0
0	0
0	6
0	0
0	10735
86	9064
338	1090
386	9820
5660	9516
32	8694
180	1332
0	360
5	4762
0	1559
941	42
33	1997
430	741
0	55
0	2929
270	703
0	596
0	527
16	635
1	3004
3	22
0	51
0	77
0	95
0	291
12	20
6	0
0	71
0	151
0	71
36	0
0	6
0	174
0	42
0	23
0	73
1023	934
6	36
0	74
0	32
0	38
12	62
33	723
17	22
18	99
4	8
267	877
15	151
0	0
0	38
0	38
0	48
0	21
11	0
0	0
7	256
0	269
0	224
0	62
5	24
0	39
5	7
0	34
1	11
14	4704
0	4930
23	3783
28	4694
54	4694
3	4850
12	2166
6	424
0	1175
0	1541
0	1584
0	1369
280	4925
0	603
0	4889
0	0
1	114
11	60
0	155
0	87
0	17
0	155
0	0
7	32
0	0
0	32
0	0
0	0
0	0
0	23
0	5
0	22
0	22
6	1
0	1
0	11
0	2
0	9
0	0
0	0
0	0
0	0
0	0
0	0
0	9
0	0
0	0
0	0
41	242
0	1
0	1
8	0
0	0
0	0
1519	4115
28	114
0	3904
34	2867
0	2767
0	0
0	0
0	0
0	0
0	0
0	0
0	0
0	0
0	1360
1	108
4	2
0	231
0	2099
0	2133
0	1822
0	1190
0	265
3	336
12	45
0	251
0	56
0	1659
5	142
0	181
115	464
14	2514
69	2513
59	565
0	0
0	0
0	2959
0	767
3	252
705	7607
0	223
146	183
0	3859
0	6180
0	7241
467	79
0	48
218	6883
75	211
0	49
2	1
0	1
0	0
5	205
1800	208
58	147
0	0
51	2193
239	2619
0	3103
3	688
14	2953
12	2845
13	3347
12	3061
27	1222
0	215
173	101
0	881
40	673
5	336
0	0
0	355
1	679
0	396
15	373
35	314
0	152
1	101
3	99
0	166
22	0
0	0
0	4
0	0
0	0
13	4
0	0
0	4
4	2
0	0
0	0
0	0
0	0
0	0
30	393
8	690
0	2070
2	2441
328	2653
0	417
0	877
0	630
0	27
34	546
4	122
6	409
1	189
0	2677
1	138
0	157
0	218
0	168
14	176
0	50
4	52
0	74
0	24
0	14
4	25
0	14
0	14
0	14
0	5
0	5
0	0
0	0
0	78
0	9
0	9
0	9
4	0
0	0
0	0
0	2
20	290
1	262
0	316
0	73
11	7
0	0
0	0
0	0
0	0
0	0
0	7
0	7
0	15
29	146
5	193
0	229
0	186
0	7
0	14
0	122
0	23
0	24
3	156
2	54
1	11
2	161
0	150
0	131
0	49
3	36
4	51
0	46
14	1
0	0
0	1
0	175
0	1709
7	140
0	1727
0	1813
4	506
4	1159
0	1157
7	1050
0	1716
0	993
0	22
2	1109
0	971
0	1011
15	1703
0	1062
0	285
0	1131
0	962
0	84
0	5
57	83
202	102
0	111
0	1682
0	0
0	0
0	0
0	0
0	386
1	1913
0	2
198	2187
46	132
1	1105
46	206
16	2
418	1967
10	9
0	1913
0	725
140	563
744	418
8	320
4	0
0	13
30	33
0	13
930	74
4	0
555	0
0	62
0	217
8	217
0	210
0	222
0	201
0	25
0	962
0	24
9	1026
0	873
0	93
0	23
3	88
0	529
0	693
0	51
0	51
0	55
0	28
0	28
0	847
0	364
0	28
0	66
0	1
3	9
6	16
5	95
0	485
19	381
0	477
0	304
1	300
13	5
4	15
0	3
0	0
0	63
4	37
190	296
0	698
0	0
0	0
0	0
0	0
4	0
0	0
0	0
0	0
0	0
0	22
0	3
0	64
0	64
0	65
0	65
0	34
0	34
0	69
0	69
0	64
0	3
0	3
0	72
0	56
0	0
0	3
0	21
6	7
0	54
6	1
0	16
11	49
20	42
0	0
0	0
0	0
0	0
0	0
0	0
0	0
19	256
186	270
40	270
4	18
0	10
0	2
0	7
0	2
0	2
0	7
0	2
0	0
0	0
0	9
0	0
0	9
0	0
0	0
0	0
0	310
0	360
37	636
0	60
0	59
6	262
0	91
0	246
0	137
7007	15222
0	14866
69	410
13	1641
0	88
2113	426
0	1790
25	24
0	636
66	828
7	1115
456	88
60	580
0	245
0	12
230	0
12	200
369	2786
4	56
53	157
0	1137
0	2649
0	0
0	0
10	3
0	0
0	0
0	0
0	3
0	0
0	0
0	0
0	0
0	0
0	0
0	0
0	0
0	0
47	135
131	569
6	497
173	375
0	135
0	121
10	60
0	4
0	4
0	0
0	64
0	64
2	194
0	0
0	59
0	59
0	64
0	64
0	59
11	64
0	59
0	59
0	59
0	45
0	58
0	45
0	51
0	49
0	26
0	130
0	6
0	0
0	1
0	1
0	1
0	1
0	0
0	5
0	0
0	0
0	0
0	5
0	0
0	5
0	0
0	0
0	67
0	7
0	4
0	0
0	4
0	0
0	0
0	0
1	0
0	5
0	5
0	2
0	0
0	5
0	5
0	5
0	0
0	0
0	0
0	5
0	0
0	0
0	5
0	0
0	5
0	0
0	2
0	2
0	2
0	5
0	0
0	5
0	0
0	0
0	3
0	3
0	0
0	3
0	3
0	0
0	59
0	35
62	66
26	87
0	0
33	0
17	21
50	88
22	121
38	1348
34	0
16	1336
0	1145
5	1057
0	753
0	1336
0	218
31	92
0	152
0	258
76	26
13	53
0	217
42	239
2	180
22	149
0	1336
536	697
4	679
0	19
0	33
0	0
0	0
0	0
0	172
9	34
4	1072
7	1033
0	386
0	456
0	432
0	233
59	237
0	28
142	570
0	49
0	90
0	1071
0	1145
0	1071
2	10
34	1044
0	1103
21	1053
0	115
0	40
0	1077
1484	368
6	312
3	554
0	553
0	481
30	235
2	468
3	403
0	478
0	286
0	172
0	497
0	110
0	225
6	78
0	19
0	82
1	37
0	78
0	140
8	122
0	264
1419	706
0	57
0	0
0	708
0	76
9	0
0	32
0	32
0	0
0	8
0	99
4	37
0	0
0	10
0	10
2	0
0	10
0	10
0	149
49	522
0	509
0	79
0	0
0	515
0	0
0	0
0	0
0	56
1	27
1	133
0	117
17	58
2	1029
4	103
7	305
33	445
0	962
0	217
0	139
0	854
6	45
0	77
71	36
50	281
43	1
0	60
0	0
373	4128
0	4
0	1506
0	3152
1	3842
0	3055
0	3705
0	2170
12	2454
0	943
81	1145
0	1890
53	153
20	34
0	36
0	1945
6	323
3	47
0	1184
1	360
19	399
0	101
0	279
0	186
0	227
0	424
7	29
0	0
0	0
0	0
0	0
0	24
1	0
0	0
0	0
24	1069
74	943
0	98
0	0
171	75
0	35
0	68
0	49
0	46
0	35
0	6
0	0
0	0
4	1041
2	986
0	907
0	735
0	229
0	49
0	130
4	43
1	95
5	26
2	33
5	0
11	0
0	0
0	0
0	0
0	0
0	0
41	4797
56	4397
0	585
27	1411
0	468
1752	32
180	446
21	24
0	37
7	356
0	388
2806	1002
26	1002
9	0
0	0
0	0
0	0
0	0
0	0
0	0
0	0
0	0
0	0
0	0
0	1448
224	4287
12	4287
2	1173
12	1566
0	1392
0	1421
6	454
52	40
0	32
0	0
0	699
42	768
0	203
0	129
2	699
6	682
98	222
3	139
465	125
5	149
0	419
77	540
4	533
154	84
0	72
0	13
0	0
0	0
0	0
0	0
0	0
0	0
0	0
0	0
0	0
0	0
9	186
0	0
0	509
0	0
0	0
0	0
652	647
26	83
0	4
35	145
5	66
6	419
0	13
0	47
14	0
9	10
39	41
3	358
0	0
0	0
0	8
0	8
0	8
0	4
0	4
0	0
0	8
0	0
0	0
0	8
0	0
0	3
21	1328
0	0
11	375
0	369
0	61
3	346
13	45
0	0
165	0
0	0
0	11
0	0
4	0
0	11
11	0
0	11
0	11
0	139
0	0
0	0
0	0
0	6
0	134
0	137
0	94
59	581
20	166
5	259
275	729
28	10
6	117
0	116
12	17
3	194
0	76
0	71
0	1710
5	1029
66	71
0	2238
6	2048
43	317
14	1609
13	276
3	554
1	13
0	114
0	551
17	350
0	21
3	459
35	94
71	430
0	502
0	339
0	398
0	0
0	283
71	289
0	27
0	1815
0	23
0	10
0	10
0	0
0	26
89	504
0	510
8	139
122	423
0	335
5	64
0	114
0	1459
0	51
24	397
0	113
0	199
0	0
0	3
0	1390
0	0
0	0
0	0
0	0
0	211
0	211
0	0
0	0
0	14
1	890
0	945
1	969
0	206
0	890
0	950
63	331
6	181
0	198
1	89
34	152
0	0
0	0
0	0
0	0
2	71
70	143
0	108
0	6
0	0
0	0
0	0
0	0
0	0
0	0
0	0
0	0
0	0
5	28
9	19
0	28
0	28
0	28
2	722
91	1011
4	0
1	299
5	311
24	20
1	299
0	262
0	0
3	22
0	7
10	0
34	1802
9	4644
0	1529
19	4803
0	2346
0	51
0	100
18	57
0	1273
0	122
0	114
0	1169
26	0
0	8
4	39
16	312
0	14
67	17
15	17
73	601
29	560
6	22
5	82
6	565
0	51
0	1234
0	1018
0	21
642	282
47	100
8	109
0	122
383	1100
0	128
0	9
14	215
7	71
0	236
0	92
7	17
0	1631
96	1677
0	1638
0	49
0	164
0	163
0	85
0	45
0	56
0	0
29	399
0	12
0	12
0	12
0	0
0	0
0	0
89	1965
28	633
15	1854
0	491
149	372
44	179
0	36
0	172
14	206
2	93
15	74
0	10
0	11
0	2
0	6
0	5
0	1
5	158
0	0
0	48
0	3
0	0
0	0
0	0
0	0
0	1
0	0
0	13
0	18
85	18
0	0
0	0
0	0
0	0
0	0
0	0
0	0
0	0
0	0
0	0
0	0
0	0
0	0
0	0
0	0
0	0
0	0
0	0
0	0
0	0
0	0
0	0
3	0
0	0
0	0
0	3
0	0
0	0
0	0
0	0
0	0
1	19
0	0
0	0
0	0
0	3
0	3
0	3
44	59
1	40
6	57
0	0
0	63
0	97
0	1968
4	2102
1	114
0	41
0	2105
0	2048
0	310
6	128
6	1993
0	2067
48	1965
0	2109
0	2052
0	2035
0	106
0	59
19	50
12	1853
34	483
0	1462
0	124
6	307
21	832
638	725
0	2068
77	1784
2	1204
0	1784
0	1379
0	1523
14	723
0	0
12	1431
13	20
1	108
0	65
0	1341
0	461
0	22
0	7
0	46
0	278
0	110
1	6097
0	5472
0	4973
4	711
75	5837
20	1
0	1316
140	12
9	66
0	5771
0	6034
0	0
0	0
0	0
0	2859
634	4244
0	4198
0	4206
157	100
0	12
7	8
18	8
0	0
1	0
0	4198
29	4263
0	0
0	0
0	0
0	0
0	0
0	0
0	0
0	0
0	0
0	27
0	40
0	27
12	40
0	27
3	86
0	103
0	95
0	93
0	73
16	11
0	31
0	22
3	23
0	1019
0	118
0	9
0	87
0	993
0	895
269	12
22	12
0	0
0	0
66	185
0	183
0	2958
0	1515
13	1568
0	2368
0	0
0	0
0	1
17	322
0	0
0	163
0	234
0	250
0	147
4	119
0	49
4	46
0	50
0	22
2	2
0	51
0	19
0	42
1	428
0	420
0	432
0	434
0	442
0	31
0	175
1	38
1	39
31	33
19	54
0	12
0	424
0	428
0	411
0	419
0	430
674	518
0	211
2	85
0	55
6	46
0	239
0	101
1	25
0	22
0	0
0	0
0	0
0	0
0	0
0	0
0	0
0	0
0	0
0	0
0	0
0	0
0	0
0	0
0	0
0	720
3	144
796	935
0	125
10	393
1	317
4	50
0	411
0	360
0	25
0	53
0	262
13	40
0	0
1	0
0	10
5	0
0	7
4	0
0	92
0	69
0	23
15	493
0	0
0	0
0	0
0	0
0	0
0	0
0	0
0	0
0	0
0	0
0	0
0	0
0	0
0	0
0	0
0	0
0	0
0	0
0	0
0	0
0	0
0	0
0	0
0	0
0	0
0	0
0	0
420	3185
9	704
0	594
0	557
0	643
2	656
0	330
0	0
154	264
0	60
3	15
4	133
0	85
57	85
11	83
22	0
0	643
0	693
0	571
0	704
0	0
0	0
0	0
0	0
0	0
0	1398
50	1423
10	88
0	42
0	32
0	185
0	0
0	0
0	0
0	0
0	0
0	459
16	15
0	523
0	463
0	5
0	13
0	195
0	29
0	23
0	23
7446	5275
226	3473
34	1625
17	2242
2	1358
24	1329
5	1286
2	482
0	426
12	235
1091	213
0	105
13	64
0	30
0	8
0	0
0	6
0	0
0	0
0	0
0	0
0	4
0	12
0	0
11	0
5	0
1	1104
136	913
6	369
23	112
0	580
57	0
10	3872
6	2109
18	187
0	11
11	1165
1	58
76	401
0	33
0	212
0	3922
26	4377
29	3060
0	91
10	131
86	299
18	36
13	111
6	9
31	286
0	22
1	98
0	315
0	24
0	16
0	4389
178	279
0	1470
37	76
0	1
0	0
0	0
0	0
0	0
3	0
130	765
9	149
0	69
51	482
18	122
0	398
45	91
31	205
31	209
0	202
3	144
0	1
0	18118
42	10760
284	10433
0	14788
0	13445
0	10934
0	11336
64	7053
87	11153
0	8545
4	7065
0	6733
0	729
0	1901
14	5031
0	5062
151	1761
0	3378
5	6
0	3103
0	1772
2	1687
0	1663
10	4522
0	7
0	7
1	15270
2290	3461
12	3461
41	222
0	89
0	90
15	112
0	90
2364	9
0	9
0	1
1	1
0	0
0	78
0	0
0	0
0	0
0	0
13	222
32	214
2	218
0	85
0	27
0	2
0	2
0	135
0	145
0	34
0	84
2	132
3	3831
1	35
4	35
2	65
0	50
0	1
6	46
0	102
14	213
0	135
0	135
12	0
0	82
0	3667
4	89
12	181
0	149
10	425
0	61
3	155
58	2999
0	3254
0	155
0	51
32	259
0	153
0	132
6	96
0	49
0	0
2	0
0	197
0	17
0	213
0	153
207	201
0	135
4	0
0	0
6	925
0	844
0	106
0	1005
0	786
0	680
10	176
0	64
0	73
0	0
1	42
32	0
0	49
3	420
0	478
0	0
0	5398
0	0
19	2553
7	2617
13	2445
0	437
0	126
0	51
0	6
14	3
0	0
0	51
19	544
0	37
0	10
0	67
0	124
0	153
0	53
0	1205
0	143
5	1278
0	218
0	601
0	150
1	228
0	47
0	545
0	1
0	76
0	70
0	57
88	19
0	1943
23	1
77	0
4	0
0	0
0	0
0	0
0	0
921	1638
15	65
0	296
35	1016
0	1434
32	177
50	289
0	703
0	1147
5	193
5	452
13	265
0	1059
0	347
225	1082
65	181
0	1147
0	446
0	0
0	0
0	0
0	0
0	0
0	0
0	0
0	0
0	0
0	0
3	1400
7	141
0	161
0	196
0	37
0	2
1	249
0	283
0	174
0	139
0	32
0	1226
0	376
0	474
5	28
0	238
0	359
50	52
7	917
0	840
0	805
0	572
0	452
0	400
12	309
0	209
0	129
0	20
2	107
29	166
0	111
0	11
0	71
0	106
0	62
0	44
0	72
0	45
0	41
0	62
0	1
0	812
3	80
6	78
0	727
0	766
58	15
27	699
19	706
8	9
0	27
6	62
0	42
3	36
2	50
11	715
104	13
7	135
32	122
12	48
499	524
1	447
0	524
0	479
0	409
0	72
0	71
0	71
3	6
0	6
12	235
0	265
17	238
23	238
0	0
0	85
0	0
24	1965
29	1321
0	13
0	0
0	0
0	0
0	0
0	0
0	0
0	0
0	0
0	0
7	296
0	7
6	0
0	85
209	109
0	66
0	2
4065	5196
280	5165
3	5037
1	3981
0	3438
5	2409
0	2405
0	262
2033	262
0	0
0	0
0	0
0	0
0	1906
16	1328
11	1788
2	80
0	6
0	1482
0	1739
2	1347
3	257
0	1
13	26
0	67
0	55
0	121
0	249
0	109
0	17
13	276
0	107
9	221
0	112
0	183
5	31
20	804
0	10
47	804
5	100
0	0
0	0
0	0
0	0
0	0
0	0
0	111
49	132
5	143
0	82
0	674
0	235
0	617
0	561
0	656
0	575
0	631
0	488
0	598
0	648
0	600
18	667
0	566
5	645
0	549
0	376
0	184
5	192
0	230
0	229
0	237
0	237
1	0
0	29
0	2
0	257
1	230
5	197
0	233
0	193
0	337
0	279
13	291
0	0
0	118
0	43
0	43
0	48
0	42
1	37
0	0
0	0
0	29
5	0
0	828
0	948
35	948
0	261
0	0
0	0
0	6
0	31
0	31
0	0
1074	193
0	4
4	189
6	50
0	0
0	0
0	0
0	0
0	0
0	0
0	0
0	0
450	604
0	512
0	341
0	51
0	127
0	149
10	1
0	1
90	94
0	75
0	153
2	166
0	182
0	80
0	124
30	0
0	0
0	10
0	18
7	18
0	0
0	304
0	451
6	286
0	312
0	398
0	0
0	0
0	0
0	327
0	1037
0	1149
0	1212
0	631
0	90
0	33
0	350
0	230
5	342
0	672
0	750
0	699
3	597
157	215
0	108
0	301
0	38
0	148
89	10
6	214
0	134
1	97
1	3350
12	3512
16	1771
0	2228
154	720
405	333
32	105
290	114
0	183
18	176
0	350
3	119
0	0
0	0
0	0
0	0
0	0
0	0
0	0
0	0
3	8755
1182	10659
21	1478
0	6775
0	9
38	391
0	215
0	28
6	82
1	140
80	0
23	75
11	5
0	1
47	27
0	0
101	2386
10	811
0	324
19	125
0	1609
0	124
0	4709
0	673
0	0
90	60
1	106
118	1265
98	24
162	1184
0	3
27	2
2	103
21	52
21	0
0	0
0	0
0	0
0	10462
3	4942
0	2434
0	2866
0	0
0	0
0	0
0	0
0	0
0	0
0	0
0	0
0	0
0	0
0	0
99	4842
0	4490
71	640
0	1590
4	1597
0	1032
92	1489
6	186
7	864
0	302
8	380
0	3764
1	13
74	93
12	0
0	3
0	0
0	90
0	90
0	24
9	22
0	4
0	145
79	145
1354	630
135	76
117	545
0	5
0	0
17	1085
48	1069
79	273
63	455
125	43
9	620
167	621
0	6916
0	228
0	259
0	0
0	280
0	249
0	25
0	12
0	13
0	16
0	44
0	37
0	79
0	30
0	66
0	71
0	79
0	35
0	42
0	193
0	0
6	13
0	16
24	68
0	10
0	0
0	32
2	32
0	32
0	32
0	31
0	31
0	5
0	2
0	7
0	5
0	5
0	0
0	2415
0	0
0	0
0	0
0	149
0	0
0	0
0	0
0	0
3	3
0	0
0	3
0	0
0	3
0	0
0	827
132	827
4	202
0	187
0	181
3	182
0	161
5	99
0	135
30	42
0	187
0	327
17	327
0	2
0	0
0	0
9	0
998	0
75	9
0	9
0	1733
0	14953
468	8873
0	17681
0	14157
59	11981
11	3851
124	440
173	14996
8065	17476
9	11975
189	7344
80	46
288	227
0	27
5	36
0	0
0	0
0	0
0	39
6	630
2	11
12	10
0	9
15	607
11	1
0	0
0	2
19	46
0	2
0	0
19	2
0	34
0	2
0	0
0	5
0	0
0	0
0	0
0	0
0	0
0	0
0	0
0	0
4	294
0	0
0	0
0	0
0	0
0	0
0	0
0	0
0	0
0	0
0	0
0	0
0	425
63	7449
64	578
13	608
6	161
36	464
0	686
23	91
0	0
11	7344
7	7344
13	0
814	198
33	20
10	15
0	178
0	22
0	127
1	1006
5	1051
242	225
14	15
0	0
0	0
0	17721
480	2067
70	5192
13	8923
28	1919
0	1301
425	712
583	123
895	7301
20	1645
19	16109
39	2175
0	2448
0	2608
0	2361
11	2563
0	2570
0	2738
1	2492
0	2651
0	2564
0	2483
4	2427
0	2579
0	2563
63	959
0	433
18	450
6	258
36	424
0	434
1	188
6	507
0	380
0	79
37	2696
0	0
0	0
0	0
0	0
0	0
9	775
269	1318
0	122
4	196
1	582
0	72
0	103
5	347
0	806
0	210
71830	1277
0	334
0	260
13	138
3	903
0	0
0	6
7	0
0	903
1	0
1334	1314
8	2274
540	2332
28	585
25	416
24	12
17	34
29	267
6	0
6	1650
0	0
0	0
7	4
288	304
0	699
248	1006
5	690
0	0
642	639
26	637
42	640
0	5130
0	5141
0	5170
2	8498
106	9421
32	10124
0	9421
121	4333
0	0
3295	3123
16	2879
3	473
0	575
5	193
0	44
70	556
0	434
0	287
0	2
26	11
0	28
0	0
0	7
0	28
0	21
0	64
0	46
14	53
0	21
0	3
0	3
2	14
0	1
0	26
0	0
0	4
0	2
0	57
0	8913
210	8637
171	8869
1	8201
0	8068
38	8161
9	8162
9	2148
538	6109
14	223
0	113
12	1733
62	361
13	27
27	766
0	104
0	89
0	289
0	199
2436	3847
79	3538
0	3507
54	850
8	1526
32	1060
0	582
40	443
11	323
0	571
11	431
0	253
98	490
31	259
0	109
3	366
0	126
0	265
0	232
20	57
0	57
24	57
0	40
0	12
0	1
0	0
0	10
0	12
2	1
0	1
0	0
0	11
0	103
11	115
0	59
5	79
0	94
1	255
12	202
0	190
0	124
13	204
0	146
2	63
0	96
4	116
0	108
0	98
0	36
6	10
0	1
0	0
0	12
0	0
0	0
0	0
0	0
0	0
0	0
0	0
0	92
0	297
0	560
0	770
0	751
0	0
0	0
0	0
0	0
0	0
0	0
0	0
0	0
0	0
0	0
0	101
0	123
2	151
0	169
20	347
0	148
0	1
12	0
0	211
0	22
0	135
14	2
0	0
0	0
0	0
0	0
0	0
0	0
0	0
0	0
0	172
0	46
0	563
0	2
0	70
0	16
0	593
6	36
0	152
7	558
0	16
0	17
0	2
8	1
0	13
0	32
0	79
0	71
0	61
0	122
0	5
0	539
9	557
156	8473
0	161
51	6384
0	8278
0	2537
5	223
10	170
38	187
24	2662
0	84
37	2403
0	6
0	45
0	45
0	0
0	45
0	0
0	0
0	0
3	0
0	0
0	44
156	645
0	10
0	3
0	7
0	2
0	7
0	7
0	0
0	0
0	0
0	0
0	0
0	0
0	0
50	15659
0	486
0	2376
15	481
6	367
0	15713
0	371
0	8749
0	15385
2	8311
0	12423
0	12933
0	4559
0	1556
0	3967
15	0
0	6841
0	6979
0	3043
1	2542
0	1469
23	1485
2	1524
0	1065
0	736
25	0
163	344
12	10
0	23
27	139
0	6755
0	0
0	0
0	0
0	0
0	0
0	0
0	0
0	0
0	0
0	0
0	0
0	0
0	0
0	1
0	0
5	1035
16	2878
9	2476
12	893
9	1115
206	2419
0	885
5	1165
0	771
0	70
0	389
0	219
0	7
0	1142
20	89
0	381
1373	1568
67	1
0	0
0	30
18	33
2	1767
0	5
0	1767
481	1083
0	44
12	883
4	280
18	303
0	0
0	0
0	0
0	0
0	0
0	0
0	0
0	0
0	0
0	0
0	0
0	0
0	0
0	0
0	706
0	660
0	0
0	613
0	23
0	613
4	8
0	2
0	0
0	3
0	3
0	3
0	0
0	0
0	0
0	0
0	0
0	2
0	2
0	22
0	22
0	18
0	17
0	17
0	22
45	1287
1	172
0	54
0	2133
0	3
0	3
0	3
0	1793
0	0
0	25
107	498
0	527
0	2
0	1108
7	0
27	7
0	410
4	13
33	13
1	7
8	7
77	474
0	1770
0	1788
0	9
0	9
0	0
0	0
0	0
0	0
0	8
0	9
0	7
0	9
0	0
0	9
0	9
4	8
197	433
0	489
123	449
21	101
0	257
12	0
12	60
0	0
107	864
0	59
0	0
0	467
6	164
6	17
0	51
0	7
0	54
0	861
3	285
0	263
70	224
7	255
0	72
4	25
0	0
0	54
0	32
0	11
0	6
0	0
6	22
0	24
127	406
2	144
2	450
18	216
0	315
0	79
0	6
0	235
0	19
0	295
0	199
0	396
709	1712
21	776
10	659
0	123
2	578
0	655
59	280
146	758
0	15
3	5
0	181
0	176
0	89
12	38
0	24
0	23
0	0
137	141
0	8
6	145
0	0
220	3969
47	2027
7	959
13	480
0	194
0	0
0	8
48	117
5	15
3	4
20	48
19	77
1	1339
7	1377
0	0
0	0
0	0
0	0
0	0
1	0
0	0
1736	715
12	701
0	22
0	43
32	9
5	21
19	11522
2	11952
2	3136
68	7460
2	457
0	149
226	148
8	355
94	214
12	347
21	605
19	0
26	171
11	141
5	219
0	146
0	35
0	0
0	8
0	8
0	8
0	0
314	75
0	70
37	177
35	1225
0	1594
0	951
0	554
4	1370
0	284
6	218
0	178
0	160
0	73
0	0
0	1514
0	227
0	85
0	84
0	84
0	194
0	0
0	61
9	8
0	54
0	103
8	97
13	15
57	0
14	368
43	24
0	63
9	11
0	24
17	28
11	78
0	7
8	709
147	592
37	549
3	133
0	77
7	93
0	82
4	124
0	43
1	84
0	4
0	4
0	0
4	77
0	0
0	0
0	0
36	85
0	6
0	79
0	0
0	0
0	75
0	0
0	48
0	5
6	5
0	0
2	0
0	1
0	0
0	8
0	4
0	5
0	0
13	0
0	96
0	55
0	0
0	47
0	0
0	8
24	925
12	1318
37	2008
16	641
0	1226
221	0
1	0
421	0
0	0
0	0
0	0
0	0
0	0
0	0
0	0
0	0
0	0
12	4580
0	3623
325	4112
4	353
0	5015
0	0
0	948
0	1062
298	1285
28	907
29	63
0	974
6	933
0	212
42	177
0	143
0	234
0	14
0	14
0	14
0	14
0	0
0	0
0	44
0	43
0	45
0	10
28	54
0	32
0	34
0	35
0	1
0	0
0	1
16	11872
0	6080
0	1325
5	5
190	11893
0	0
0	0
0	0
0	0
0	0
0	0
0	7
0	15
0	15
0	10
0	10
0	10
0	10
0	2
0	2
0	0
0	0
0	0
0	15
0	33
0	7
0	144
2	133
0	88
0	2
0	89
0	144
13	131
0	142
0	120
0	124
0	119
0	111
0	108
0	52
45	393
0	20
0	17
0	27
0	9
9	33
0	0
0	38
0	39
0	113
0	37
6	361
85	5702
59	3234
81	2988
0	2623
0	4518
10	3690
6	4496
0	4476
0	4397
0	112
23	581
4	241
0	312
0	983
2	991
0	977
0	1026
5	858
0	850
0	828
0	794
62	492
7	552
0	503
0	450
0	303
0	147
0	239
0	90
0	56
0	1
4	2
0	0
0	0
60	137
0	0
0	0
0	0
0	0
239	882
29	788
166	881
0	23
29	854
0	0
0	98
0	98
11	391
43	228
12	307
0	348
0	369
0	65
5	41
0	53
13	1
3	1
0	0
0	0
0	0
0	0
14	4572
42	4546
71	5945
0	2357
0	0
163	960
0	1078
7	1888
6	3043
62	784
195	460
0	0
0	0
0	5
0	5
0	313
1	759
0	54
0	679
0	19
0	704
0	42
4	33
0	0
0	6
0	0
6	0
0	11
0	0
0	0
0	0
0	0
0	0
0	0
0	0
0	0
0	0
0	0
0	0
0	0
1	233
0	0
0	0
0	0
0	0
0	0
0	0
0	0
0	0
0	0
0	0
0	0
0	0
0	0
0	0
0	0
0	0
0	0
2	214
0	0
0	0
0	0
0	0
0	0
0	115
1	0
0	0
0	0
0	0
0	0
0	0
67	297
0	297
7	7
0	6
8	2
0	0
0	0
0	0
0	0
0	0
0	0
0	0
0	0
146	198
181	198
0	0
2	0
0	0
0	0
0	0
0	0
0	0
0	0
0	19
2648	5681
39	4854
0	821
0	725
0	21
0	72
25	6
0	67
0	0
99	2466
6	2343
0	645
90	38
2	37
1	37
0	0
0	0
0	0
0	0
0	0
0	6
0	68
0	8
113	108
0	0
20	2839
0	2887
0	1719
0	1695
0	1695
23	2932
5	165
0	786
1	292
0	419
0	157
21	1786
62	167
0	1857
52	1482
0	679
8	0
0	0
3	30
353	167
0	39
4	105
0	48
18	42
0	0
645	221
8	46
0	98
17	31
36	0
0	77
0	171
260	3825
17	3620
8	492
0	102
0	30
8	33
0	15
12	204
31	887
1043	1145
11	1069
49	76
27	155
11	2565
2	905
23	2079
78	993
0	788
143	1574
59	459
0	637
0	2
0	2011
3	25
20	22
0	268
0	0
9	0
50	2037
0	0
0	2041
0	2042
51	1
0	193
0	8
18	194
0	487
20	134
0	21
0	39
0	83
0	41
0	487
240	114
0	99
5	23
0	25
0	0
0	7
0	7
0	7
2	0
3	20
0	0
0	1
0	0
0	0
0	0
189	1642
12	194
0	1643
0	314
23	1611
0	286
401	115
23	115
0	622
11	114
0	4
0	0
0	178
0	620
1118	763
308	206
32	371
0	622
1	210
549	522
88	511
0	127
188	7805
422	7863
407	7248
10	7290
1	7138
40	7267
2	3692
85	2439
7	398
16	450
0	19993
16	20340
0	0
1	8
0	177
10	560
0	289
3	289
1	516
4	474
0	431
139	285
0	1
0	336
11	82
0	10
0	584
0	431
11	560
0	1814
0	85
0	5
0	5
1900	19986
0	20031
23	3814
8	5391
0	42
64	221
1	19
0	2
34	233
0	1276
0	1647
201	214
2	589
0	31
0	1073
0	26
0	140
0	115
0	102
0	6
0	131
3	401
10	511
13	15
17	246
0	100
6	52
0	790
0	0
0	0
0	0
0	0
0	0
0	254
36	0
0	23
0	157
0	234
0	11
0	222
0	8
1	196
6	213
0	19
0	3
0	3
0	18
0	10
0	116
0	0
0	12
9	44
0	29
0	11
0	37
13	4
6	42
0	0
0	32
0	238
0	0
0	0
0	0
0	0
0	0
0	0
0	0
0	0
53	55
38	105
14	4014
0	188
0	83
54	83
0	1097
0	3894
0	3934
236	40
759	308
14	171
1	209
7	101
1	106
7	133
0	13
0	27
11	62
0	99
0	5
10	392
5	366
0	104
0	59
0	93
0	16
62	107
37	138
0	56
0	18
152	160
0	0
0	0
15	56
3	25
3	31
15	73
16	14
0	7
0	0
0	8
0	0
0	8
0	8
0	0
0	0
0	0
0	0
0	647
0	132
0	136
3	129
0	123
63	494
0	25
43	33
9	185
1	17
0	200
7	51
0	190
0	132
0	492
0	238
41	445
0	276
0	229
0	0
0	618
35	530
0	39
0	57
5	29
0	0
7	0
10	313
7	0
0	46
43	0
14	25
207	53
7	553
0	0
0	0
0	0
0	0
0	0
0	51
48	556
0	537
323	514
6	1
0	91
0	34
13	15
0	1087
11	6145
23	5337
17	2106
4	386
1	70
0	17
0	119
82	146
7	4
4	5981
0	6099
0	0
0	5
0	5
0	5
0	0
0	0
0	1178
0	1065
0	68
0	1178
0	17
66	1497
0	3
0	13
6	4581
17	76
0	1392
0	868
0	1392
0	627
0	627
0	49
0	17
0	1330
202	379
17	380
0	379
0	23
0	2
8	0
2	157
0	108
6	103
33	65
13	0
0	157
0	9
0	9
0	0
0	0
0	0
8	4032
7	2468
0	14074
0	0
729	13927
0	3242
2	5574
13	9897
16	4505
2	10785
0	5955
27	1782
13	794
108	2145
11	4862
35	3147
16	838
17	602
0	189
0	603
0	288
0	602
186	166
0	0
0	0
0	0
0	0
0	0
0	0
355	3954
0	0
0	0
439	853
51	588
5	191
0	245
0	204
0	49
0	148
34	10
0	38
0	0
0	1913
279	8949
10	940
0	112
11	448
7	481
0	608
0	600
0	824
0	32
0	897
0	487
13	71
43	687
0	193
151	967
35	898
0	8936
0	0
18	5
0	0
0	0
0	0
18	0
0	15
0	1082
0	1088
0	1026
0	5
0	1032
0	30
0	107
0	289
0	999
7	840
153	998
19	259
8	705
0	174
5	128
1	3
1	57
0	0
15	49
1058	509
2	238
0	0
69	15
0	215
11	49
0	45
6	91
0	99
0	1
0	5
0	5
0	2
0	0
0	2
0	0
7	42
0	2
0	0
0	0
0	0
0	0
0	0
0	0
0	0
0	0
0	0
0	0
0	0
0	0
0	0
0	0
0	0
0	91
16	27
0	27
0	27
0	0
0	0
0	0
0	0
0	0
0	0
0	0
0	0
0	0
0	0
0	0
0	0
0	0
0	0
0	0
0	0
0	0
0	0
0	0
0	0
5	7
0	1
0	0
0	355
0	24
7	279
22	310
0	80
0	26
6	177
0	42
0	172
0	30
22	85
16	40
0	133
0	224
0	50
38	56
161	513
0	153
0	3
140	626
0	314
0	143
0	0
0	14
0	0
0	39
0	0
0	9
0	43
0	1020
0	412
0	405
0	226
200	839
0	249
29	84
7	75
0	80
0	22
3	12
5	7
0	1009
2094	3674
0	341
0	338
0	2494
2	1696
14	1337
0	221
463	157
0	40
1	0
0	751
0	0
3	40
9	35
0	24
2	0
0	3
0	0
0	3
0	4
0	0
0	4
0	4
0	4
0	4
23	29
81	30
0	1
29	503
0	0
0	0
0	0
0	0
0	0
5	99
0	15
0	0
0	1
0	0
0	0
0	0
0	0
3	76
0	0
0	0
0	0
1169	550
0	55
99	20
0	1
311	358
106	389
0	145
10	7
30	998
0	40
0	0
10	676
0	80
0	79
8	13
0	18
4	13
6	105
25	63
0	1
0	66
0	126
17	304
0	80
0	380
0	993
0	582
0	937
11672	1217
21	90
11	1113
3	24
58	1543
3	117
0	69
0	0
0	1491
0	56
0	56
5	1460
0	56
0	10
0	38
0	71
0	93
1	188
4	30
0	0
0	0
1143	36
0	13
39	140
21	360
79	399
0	122
13	213
1	46
0	0
0	0
0	0
0	0
0	0
0	0
0	0
0	0
0	0
0	0
0	0
0	0
0	0
0	0
0	0
0	0
0	0
0	0
15	0
0	22
0	19
0	0
0	0
0	195
0	113
0	29
0	100
0	45
0	100
0	118
0	111
0	0
0	191
0	102
0	108
0	101
0	19
0	0
0	0
1	0
423	2062
0	517
0	499
1	483
152	349
0	459
86	577
38	645
0	312
0	264
28	313
1	4
13	160
18	559
0	189
15	336
0	143
14	318
13	31
0	0
0	0
0	0
0	0
0	0
39	0
9	2935
43	2364
13	953
14	2976
58	10
0	66
2	258
0	179
122	0
0	427
3	399
3	349
19	235
0	4
22	7
62	0
20	4
19	23
0	210
0	102
8983	0
0	0
0	0
14	0
0	0
0	0
101	0
5	0
0	0
0	0
845	1454
19	940
8	360
0	229
0	86
0	128
0	211
0	164
7	67
10	45
0	149
0	154
0	70
3	65
0	136
0	58
5	36
0	630
0	679
2	87
0	21
127	275
23	256
0	25
0	0
0	232
0	248
1	21
22	189
0	226
0	40
0	142
0	109
8	384
3	304
6	311
4	130
19	114
13	45
0	119
9	393
0	0
0	0
0	86
0	117
9	61
0	93
0	192
40	211
1	29
0	8
0	29
3	38
6	60
0	88
14	197
0	48
10	344
13	560
0	463
90	638
4	372
0	560
11	246
8	423
13	89
6	0
0	199
0	50
0	1
0	1
0	0
23	146
0	4
0	0
0	0
0	6
0	0
0	6
0	0
0	0
9	1493
0	1191
99	3872
0	830
9	395
0	2732
397	2780
0	1806
6	255
0	234
25	269
0	284
12	180
0	148
0	129
14	399
69	74
0	181
22	175
447	125
253	64
0	1924
3	34
6	47
14	84
0	13
1	48
0	50
0	19
0	45
5	33
0	44
0	16
0	0
0	20
0	16
23	0
0	0
0	0
13	2147
0	2167
6	50
0	7
0	0
0	26
8	2188
0	47
4	97
204	1199
8	1174
2	1221
0	55
2	23
5	16
8	31
6	13
16	11
35	59
25	851
0	34
1	35
0	34
0	4
0	19
0	0
0	0
3	1
0	0
0	0
0	0
0	6
0	0
0	0
0	0
0	0
0	0
0	6
0	6
30	133
18	1406
0	1699
0	1608
0	14
37	0
30	270
0	75
20	0
113	14
0	117
0	21
0	9
16	102
6	111
47	775
0	104
0	404
165	546
2	118
61	120
15	193
5	153
4	179
0	10
0	2573
46	2454
27	6
0	107
0	2257
0	2317
0	1608
0	290
0	295
73	295
0	1200
139	1603
20	95
11	99
0	83
0	33
0	279
5	7
8	2090
105	113
0	0
0	0
0	0
1	30
7	29
0	13
0	12
0	24
28	37
8	107
22	1707
23	1647
7	20
0	40
173	1099
0	40
1	1
0	0
0	4926
5	11321
0	11611
16	0
0	0
5	0
3	0
0	747
20	84
20	309
2	288
0	271
4	722
0	155
0	298
0	375
0	77
0	283
4	267
0	28
49	0
194	3
5	15
5	0
0	0
0	0
0	0
0	0
0	3
0	3
0	0
0	0
0	0
0	0
0	0
0	0
0	0
0	0
0	0
0	0
0	53
0	6
0	0
0	8
0	0
0	0
0	0
0	0
0	0
0	0
0	0
0	0
0	2
0	2
0	51
7	10
5	16
0	10
0	16
27	0
0	0
0	12
0	12
0	6
0	0
0	0
0	0
0	0
0	0
0	0
0	0
0	0
0	0
0	0
0	0
0	0
0	0
0	0
0	0
0	0
0	0
0	0
52	2398
0	301
150	895
3	257
47	2221
16	2441
0	0
0	2
0	2
0	2
0	2
0	0
0	0
0	0
0	0
0	0
0	0
1	0
0	0
0	0
0	2
0	2
0	194
0	43
0	24
10	34
0	43
0	33
0	42
0	33
0	42
0	194
2	33
2	1206
3	1222
0	1212
0	1350
11	1275
0	1066
0	1185
0	389
0	136
0	315
0	252
2	89
15	156
0	0
0	0
0	12
0	0
0	0
0	3
0	1
0	0
0	9
0	9
9	8
0	0
0	30
0	0
3	0
0	23
0	23
0	19
0	11
0	0
0	8
0	3
0	8
0	8
0	8
0	8
0	0
8	0
0	23
0	0
0	0
0	6
0	157
0	0
0	0
0	0
0	0
0	0
0	0
0	0
0	0
0	3
0	4
0	0
0	0
0	0
0	0
0	0
0	0
0	0
0	0
0	0
0	0
0	0
0	0
0	0
0	1
0	0
0	1
0	1
0	1
0	0
0	0
11	39
0	41
0	39
0	899
0	73
5	937
0	20
0	13
0	20
0	40
2	67
0	39
6	917
0	8
0	47
0	5
26	2
0	22
0	42
2	922
3	853
0	0
0	490
0	111
148	697
0	108
0	0
0	463
0	679
54	195
0	221
0	269
67	1852
1	1851
0	53
0	116
42	52
0	28
0	75
10	120
28	63
0	1
0	180
1206	2291
22	287
0	444
0	432
11	337
0	0
0	5
0	668
0	676
0	0
0	0
0	0
0	0
0	0
0	0
0	0
0	0
0	0
0	0
0	0
0	0
0	0
4	102
0	0
0	0
0	0
0	0
0	0
0	0
0	0
0	523
0	17
0	0
0	6
6	13
0	0
3	172
2	3
0	6
0	22
10	20
13	58
25	163
0	523
0	318
4	5682
540	3631
57	669
41	702
105	392
200	88
0	220
11	141
4174	1658
68	262
2	1282
0	472
0	338
15	328
17	5245
0	131
2	519
0	30
0	6
0	0
0	505
2	22
0	27
0	19
0	33
0	5
0	44
0	0
0	25
0	65
0	390
0	411
0	26
14	3
0	0
0	0
8	267
0	87
0	38
0	66
0	73
0	60
0	12
0	87
0	64
0	5
0	49
0	13
0	12
0	0
0	0
0	0
0	0
0	0
0	0
0	0
0	0
0	0
0	0
0	0
0	0
0	0
0	23
0	23
0	0
0	0
11	0
0	5
0	22
0	22
0	6
0	588
0	910
0	1062
0	400
0	1012
27	336
0	1
0	627
0	1007
0	40
0	197
0	606
10	0
0	0
4	50
10	171
62	141
10	0
0	102
50	12
25	135
0	0
0	0
0	0
0	22
0	22
0	0
0	22
0	0
0	22
0	3
0	11
0	3
0	3
0	0
0	19
0	0
10	468
62	498
25	435
0	0
0	0
0	0
0	0
10	0
124	236
45	333
9	250
0	104
0	47
0	364
0	44
0	19
0	327
0	270
0	285
0	110
6	149
19	11
10	6
0	303
0	318
0	343
17	361
17	257
19	7
0	83
0	0
0	34
0	7
0	12
0	0
0	7
0	0
0	13
0	0
0	211
0	0
0	0
0	0
0	0
0	0
0	0
0	0
0	1815
0	51
59	1539
0	79
0	1744
44	23
85	145
11	95
0	129
0	1790
0	339
0	376
0	278
0	29
0	272
0	274
0	0
6	0
0	0
0	0
0	0
0	0
0	0
0	0
0	1
0	1
0	0
0	0
0	0
0	0
0	0
0	0
0	0
0	0
0	0
0	0
0	0
0	0
0	0
0	0
0	0
6	2
0	0
0	0
0	0
0	0
0	0
0	0
0	0
401	3911
39	3038
0	3530
0	3133
3	121
15	0
0	286
584	210
0	71
0	74
0	74
0	58
2	124
49	143
3	46
14	132
20	94
0	0
0	0
0	0
0	281
0	0
9	24
0	24
0	0
0	0
0	39
0	19
0	248
0	56
0	90
0	1
0	227
0	247
0	0
0	0
0	0
0	0
0	0
0	0
0	0
0	0
0	123
0	124
61	1170
0	0
56	2297
0	77
37	118
3	16
76	184
0	115
5	206
0	21
776	0
5	185
0	0
0	0
189	125
8	125
0	0
0	0
0	0
0	0
0	0
0	0
0	0
0	0
0	0
0	0
0	0
0	0
0	0
0	0
0	14
0	0
0	0
7	946
3	797
159	2312
34	4
46	0
11	234
69	1645
0	183
0	28
0	8
0	249
0	630
166	1194
0	597
0	681
0	336
11	883
0	135
0	0
1	116
5	180
47	82
0	124
0	162
325	377
0	332
0	233
2	342
0	50
0	84
0	126
0	0
0	69
0	29
0	0
0	8
0	0
0	294
0	8
0	8
5	106
0	373
5	343
0	66
0	107
0	396
0	412
0	380
1	49
24	218
0	41
18	86
0	34
0	373
1	391
0	347
16	9
0	0
7	1280
0	1
36	815
633	923
0	43
0	304
0	31
2	155
0	2
0	20
0	13
0	0
7	65
11	15
0	0
0	2031
0	1871
0	0
0	413
0	106
0	259
0	224
0	67
0	238
0	238
22	188
0	54
0	0
0	36
1	144
28	395
5	388
39	355
0	173
0	129
0	158
72	0
0	399
29	0
0	0
0	0
0	0
0	0
0	0
0	0
0	0
0	0
0	0
0	0
0	0
0	0
0	0
3375	537
12	94
9	405
2	259
3	381
0	0
0	0
0	0
0	0
0	0
4	0
0	0
0	0
0	0
0	0
0	0
0	0
0	0
0	96
0	46
12	26
0	44
1	58
3	41
0	0
0	49
0	51
1	23
0	3
0	13
0	12
9	78
0	75
0	13
0	24
12	19
0	77
10	48
0	22
11	371
0	56
0	17
33	390
0	235
9	46
10	362
0	315
0	332
0	0
3822	427
12	331
42	161
0	40
77	7
102	9
1	1116
0	0
0	0
0	0
0	0
0	0
1	295
6	1194
0	86
6	103
0	80
0	22
0	56
0	33
0	273
0	0
0	0
0	0
0	0
0	0
22	54
101	455
3	59
2	59
12	443
26	399
4	305
0	80
0	64
4	123
39	185
0	73
18	18
7	2
0	188
0	889
57	984
51	745
17	689
24	205
0	324
26	0
2	4496
0	4532
0	3
0	2
0	3648
0	1408
15	1290
0	443
0	66
0	20
0	1885
0	1608
0	868
0	0
0	40
0	40
0	749
0	47
16	104
10	5
0	38
2	0
0	1
0	39
0	0
0	23
0	23
10	29
0	0
0	0
0	2
0	21
0	3
0	21
0	3
0	0
0	3
0	0
0	0
0	0
0	0
0	0
0	0
0	0
0	0
0	16
48	16
4	48
9	48
0	0
0	0
0	0
0	0
0	0
0	0
0	0
0	0
0	0
16	43
0	22
6	5
2	6
0	1139
0	793
1	1069
0	0
0	0
1	1624
36	195
0	15
0	40
0	741
0	664
0	735
0	78
0	135
0	183
0	311
0	162
52	595
49	506
0	741
0	0
0	0
0	0
0	0
0	0
134	439
0	117
0	143
0	35
0	234
8	116
13	207
0	0
0	0
0	5
0	5
0	0
0	5
0	0
0	0
0	0
0	0
0	0
0	0
0	0
0	0
0	200
5	3
143	0
0	0
0	0
0	0
139	263
11	82
0	253
77	387
0	295
8	310
0	132
0	73
0	1985
0	1871
24	538
0	1739
0	381
0	409
0	58
4	871
0	2
1	48
0	0
0	1
0	0
0	193
23	0
0	0
0	233
0	233
8	176
0	16
0	14
0	0
0	865
0	17
83	1
1	1
0	3
0	0
0	0
0	0
0	8
0	7
0	3
0	3
0	0
0	0
0	0
0	0
0	0
0	2
0	191
0	2
0	191
0	0
0	0
0	0
0	0
0	0
0	2
0	2
0	0
0	0
0	2
0	2
0	2
0	0
0	0
0	0
4	538
0	548
32	296
6	389
0	372
0	340
0	354
0	239
9	3
14	0
0	117
0	34
7	0
0	90
0	7
14	0
2	43
5	14
0	0
0	14
11	14
0	12
16	1296
0	1205
64	1036
16	1121
0	570
1	114
0	1199
0	0
0	0
0	18
0	25
0	7
0	14
0	18
0	14
0	0
0	1
0	5
0	1
0	0
0	0
0	0
0	0
0	0
0	0
0	0
0	0
0	0
0	0
0	0
0	0
0	0
0	0
0	0
1560	231
58	0
2	137
55	93
2	0
0	1
0	1835
6	1774
2	34
150	1755
1	0
39	296
14	116
0	1688
6	1370
0	59
0	59
0	0
0	0
0	0
0	0
0	0
0	36
0	0
0	0
0	36
0	0
0	0
0	0
0	0
0	0
0	0
0	0
0	0
0	0
0	36
0	0
0	0
0	0
0	36
0	0
21	81
8	64
0	0
0	1
0	0
0	0
0	26
0	19
1	18
0	0
0	0
0	0
0	3687
0	3959
82	1607
24	325
23	44
0	132
9	29
0	118
0	62
0	93
0	34
28	93
0	2535
146	3894
0	3931
0	3784
0	0
0	0
0	0
0	736
0	756
10	923
65	1112
0	295
0	15
0	88
55	929
0	827
6	926
0	127
0	87
0	38
136	521
40	347
143	669
2	226
6	454
0	14
0	1
5	632
0	544
20	437
0	6
2	169
0	1
0	17
0	0
0	10
33	303
50	9
330	45
2	100
0	146
0	0
0	272
0	238
0	274
0	195
0	1969
0	249
0	1946
0	1936
12	177
0	130
0	66
0	219
8	1983
2	1994
1	1984
0	238
0	1848
0	96
0	186
0	188
0	151
22	1415
0	0
0	1
0	41
69	1630
0	117
0	87
32	20
1	122
31	98
15	5
0	1100
6	50
17	37
0	67
10	0
0	132
0	194
24	1370
0	130
8	0
0	0
0	5
0	0
0	5
0	0
0	0
0	5
0	0
0	0
0	61
0	0
0	0
0	0
0	0
0	0
0	0
0	0
0	0
0	0
0	0
0	0
0	0
56	607
2	525
8	139
0	204
0	83
1	247
9	75
32	1014
0	918
0	2241
26	1699
14	2042
15	1908
21	2165
22	1807
0	2
0	2
0	2
0	2
41	712
0	1390
11	966
123	935
5	1394
3	1580
0	984
152	784
0	657
127	487
0	127
18	75
8	80
9	80
0	0
0	0
573	212
0	61
0	60
0	58
0	0
18	58
0	56
0	57
0	2
0	56
3	10
11	799
4	680
18	779
0	736
0	281
19	73
19	521
56	52
237	0
0	801
3	315
0	707
0	0
0	0
18	289
2	301
0	111
0	27
3	20
0	20
7345	963
0	439
0	181
64	325
245	18
0	1
0	1
0	1
5	27
0	1
0	1
215	359
4	276
0	335
0	255
0	142
0	276
2	311
0	77
3	47
1	59
0	4
33	0
481	202
0	143
14	232
0	218
7	31
0	106
5	92
0	70
16	10
1	61
4	0
0	2
0	53
0	2
0	2
0	3
0	3
0	3
0	3
0	2
46	8
0	0
0	2
0	0
0	0
0	0
0	0
0	0
0	521
0	512
0	352
4	355
0	262
0	20
0	119
0	31
0	4
0	49
0	29
5	12
836	499
26	81
0	123
0	122
21	326
6	175
0	0
0	0
0	0
0	0
0	0
22	107
130	1769
0	128
30	27
0	868
8	1554
0	13
0	49
0	36
0	0
0	311
10	41
21	58
26	3195
10	2935
7	2736
1	1362
7	3
0	191
0	153
0	91
0	15
811	816
0	595
0	96
46	148
44	13
10	0
0	1578
0	1697
4	1322
0	5
0	285
0	187
23	126
0	49
16	232
13	475
4	84
9	295
5	193
38	167
1	1469
11	130
4	242
0	55
0	242
2	108
0	107
0	124
0	1610
4	140
0	262
0	204
0	1745
23	244
14	51
1	1715
0	343
0	185
5	72
0	193
0	139
17	119
12	132
2	332
4	400
4	61
0	399
16	1606
0	0
0	0
0	0
0	0
0	0
0	0
0	74
0	0
0	0
0	0
153	54
0	54
11	354
13	388
48	8
3	42
12	57
2	23
18	69
0	128
35	127
1	149
2	88
0	287
44	0
17	149
1	64
39	324
0	37
0	206
2	3
1	0
100	50
17	503
0	490
0	635
10	953
0	2245
55	433
0	193
0	193
0	193
0	440
1	2616
0	337
0	329
0	2718
0	2
6	2671
445	4505
0	3451
0	957
972	2407
0	2927
0	2957
8	935
0	949
51	2129
6	2719
0	2372
0	476
3	2785
0	2845
0	3082
19	2389
0	285
0	2781
0	57
0	2630
0	342
0	2346
0	2188
0	2320
0	2594
0	2181
0	2356
0	648
0	648
2423	633
10	584
6	437
0	247
0	2828
47	1473
0	2828
0	1541
0	1943
8	130
0	161
0	299
1	122
0	73
0	582
0	411
7	200
3	0
0	13
0	13
0	1
255	35
4	59
0	7
1	282
0	239
0	137
4	29
9	532
846	847
0	132
0	1
0	31
0	52
11	15
39	240
7	256
0	2
846	344
18	309
0	35
0	0
0	0
0	0
0	0
0	0
0	0
0	0
0	0
0	0
0	18
17	56
0	16
0	19
0	6
0	6
0	19
16	1625
8	187
68	273
0	1586
13	1153
0	184
297	4584
10	73
0	0
0	60
1	889
0	589
11	3548
0	561
0	60
16	4534
0	0
0	0
0	0
0	0
0	0
0	0
0	0
0	0
11	1598
12	366
10	824
39	1548
43	490
4	775
0	570
3	413
28	826
0	15
0	203
18	223
0	58
0	276
6	235
0	127
0	134
0	129
0	144
1	129
0	1
0	1
0	0
0	0
0	0
0	0
0	0
0	0
0	1
2	67
0	35
1	21
1	25
0	3
0	9
0	5
0	0
0	0
21	13
0	0
0	2
0	65
0	42
0	265
6	6
8	308
13	6
0	264
0	6
0	41
0	179
2	195
0	118
1	214
12	233
17	663
0	266
0	256
0	256
0	1125
0	837
0	1019
0	966
0	824
0	517
0	175
55	342
6	236
0	174
0	203
0	31
0	153
0	134
0	128
0	170
4	15
17	68
0	11194
0	0
0	0
0	0
0	1941
0	1841
0	1877
1	2347
0	0
0	272
0	272
0	272
0	272
0	0
0	0
0	0
0	0
0	0
0	0
139	18
4	18
819	1544
8	1544
18	182
3	179
0	0
0	68
0	30
0	0
0	0
70	249
34	365
1	306
0	249
0	3867
0	954
0	1116
0	463
0	454
0	251
0	137
0	76
11	44
0	43
0	0
295	3914
35	13
0	1
0	0
0	0
14	3209
27	1963
0	3967
53	4075
0	430
2	3821
12	4833
17	380
29	214
0	4388
2	10
0	19
0	10
0	19
0	40
0	80
0	79
0	74
1	15
0	18
0	18
0	8
0	15
0	28
0	580
33	231
0	0
0	0
0	0
0	0
0	0
0	0
0	0
0	0
193	398
3	170
0	214
0	150
0	153
3	56
2	45
26	13
0	0
10	4
0	0
0	0
0	0
0	0
0	0
0	0
0	0
0	0
0	2
0	2
0	0
188	2174
7	24
0	1023
0	2274
182	2302
72	155
4	41
26	130
5	64
35	0
0	0
0	799
0	724
94	485
0	834
233	360
9	496
11	563
0	27
0	13
6	191
0	62
0	3
0	21
0	16
0	3
0	16
0	3
14	22
3	7
15	43
111	837
0	129
21	993
0	615
0	315
6	275
2	441
0	417
0	142
0	217
0	240
0	135
138	212
0	122
0	0
0	548
54	212
0	178
0	34893
0	28005
0	39136
9	24559
321	21370
2	35054
0	28376
0	27787
145	12148
8	5500
0	4843
4	2200
197	18981
4	13471
90	6281
0	4897
107	3858
2	5194
0	5086
0	4677
0	4339
0	2907
4	2729
7	3697
4	585
1111	995
0	236
0	322
0	469
0	258
0	155
6	244
0	0
0	0
0	0
0	0
0	0
0	0
1	9
0	0
0	0
0	315
3	275
0	334
0	289
2	42
11	245
0	185
15	17
3	61
0	10
3	10
0	74
14	620
0	0
0	292
0	225
0	0
0	0
0	1895
0	3475
0	303
0	0
0	1026
57	124
5	353
0	57
0	19
0	30
0	31
0	19
0	305
0	529
0	261
0	212
0	179
0	100
180	788
6	85
1880	648
1	513
27	83
10	30
0	19
0	19
164	71
0	21
0	26
0	26
0	21
0	19
11	28
0	17
0	0
0	0
0	4
0	4
0	4275
0	4254
7	3524
7	12
181	1704
9	2083
0	1766
0	1773
0	45
0	4275
0	1244
0	370
7	5
25	314
8	171
0	1828
0	1799
0	146
504	300
0	300
5	322
0	176
0	296
0	297
0	127
0	0
0	194
7	24
22	343
1	1
0	23
25	1907
0	1954
0	1954
0	2393
0	2509
0	2408
0	1954
0	1954
0	746
39	385
23	416
0	355
0	0
0	0
0	1273
0	1028
0	1243
57	524
1	23
0	1059
0	433
0	1111
0	100
0	1182
0	112
0	51
0	61
0	1243
0	1005
3672	352
0	6
0	6
0	6
0	0
0	6
0	6
0	6
0	6
0	6
0	6
0	6
0	5
0	5
0	6
0	6
0	0
0	5
9	0
0	5
0	0
0	5
0	0
0	6
0	0
0	5
628	368
7	168
0	250
0	78
5	60
0	28
0	23
3	16
0	24
0	0
9	0
0	0
5	0
0	1
0	1
0	0
0	0
0	1
0	0
0	0
0	0
0	0
0	0
0	0
0	0
0	0
0	0
35	697
770	720
0	327
0	159
73	130
41	69
16	174
0	303
0	0
0	0
362	4594
0	4207
127	3579
73	214
99	72
43	318
85	48
0	638
0	108
0	149
106	665
104	459
0	629
0	51
29	26
9	686
472	2641
13	2397
334	1108
204	4326
1490	2671
0	125
25	237
101	1790
3	744
0	288
0	271
0	278
0	21
10	4
0	0
0	241
0	0
8	941
13	952
0	371
0	289
0	121
8	108
0	116
0	99
0	98
76	329
0	102
0	35
0	36
0	41
2	1
0	933
0	938
0	931
0	932
0	933
0	0
0	0
0	0
0	0
0	0
0	0
0	0
1258	2253
2	61
0	437
6	0
10	234
21	1770
91	139
42	340
0	1
0	36
0	118
0	21
240	1058
10	625
0	96
16	30
0	103
139	33
6	0
0	33
0	10
0	0
0	0
0	0
0	0
0	2
0	2
0	0
0	0
0	0
0	1397
0	1464
0	1020
0	461
114	349
0	5
0	41
0	0
0	0
10	1312
0	1581
2	177
0	290
51	1124
1	227
0	71
0	292
14	941
0	60
26	146
31	76
45	366
20	106
0	0
0	0
0	0
51	366
8	403
1	305
249	531
62	199
25	108
25	268
20	262
0	72
5	64
3	33
45	47
0	23
34	35
0	47
0	30
0	21
11	0
0	308
0	0
8	232
10	3
7	238
16	1
6	135
4	42
149	127
0	0
0	0
0	0
0	0
0	0
0	0
0	0
0	0
2	2729
0	2398
0	234
0	0
0	0
0	77
0	100
0	234
0	244
0	22
4	254
1	102
0	29
19	110
0	0
0	0
0	0
0	0
0	43
0	448
0	183
0	461
6	117
4	0
0	440
0	2
0	25
0	2
3	25
0	14
0	0
0	0
0	2
3	0
0	0
0	1
0	2
0	2
0	1
2	8
0	8
0	12
0	0
4	0
0	0
0	0
12	1736
8	1532
0	0
0	406
6	113
0	211
0	353
0	360
1	35
0	181
0	45
0	213
0	0
0	0
0	13
291	318
0	44
3	99
0	34
0	275
0	34
0	689
0	25
0	57
0	30
0	30
0	2089
0	652
0	685
5	748
5	170
0	0
5	598
0	1874
4	1
0	10
6	115
4	119
0	195
0	201
69	101
3	1
0	1
0	91
0	0
5553	8069
3	4779
50	4504
0	2180
123	950
0	34
0	0
3	9605
2	4718
0	3793
0	3216
67	2571
152	2678
2	2289
46	340
50	665
0	168
0	41
0	16
0	9300
0	0
0	0
0	2
9	2
0	2
3	9
18	493
0	445
0	374
0	0
0	59
0	493
1424	4002
4	446
0	799
681	804
249	407
32	298
141	60
56	68
12	82
15	303
246	2556
0	387
0	219
0	65
3	153
1	89
0	31
4	12
33	31
5	12
9	20
0	0
0	0
0	0
0	0
0	0
164	514
0	4
15	405
9	301
22	32
0	70
29	141
9	18
0	0
0	0
19	0
0	0
14	4393
14	4278
19	4349
0	213
0	260
29	933
62	2128
5	747
364	436
671	326
122	928
0	980
0	861
146	516
175	230
3	392
14	294
1	71
0	0
0	0
0	1
3	14
0	0
0	0
0	1
0	1
0	0
0	0
0	1
0	22
0	0
0	0
0	12
0	1109
0	1
0	41
0	11
0	1957
202	305
0	106
0	141
59	133
0	44
225	238
39	958
8	253
0	109
0	1718
0	1725
0	0
0	61
0	937
0	857
0	863
0	863
0	805
0	859
0	863
0	185
0	833
0	52
0	61
0	48
0	130
0	481
3	898
0	31
0	105
16	184
71	70
16	96
0	91
0	85
5	104
51	136
0	52
0	90
0	665
0	35
14	126
0	881
1	690
188	492
0	695
0	629
3	715
0	97
1	636
0	88
37	55
62	140
0	240
1	154
0	169
0	100
144	818
3	515
0	488
0	73
0	0
0	37
1	58
0	14
0	0
0	0
0	0
0	0
0	0
0	0
0	0
0	0
0	0
0	0
0	0
0	0
0	0
0	0
9	8193
0	8134
0	5492
0	6873
0	3077
0	0
0	0
0	771
0	771
0	10
0	0
0	10
0	0
0	0
0	0
1	0
3	1453
0	1746
0	1868
23	144
0	0
0	0
0	1179
6	1153
24	1176
0	848
0	1100
6	1063
15	682
0	1137
0	112
0	1085
0	64
9	25
0	38
6	11
6	121
2	34
0	0
0	0
4	378
0	11
0	0
0	398
0	1
0	0
0	0
0	398
0	81
0	67
0	22
0	81
0	206
0	78
4	91
27	0
0	132
7	293
0	183
7	324
0	100
0	156
0	88
0	130
0	19
0	6
0	0
0	0
0	0
0	0
0	0
3	213
0	169
0	292
0	730
0	65
0	105
0	710
0	716
0	9
0	5
0	49
0	4
0	165
0	339
0	61
0	165
0	46
0	172
0	261
0	364
0	335
296	360
0	248
0	163
0	146
0	131
511	1515
2	0
0	166
0	265
0	254
0	5
0	246
0	55
633	1083
0	688
0	246
0	108
0	103
0	69
0	57
0	1083
233	256
14	1
32	181
0	80
0	0
0	20
296	1702
24	2089
10	1923
80	2042
36	324
555	1189
0	186
0	1025
136	526
16	660
0	643
10	324
0	337
0	89
0	171
37	114
0	112
0	26
0	39
4	1785
29	1000
8	1150
0	23
4	159
0	453
21	752
14	0
14	752
6	14
0	1781
0	22
0	12
0	24
141	910
5	3267
16	458
187	3395
0	316
0	414
0	222
0	604
0	305
0	267
1	458
0	293
0	275
0	3042
0	14
0	3272
0	3266
0	3196
0	3266
0	3266
294	33
0	33
0	0
0	0
0	0
8	151
0	132
7	67
0	46
0	19
0	3
0	0
0	0
0	0
0	104
0	1967
400	2061
4	2086
12	1983
16	1834
34	407
0	471
25	218
0	112
0	113
11	126
14	25
0	0
0	0
0	0
0	0
2	311
15	918
0	1
524	1365
0	705
0	696
0	642
0	661
0	442
0	494
0	488
12	543
0	286
27	1
0	0
0	0
0	0
548	3183
0	1895
0	592
0	236
44	29
0	9
0	12
0	80
120	432
6	15
0	329
1	4
0	43
24	244
0	993
0	0
0	993
0	81
0	4
0	0
0	0
0	5
0	0
3	122
0	4
0	4
0	1
0	0
0	0
0	0
0	0
0	0
317	57691
515	26431
86	65502
1382	2961
1	5507
0	4096
0	3620
0	2865
0	2868
9	2829
1	2219
5	202
0	4474
13	7716
5	0
0	9
0	10
0	48
0	56
0	359
0	48
2	287
0	274
15	261
0	458
4	126
88	78
0	37
0	149
52	67
4	343
0	174
0	153
0	216
19	221
0	186
0	361
0	357
0	131
0	88
4	49
0	17
0	11
0	23
0	358
124	2608
60	2150
5	2474
677	1924
29	1997
60	2590
2	200
15	60
57	1
0	0
0	288
285	2334
0	2171
30	1881
294	2393
0	1824
0	1849
8	1650
0	251
11	329
0	20
0	83
0	43
30	129
0	274
16	172
0	110
16	235
0	56
15	36
13	2164
2861	4402
1	1826
7	1654
0	22
7	2223
0	730
0	94
0	13
0	8
18	1498
0	8
0	22
0	1545
16	245
3	247
0	556
0	638
23	237
145	867
0	877
6	27
2	567
5	160
1	198
59	6
3	74
0	133
23	2
0	1485
0	1352
60	3490
152	2603
120	3482
5	394
0	105
23	23
13	23
0	2278
0	4238
69	2880
85	2461
0	111
11	70
16	4125
0	0
0	0
0	0
0	0
0	0
4	0
0	0
0	0
0	0
0	0
0	0
0	0
0	0
0	0
0	0
0	0
1239	497
128	604
15	36
0	32
0	1
175	100
6	32
0	31
0	32
0	69
7	0
0	0
9	0
0	0
15	0
0	0
21	9504
8	9610
14	9374
0	9312
98	8878
1	5510
241	4393
21	0
23	132
6	285
0	0
0	203
0	19
0	9496
0	4436
46	792
13	304
0	576
0	44
2	558
0	465
0	0
0	0
0	0
0	0
0	3176
89	361
0	387
4	47
0	3106
0	2953
0	0
0	0
0	0
0	0
0	0
0	0
6	0
0	0
0	26
0	26
0	0
3190	10
0	0
0	0
0	0
0	0
0	0
0	0
0	0
0	0
0	0
0	0
0	0
0	0
0	0
0	0
0	0
0	0
0	0
0	0
0	0
2	19
0	19
0	0
1	18
0	104
1	11624
0	17512
0	388
0	0
0	0
0	0
0	0
0	0
23	8
5	8
0	0
0	0
0	237
16	19
2	1654
24	1701
2444	3623
9	386
3	2678
443	2160
0	82
0	572
5	281
16	654
11	538
12	1312
8	208
5	805
34	670
0	520
3	521
0	121
14	162
269	0
3	9
0	0
0	7
0	42
0	0
0	7
0	7
0	9
0	3
0	0
0	2
0	0
0	0
0	2
0	0
0	0
0	0
0	0
0	0
0	0
0	0
0	0
0	0
0	0
0	0
0	35
0	262
0	1076
0	1062
0	277
13	165
0	1
0	14
3	47
0	120
15	1041
27	1576
0	50
0	53
5	77
0	1276
4	1262
0	290
0	87
39	86
0	1154
342	1090
71	16
12	35
0	1174
0	1278
0	0
0	0
98	583
6	356
14	468
0	57
13	0
0	36
0	356
0	110
6	91
0	238
27	219
0	198
0	159
0	41
7	28
0	210
0	182
0	148
0	22
0	29
0	167
12	2
1148	433
1	288
0	244
3	0
0	0
0	0
0	0
0	0
0	0
0	0
0	0
0	0
0	0
0	0
96	3083
116	3228
0	848
0	253
0	26
0	209
0	37
0	281
14	110
0	770
9	377
0	715
4	444
0	596
0	2717
11	2669
208	1893
3	128
71	2713
0	239
9	16
6	285
0	79
48	49
0	2915
0	521
2	589
33	492
3	944
0	453
11	2606
0	11589
0	14
25	737
0	567
93	324
39	181
8	189
100	929
29	11702
0	11390
48	12507
11	13151
0	1076
4	468
0	53
45	322
0	200
8	108
0	66
0	43
17	138
3	198
20	407
26	398
49	275
0	2
0	0
6	1016
2	12872
16	12974
0	12757
0	14
0	14
0	0
0	0
0	14
0	0
0	0
0	0
0	0
0	0
0	0
0	0
0	0
0	0
0	0
0	0
0	0
0	0
0	0
0	0
0	0
0	0
0	0
0	0
0	1
0	1
0	0
0	0
0	0
0	5
0	0
0	5
0	192
1	641
0	561
2	523
0	86
4	295
0	70
0	29
0	48
0	34
0	8
0	0
24	55
0	571
26	586
7	4501
16	875
5	78
0	337
0	3836
0	504
0	60
0	47
0	351
1	1533
0	451
0	164
0	147
22	4215
387	3073
0	123
0	468
0	480
0	3980
0	339
0	277
0	509
4	944
0	1076
4	328
18	56
0	315
0	159
0	3975
0	260
0	21
0	32
0	0
0	0
0	0
0	0
0	0
0	0
0	0
0	0
0	0
0	0
0	0
6	47
0	223
0	87
0	350
0	159
4	254
5	144
0	131
0	0
0	0
0	0
0	0
72	285
0	731
0	731
53	37
0	93
9	94
8	257
0	8
8	12
0	20
0	23
69	174
0	5
0	173
0	30
0	24
0	9
0	4
0	0
0	9
0	0
0	0
0	13
0	98
0	5
0	0
2	0
0	0
0	21
0	0
46	265
0	98
0	0
0	0
0	9
0	0
13	109
0	13
0	276
0	116
0	40
0	16
0	29
0	0
0	0
20	675
5	29
0	0
0	0
0	0
0	0
0	0
0	0
0	0
0	0
0	0
0	0
0	0
0	0
0	0
0	0
0	4
0	0
0	0
0	0
0	0
0	0
0	0
0	4
0	0
0	0
0	0
0	0
0	4
0	0
0	0
0	0
0	0
0	0
0	0
0	0
0	0
4	0
0	4
0	0
0	0
0	0
0	0
0	0
0	0
0	0
0	0
0	0
0	4
0	4
0	4
0	0
0	0
0	0
0	0
0	0
0	0
0	0
0	4
0	0
0	0
0	6
0	0
0	6
0	6
0	4
0	4
0	4
0	0
0	0
0	0
0	0
0	0
79	244
691	244
157	243
17	163
0	41
5	72
59	40
0	5
0	17
1094	134
88	134
6	266
0	72
0	35
0	1
0	72
53	205
36	185
29	160
0	10
0	13
6	38
0	4583
0	4582
21	1831
0	1891
7	25
67	455
0	390
0	173
34	51
36	50
0	1887
0	0
0	0
88	1048
0	892
0	271
0	410
32	180
0	12
1215	740
0	427
10	384
0	145
0	43
0	93
7	60
0	144
0	144
0	0
52	347
262	928
9	871
11	36
14	123
0	3
0	3
0	3
0	3
0	3
0	3
0	3
0	3
0	3
0	3
0	3
0	3
0	3
0	0
0	0
0	0
0	0
0	0
0	0
0	7
0	0
0	0
0	0
0	0
0	0
0	0
0	0
0	9
0	0
0	0
0	73
0	92
27	200
0	75
0	98
0	0
79	14
0	15
0	1
5	571
2	681
0	828
78	718
0	20
49	722
251	405
0	155
0	142
0	234
258	1287
308	196
2	108
0	0
75	4328
783	5348
208	1887
0	1696
17	119
316	1005
206	1762
86	256
225	141
12	229
0	830
0	335
0	1444
0	1445
0	13
1	4
429	32
39	3
0	1095
0	457
0	684
5	757
23	429
0	121
0	156
0	372
0	99
0	241
0	1084
10	951
0	93
5	112
6	181
0	186
0	527
0	355
0	449
0	28
0	178
0	122
0	442
0	95
0	649
36	468
8	143
0	143
0	101
5	19
0	14
0	0
0	0
0	69
0	86
8	3535
0	3502
0	219
4	1605
0	1127
519	266
0	5
0	5
0	0
22	1667
82	1955
45	1940
47	163
0	106
11	115
0	2511
0	39
12	198
0	167
0	0
0	78
0	84
0	1048
9	421
0	101
0	1132
0	121
0	259
0	788
25	368
0	1122
5	0
1	0
0	0
0	8
0	135
14	350
0	916
0	403
0	1117
0	1197
1	202
0	251
3	0
0	71
0	145
0	137
0	230
0	384
0	508
0	1091
0	142
173	1117
0	263
0	134
13	228
0	156
0	0
0	0
0	0
0	0
0	165
0	11
0	16
12	71
0	72
474	115
0	113
12	50
34	23
11	0
21	29
68	165
0	1350
0	304
0	196
0	96
21	142
15	35
0	1369
0	1311
665	343
1	349
0	334
89	97
4	400
32	454
0	141
0	21
12	96
1	147
21	52
18	55
0	4
4	87
6	12
0	0
0	0
0	0
0	0
0	0
3	114
453	868
7	437
0	314
0	0
0	0
0	0
0	0
0	0
0	0
0	0
0	0
0	0
0	0
7	0
29	0
0	0
0	0
0	0
0	32
0	0
0	0
0	0
0	0
434	403
7	13
13	34
0	19
0	8
0	7
0	0
0	34
0	32
0	36
0	36
0	0
0	0
0	4
0	2
50	20
0	20
10	6
0	0
0	36
0	492
0	388
0	460
0	229
0	86
0	49
0	20
0	26
0	19
3	0
0	0
0	40
2	25
6	25
0	9
0	25
0	25
0	229
9	63
10	299
24	95
0	74
0	162
0	161
0	131
0	112
0	85
0	155
14	92
0	60
0	37
0	63
2	22
0	0
0	0
0	0
0	12
0	5
0	0
0	0
0	0
0	0
0	0
0	0
0	0
0	0
0	0
0	0
0	0
0	0
0	0
276	562
0	307
3	435
0	103
0	362
2	547
0	91
0	122
0	0
0	0
0	0
1289	460
141	489
15	82
20	174
9	0
0	4
45	89
0	0
10	54
0	0
0	0
0	66
0	0
0	0
4	455
0	17
250	0
0	11
0	3
39	182
0	5
0	0
0	3
1	132
0	127
1	62
0	100
0	149
277	35
0	0
0	0
2	0
0	0
0	0
170	16
0	16
0	0
0	8454
0	8400
0	628
0	161
0	0
0	0
0	0
0	5
0	5
0	5
0	0
0	0
0	0
0	0
0	0
0	18
0	14
0	4
0	0
0	28
3	27
0	16
0	0
0	0
0	0
0	0
0	0
0	0
0	0
0	0
0	0
0	0
0	0
0	0
0	0
0	71
0	52
0	87
0	99
0	61
0	87
0	87
0	78
0	62
2	71
0	62
0	0
0	21
0	5
0	24
13	42
0	5
0	16
0	0
0	21
0	88
0	0
0	0
86	473
0	39
11	4
3	86
0	82
0	428
0	0
0	0
0	0
0	0
0	0
0	0
0	0
0	0
0	0
0	0
0	0
0	0
0	0
0	0
0	0
0	0
0	0
0	0
0	0
0	0
0	0
0	0
0	0
0	0
0	0
0	0
0	0
0	0
0	0
0	0
0	0
0	0
0	0
0	0
0	0
0	0
0	0
0	0
0	0
0	0
0	0
26	7244
0	3052
0	2402
1	2973
0	3096
0	3045
0	3113
49	2854
6	3091
0	3040
0	2575
0	2361
0	374
0	393
0	374
0	392
0	344
0	162
0	145
0	0
0	0
0	0
0	0
0	0
0	0
0	0
0	0
0	0
2148	934
0	1
11	933
0	176
0	0
0	0
0	0
0	0
0	0
0	0
33	621
7	132
0	0
0	1
0	0
0	0
0	0
0	0
0	0
0	0
0	0
0	0
6	1
69	499
0	499
9	101
0	3
0	6
0	5
0	5
0	5
0	6
0	0
0	0
0	0
142	351
0	333
37	922
0	90
464	1055
90	1055
2	0
189	503
59	1772
2	531
24	1882
0	1216
19	37
0	709
0	695
26	348
0	296
20	202
15	314
0	972
0	1383
0	305
43	102
4	21
0	283
1	381
212	176
0	4
0	0
0	0
0	0
0	0
0	0
0	16
6	36
3	254
0	49
4	78
0	16
4	14
5	213
0	202
0	5
14	0
0	5
0	0
0	5
0	5
0	5
0	0
0	0
0	0
16	39
0	0
0	39
0	0
62	9
2	9
14	0
0	0
80	584
0	51
0	51
0	38
0	0
0	0
0	0
0	0
0	0
0	0
0	0
0	0
0	0
0	0
0	0
0	0
0	0
0	0
0	0
0	0
0	0
0	1
0	2
0	2
0	0
36	14
0	0
0	0
0	14
0	0
0	14
0	0
0	0
0	0
0	264
4	16
38	718
24	333
0	421
4	47
3	323
0	188
23	170
0	103
0	110
56	116
175	615
0	290
0	18
3	22
0	24
0	0
12	0
0	0
0	0
0	0
0	0
0	0
0	0
0	0
0	10
0	10
0	10
0	0
0	0
0	0
0	0
0	0
42	578
0	46
0	146
0	126
36	406
35	98
0	9
0	222
44	2159
0	1823
15	8
13	543
0	50
0	165
0	38
0	65
3	20
0	0
0	440
0	0
0	0
0	0
1	157
0	440
0	0
0	0
0	0
0	0
0	0
0	0
0	0
0	0
0	0
0	0
0	0
0	0
0	1275
0	404
0	5
0	824
0	27
8	1120
2	33
0	990
0	1097
0	24
0	0
0	262
0	14
0	1123
0	1105
0	11
0	11
0	0
10	2
0	0
0	0
97	997
143	1046
22	1046
1	8
0	19
7	0
0	368
0	304
0	218
0	256
5	20
1	72
0	6
0	27
0	97
0	1
8	10
10	53
0	50
0	5
1	927
220	1209
0	357
0	490
0	649
0	416
53	707
0	490
0	391
0	1287
3	1287
2	1288
1	4
0	2
0	172
0	172
0	0
0	0
0	0
0	172
0	172
0	172
0	63
46	312
0	0
36	310
0	165
0	114
0	152
0	93
0	93
0	315
0	109
0	12
0	12
0	78
0	97
0	61
0	92
4	37
0	13
0	7
3	10
0	0
0	0
0	0
0	0
0	0
0	0
0	6
0	0
0	6
0	6
0	0
0	6
0	0
0	0
0	6
0	0
0	0
0	995
0	808
0	919
1	1035
0	781
0	687
3	70
26	578
0	398
3	35
0	66
0	288
0	91
0	0
0	4
0	0
0	852
0	23
0	35
207	58
0	27
0	30
0	0
22	13
3	5
1732	684
1	14
49	20
0	0
0	20
13	0
0	0
0	0
0	0
0	0
0	0
0	0
0	0
24	0
0	0
0	0
0	0
0	0
0	0
0	0
27	1454
0	1378
25	191
0	153
125	1373
7	9
0	75
447	871
0	174
0	275
22	48
0	15
3	0
0	17
0	7
0	13
0	0
0	6
0	6
0	0
0	0
0	6
0	6
1	23
0	62
0	38
0	632
12	41
1	821
0	631
25	6
0	4
0	5
0	0
55	978
3343	1211
39	969
21	172
0	76
0	572
0	0
0	8
0	8
0	0
4	0
0	14
0	12
0	14
47	1765
0	1245
5	1036
21	16
0	481
0	364
45	152
0	393
0	282
0	0
0	0
0	1667
0	1593
0	309
0	1584
0	1496
3	1493
0	476
0	1095
0	1100
0	1034
0	0
0	542
8	471
0	324
0	41
0	58
0	33
0	72
0	31
43	69
0	61
0	33
27	19
0	20
0	27
0	37
0	0
2	0
16	0
0	0
5	0
0	332
0	322
0	322
0	332
50	322
0	14
0	330
0	1
4	1620
0	1620
0	1620
0	1620
1	1620
0	1620
12	1620
0	1575
0	0
0	0
0	732
22	539
7	364
0	361
0	99
3	98
6	114
7	17
18	11
0	694
0	0
0	7475
0	9
0	12
0	12
0	0
0	0
0	8
0	0
0	0
0	0
1	9
0	1
0	0
0	2
0	9
0	2
0	0
0	3
0	9
0	8
0	11
0	0
0	0
0	18
0	1
0	0
24	159
0	4
18	247
0	247
0	91
4	50
0	0
0	0
0	0
0	0
13	44
34	47
0	0
0	0
0	3
0	3
0	0
2	0
0	0
0	0
0	0
8	2
0	2
0	266
7	12
0	0
0	11
10	0
0	0
0	0
2	267
320	1161
0	0
0	0
0	0
0	0
0	0
0	0
0	0
0	0
0	0
0	0
0	0
0	0
0	0
0	0
0	0
0	5
0	0
0	0
0	5
0	0
0	3
0	0
0	0
0	0
0	0
0	6
0	0
0	0
0	0
0	5
0	7
0	0
0	0
0	0
0	0
0	0
0	0
0	0
0	6
0	0
0	0
0	0
0	0
0	0
0	0
0	0
0	0
0	0
0	0
0	0
0	0
0	0
0	0
0	0
0	0
74	4730
2	263
41	54
0	409
0	279
13	4734
0	0
0	0
0	0
0	0
0	0
4	10088
141	1256
9	121
10	99
0	425
20	277
0	218
2	193
0	132
0	256
0	1256
0	5
0	8
10	150
0	150
3	122
0	147
14	59
0	27
6	3
0	0
0	2
0	0
0	0
0	4
0	4
0	4
0	4
0	0
0	4
0	4
0	0
0	0
0	0
0	0
0	0
0	0
0	0
0	0
0	0
0	0
0	0
0	304
0	160
0	323
44	792
0	16
0	0
0	6
0	2
0	2
0	0
0	0
0	0
0	0
0	32
0	0
0	2
0	2
0	0
0	0
0	0
0	0
0	0
0	2
0	0
0	0
0	0
0	0
0	0
0	0
0	0
0	50
0	0
0	0
0	178
0	146
0	104
0	108
0	161
0	173
0	11
0	98
14	99
0	99
0	3
0	19
0	18
0	16
0	11
10	0
0	10
0	169
0	185
0	164
8	185
1327	185
31	51
0	43
0	516
3	123
0	414
9	304
0	388
0	17
0	30
0	29
0	6
0	21
0	0
0	574
1	526
0	622
8	670
19	3617
28	2880
3	5911
0	3711
0	3516
44	5825
37	3831
0	5851
0	1427
402	2214
0	13573
149	14066
124	1199
92	1486
27	1469
220	1454
0	205
0	618
119	596
88	587
3	499
0	517
7	169
0	360
0	328
0	359
0	418
0	351
0	486
0	131
0	95
0	19
1	31
0	128
19	10
0	88
0	113
88	209
0	22
6	186
0	93
0	48
0	45
0	189
0	255
0	307
67	576
9	2921
0	3564
2	55
26	2119
14	1768
5	2353
5	1865
152	10151
3	5970
29	10404
8	2245
2	1823
98	11214
12	468
0	9738
8	1726
23	2172
82	11168
0	0
0	0
0	0
7	202
0	0
0	0
3	0
0	0
0	0
0	0
0	0
0	0
0	0
0	0
0	0
10	0
0	0
0	0
117	24
0	10
2	0
3	0
0	0
0	0
0	0
0	0
0	0
0	0
0	0
0	0
0	0
0	0
0	0
0	0
0	0
0	0
0	0
0	0
0	0
0	0
0	0
0	0
0	0
7	783
0	779
0	476
5	69
16	52
0	24
6	135
0	85
0	772
0	15
2	15
17	15
0	0
4	11
0	68
6	158
6	73
0	115
0	15
0	98
264	0
0	1258
213	303
0	21
0	155
1	274
0	124
0	84
4	995
0	17
336	917
8	38
0	115
0	43
4	1055
0	69
0	1079
0	114
0	1042
0	1324
68	169
0	255
0	3
38	68
33	255
161	0
0	64
0	101
6	88
10	125
8	39
0	6
0	6
2	6
0	0
0	6
0	353
0	294
0	117
6	352
21	358
0	57
0	339
0	283
0	285
0	249
0	240
6	76
0	266
13	122
0	0
0	35
0	306
9	229
2983	0
9	1084
0	1071
0	980
3	337
0	205
0	272
0	238
0	169
0	201
4	148
0	20
0	32
0	110
0	78
10	9
0	74
0	15
25	0
0	972
0	0
0	0
0	0
0	3
0	0
0	0
0	3
0	0
0	24
0	0
0	0
2	10
0	56
0	0
0	24
0	14
0	56
0	0
0	0
0	0
8	30
0	15
0	15
5	0
0	0
0	0
0	15
0	15
0	74
0	40
0	325
14	208
0	293
0	334
0	261
0	197
26	77
0	50
0	19
0	16
0	21
0	21
0	1
0	1
0	1
0	1
0	1
0	1
0	1
0	1
0	1
0	1
0	1
0	1
0	1
0	1
0	1
0	1
0	1
0	1
5830	12931
19	11338
0	7614
30	8670
80	6561
162	551
538	4369
1	666
7	1668
0	713
61	1137
12	88
18	81
22	110
4	90
8	0
17	0
8	517
0	513
0	553
57	514
3	517
0	177
3	138
0	81
0	18
0	0
0	0
0	0
0	0
0	0
0	0
0	0
0	0
0	0
0	1095
5	143
13	81
18	321
0	954
0	595
0	2209
0	194
4	2099
7	509
627	1293
36	792
12	7
4	0
0	0
0	221
0	0
0	354
0	15
0	7
0	8
0	74
0	59
3	369
4	50
0	62
0	0
0	1257
0	1287
0	1214
0	1121
0	1287
0	1216
0	1194
0	1234
0	1237
0	370
0	0
10	28
1	26
9	12
33	235
0	25
0	59
0	24
0	24
0	6
3	218
9	252
0	0
8	8
0	522
5	436
50	522
0	1227
0	1057
10	378
8	607
12	413
33	367
0	406
42	559
20	68
0	79
1	110
0	106
0	99
5	577
0	406
0	485
0	485
0	356
11	0
0	14
0	21
0	5
0	0
0	35
0	29
0	6
0	127
2	127
0	204
0	207
4	236
0	314
0	293
37	238
0	140
50	592
0	190
10	4248
14	3459
12	485
35	85
39	75
35	603
74	390
52	2307
1	4424
78	309
710	1242
0	0
0	0
0	0
0	0
0	0
0	0
0	0
0	485
0	477
1	461
0	230
0	238
0	0
0	0
0	11
0	0
0	161
0	137
0	146
0	156
0	115
0	115
0	87
9	0
0	0
0	0
0	0
0	0
0	0
0	0
0	0
0	0
14	40
0	59
0	216
3	30
2	136
186	218
0	16
0	48
7	31
0	5
4	23
203	412
0	5962
456	5964
4	5743
73	9291
0	6874
31	6892
103	1176
0	5697
135	6220
0	2656
18	570
5	5771
0	2388
15	1748
12	1793
1	4111
45	2065
10	789
9	42
0	127
0	5
0	0
0	0
0	0
0	0
0	0
0	0
0	0
0	0
0	0
0	0
0	0
0	0
0	0
0	0
0	0
0	0
9	759
61	661
0	18
0	191
2	108
21	367
91	946
0	614
5	345
12	482
20	243
0	254
0	14
20	387
0	0
0	0
0	0
0	0
0	0
2	0
0	0
0	115
0	0
0	0
0	0
0	0
0	0
0	0
0	0
0	0
0	0
0	0
0	0
0	0
0	0
14	2538
7	2584
0	2538
20	472
0	135
7	135
2	55
5	31
19	0
3	744
0	608
5	31
6	734
2251	1358
0	83
2	113
0	40
0	57
0	792
9656	2465
29	2465
3	193
60	367
0	35
0	59
0	33
15	0
0	306
2	343
0	21
0	10
0	0
0	10
0	10
0	10
0	0
0	0
0	0
0	0
0	0
0	10
0	21
0	0
0	0
0	0
242	2717
2	1866
0	49
0	282
11	0
0	2625
0	1131
9	52
4	149
1	16
6	2699
0	0
0	0
0	0
0	0
0	50
0	12
0	0
0	50
0	0
0	0
0	0
0	0
0	0
0	518
2	7
0	13
0	504
0	490
44	551
8	48
126	412
0	427
4	298
0	0
0	29
16	9
0	0
0	504
0	13
0	4
0	4
0	13
0	3
0	12
0	3
0	0
0	0
0	0
0	0
0	0
0	0
0	0
0	0
0	12
0	13
0	0
0	0
0	0
0	0
0	0
0	0
0	0
0	0
0	0
0	150
31	150
30	1015
24	913
1	695
16	279
0	247
2	152
8	0
0	95
0	82
6	0
3	0
0	14
0	80
0	130
0	96
0	141
0	217
8	72
0	36
0	4791
0	216
3	2429
0	222
0	162
0	76
0	216
0	243
0	392
0	365
0	227
0	341
0	466
0	276
0	178
1	3726
0	4784
0	2383
0	4464
0	4678
7	246
0	37
0	36
50	524
258	1089
3	933
0	7
0	16
0	5
0	50
0	7
0	14
1	27
34	71
0	18
1060	71
0	0
0	0
0	0
0	0
0	0
0	0
0	0
0	0
0	0
0	0
0	100
0	100
0	100
0	0
0	0
0	0
0	0
0	0
0	0
9	101
283	3832
0	0
8	3639
0	491
0	603
28	3141
0	366
0	0
29	59
274	1202
42	199
0	196
0	0
0	0
0	0
7	1
0	1
0	0
0	0
0	0
3	155
2	81
1147	846
0	308
0	2185
0	265
0	2326
0	2232
0	1537
0	360
0	2036
0	50
0	555
0	147
0	86
0	60
0	40
3	179
86	645
3	2
0	859
11	0
0	0
7	645
0	644
0	231
0	644
12	2114
0	2065
0	2176
0	0
0	0
0	0
0	0
0	0
0	0
0	0
0	0
2	222
9	1
14	1
0	6
0	6
0	0
0	0
0	0
0	0
0	6
0	6
27	203
0	57
33	94
1	40
0	40
9	15
18	40
0	69
0	80
1	84
32	36
0	62
0	62
0	0
0	0
0	4
0	8
0	6
0	6
2	2
0	127
0	2
0	127
0	3562
58	779
12	166
0	1271
3	2199
0	1609
0	1441
0	1125
0	5000
0	1948
23	9780
0	569
0	246
0	612
0	335
0	2370
0	2390
0	1934
390	3411
5	4349
0	7432
0	4148
26	7840
65	4483
0	388
0	1125
1	2705
216	684
17	7353
390	270
10	1958
2	3825
2	1075
1	682
87	635
15	790
0	0
0	0
0	0
0	0
0	0
0	0
36	194
47	262
31	69
44	152
43	52
4	2
0	24
0	38
0	0
7	167
34	1246
15	1271
47	223
0	0
0	0
0	0
0	10
0	0
89	417
10	414
10	94
1	83
0	17
277	0
0	0
0	8
0	8
0	8
0	8
0	8
0	8
0	8
0	8
0	8
0	0
0	0
0	0
3	10
0	7
0	6
6	0
3	1843
0	1838
0	38
0	25
0	39
0	19
7	1819
0	43
0	42
16	22
0	0
0	0
76	1244
0	1814
0	38
703	136
51	2
0	62
0	87
0	485
0	30
0	0
0	485
5	6976
57	6843
1	2006
0	196
0	534
0	6
0	6
0	6
0	2
0	0
0	0
0	0
0	4
0	0
0	0
0	0
0	0
0	0
0	0
0	4
0	3
0	0
0	0
1	10
0	0
44	185
0	27
0	47
0	0
0	8
0	10
0	39
0	47
47	492
11	22
192	583
0	473
0	694
18	628
2	415
0	431
4	620
0	421
4	341
0	69
20	136
0	90
11	81
21	124
0	558
3	773
0	73
0	76
0	11
0	81
0	62
0	8
0	43
0	64
0	0
324	1132
0	861
0	654
0	580
0	95
0	32
7	13
31	210
4	113
0	0
0	0
0	29
0	0
0	16
137	30
0	0
0	16
0	0
0	0
0	10
0	0
0	0
12	7
0	0
0	25
0	31
0	29
0	1332
0	1163
21	1210
3	1169
0	1281
8	1208
25	27
2	313
1	348
47	17
0	54
0	245
6	98
18	68
0	713
0	326
0	238
0	352
0	195
0	291
0	323
0	243
0	351
0	173
0	172
0	202
0	331
0	316
0	334
0	298
0	311
0	332
0	295
0	188
0	60
0	334
0	198
0	308
0	353
0	311
0	367
0	289
0	259
0	276
6	276
0	166
0	341
0	169
0	183
0	291
0	195
0	224
0	296
0	149
0	327
0	204
0	331
0	268
0	256
0	132
0	175
0	41
0	85
0	31
0	80
1	593
0	145
0	79
0	49
4	33
0	4
0	11
0	78
4	2959
0	2951
1	96
0	2938
14	2945
0	174
0	2943
18	1825
0	2939
12	152
8	1223
0	222
10	1209
0	154
0	208
0	231
16	99
0	63
0	205
0	189
0	142
0	187
0	2
2	292
11	58
0	135
9	69
24	353
6	327
6	237
0	123
1	47
0	58
47	35
18	489
0	66
0	65
0	65
0	65
0	65
0	0
0	0
4	1
0	0
0	0
0	0
0	67
0	0
0	0
0	0
0	0
0	0
0	0
0	0
0	0
98	437
3	5
5	348
0	39
0	417
0	7
0	47
0	487
15	162
9	380
15	80
6	45
0	33
52	7866
9	95
7	310
0	6311
79	1002
1	6542
0	5130
363	4952
87	9328
0	473
0	602
3	83
0	288
10	841
23	856
10	1169
3	84
0	139
0	211
0	502
0	1118
0	0
12	982
28	1054
0	247
0	20
8	398
0	77
7	67
2923	762
0	54
0	663
5	7
3	16
0	30
1	11
0	0
0	0
0	0
0	0
0	75
0	41
0	97
0	66
4	64
0	19
0	46
11	23
0	66
0	48
0	15
0	31
0	70
0	61
0	0
0	32
0	28
7	0
0	8
0	9
0	6
10	6
0	9
0	6
1	97
0	41
0	0
0	0
0	0
0	0
51	0
0	0
0	0
0	0
0	1
0	49
0	0
5	49
38	152
0	144
0	17
10	139
6	1
0	0
7	14
11	20
7	20
28	16
9	14
218	603
0	304
1	776
34	76
0	417
0	496
0	69
0	69
2	603
78	209
18	459
0	118
0	53
0	14
0	63
0	187
0	4
55	197
0	0
0	0
0	5
0	5
0	0
0	0
0	661
0	661
0	661
0	661
0	661
0	155
364	2317
0	2107
61	25
19	355
0	145
0	270
0	270
0	14
0	0
0	0
10	12
3401	1651
118	1651
248	1149
22	369
0	37
0	222
0	222
0	2524
11	2372
4	5022
921	8893
374	3846
0	2306
486	5861
116	3898
0	0
0	0
0	0
0	0
931	1808
0	1857
0	1720
0	1822
0	1739
1	103
0	1654
0	1540
0	1482
5	31
7	4
0	131
0	109
0	69
0	3
0	3
0	0
0	0
0	0
0	0
0	0
0	0
0	0
0	0
0	0
0	3
0	0
0	64
0	318
0	265
0	381
0	347
1	432
11	31
1	303
0	452
0	386
0	29
0	344
0	270
0	11
34	153
0	267
0	91
0	260
0	27
26	0
212	239
105	326
17	283
0	1
0	1
2	160
0	0
0	0
0	0
0	0
0	22
16	232
0	232
0	2
0	0
0	0
0	0
0	0
0	0
0	0
0	0
0	0
0	0
0	0
0	0
0	0
0	0
0	0
0	0
0	0
0	0
0	0
0	0
0	0
0	0
0	0
0	0
0	0
0	0
0	0
0	1
0	0
0	0
0	0
0	0
0	0
0	0
0	0
0	0
0	0
0	0
0	0
0	0
0	0
0	0
0	0
0	0
0	0
0	0
0	0
0	0
0	0
0	0
2447	1137
5	86
9	18
0	447
0	11
16	0
0	0
0	12
0	32
0	0
0	0
0	20
94	5374
93	4774
0	870
0	0
0	0
0	58
8	146
8	180
0	137
0	2
0	0
0	0
0	0
0	0
0	0
0	0
0	0
229	431
0	349
0	154
0	2072
0	80
0	83
0	48
8	0
0	2074
0	630
41	888
0	878
8	907
21	1
0	13
0	0
3	5
0	0
0	0
3	23
0	23
0	0
0	7
980	219
5	3
15	0
37	42
9	172
0	0
0	3
0	0
0	6
153	6
0	0
0	0
0	0
0	0
0	0
0	666
0	3
0	3
0	1
0	0
0	1
0	0
0	0
0	1
0	0
0	0
5	9
17	9
3	7
0	0
0	0
15	4
0	0
0	0
0	0
0	0
0	0
0	45
0	2120
0	2054
0	69
0	56
0	89
0	43
655	2622
4	39
0	73
79	15
0	37
79	30
5	149
0	2020
0	139
7	149
0	2033
0	2437
4	146
33	1527
0	1615
4196	965
0	965
0	0
0	0
59	26
0	180
0	18
0	2
0	0
0	154
0	19
0	19
0	0
0	0
158	2382
0	7339
13	7328
90	262
1	250
102	2084
0	92
6	16
0	155
11	3108
7	219
0	741
5	3090
0	2916
5	124
7	3064
31	632
0	431
0	2623
0	444
2	662
0	654
0	1810
19	7496
0	7443
1	6982
0	6103
0	5757
0	4875
12	190
0	169
21	127
0	84
64	27
0	89
44	392
72	78
33	365
4	180
10	2558
0	299
0	246
0	238
0	232
0	0
785	530
6	321
52	0
0	0
0	0
0	0
0	0
0	0
0	0
0	0
0	0
0	0
0	0
0	0
0	0
0	0
0	79
193	1036
1	173
0	88
0	0
0	1044
0	1035
0	1035
15	0
0	228
16	1949
0	1835
0	1209
0	1866
1	240
0	607
0	215
0	1037
38	334
163	6930
2	123
0	5659
7	5507
0	85
0	7
17	5315
0	249
64	269
53	269
16	1381
9	180
0	433
0	188
0	5675
15	273
0	273
6	63
0	0
3	10
33	632
1	84
89	25
0	43
0	371
0	120
53	20
0	1
0	0
0	0
0	0
0	0
0	0
0	0
0	223
0	1
0	207
0	158
0	156
0	156
0	0
15	3
21	161
0	13
22	29
1	574
82	754
676	1146
23	1114
0	1406
17	1325
0	956
61	1448
0	135
0	1
0	2
0	31
0	135
0	520
0	134
1	25
2	223
0	215
167	32
0	8
0	5
0	5
9	5
1	152
0	0
0	0
0	137
0	108
0	44
22	254
0	239
0	256
0	11
0	136
2	82
0	1
0	63
0	3
290	1608
7	1283
55	613
0	817
7	201
0	269
0	49
0	0
0	186
0	105
0	6
0	0
0	734
0	734
0	444
0	668
0	770
0	6
0	734
0	462
1	430
2	122
18	328
0	340
0	67
0	16
0	89
88	408
6	121
0	121
0	15
4	45
3	61
0	75
1	154
0	415
40	569
0	122
0	19
0	234
0	215
0	335
0	194
4	192
238	2271
879	2280
149	1682
0	0
90	277
1	297
0	57
0	91
41	134
0	269
12	317
0	306
0	316
1	14
7	93
0	1
0	2
11	1
9	307
0	0
0	0
0	5592
0	4
0	5620
0	5351
0	4605
0	5031
0	5132
0	5609
0	5048
0	5467
4	6760
3	6305
0	5164
0	5614
0	5771
19	5726
5	5245
0	5258
0	4404
0	5443
0	5057
0	5506
6	5054
0	5554
0	5708
0	700
8	4674
0	5730
14	5745
0	4809
0	4707
0	5558
136	3744
0	5576
0	5124
0	5375
0	4629
0	4530
0	5522
3	5384
3	5093
0	5662
0	4655
0	5092
95	5861
0	5081
51	5448
3	1717
41	1096
0	818
0	727
0	56
1	505
0	427
1	404
23	1089
0	0
12	517
43	635
5	526
0	537
20	537
0	50
5	81
0	24
0	15
0	1
0	1
0	10
2	0
159	610
0	595
0	75
1307	486
21	114
2	300
0	375
0	248
0	3
0	9
0	0
0	9
0	9
0	0
0	0
0	5
0	5
0	0
0	0
0	0
0	0
0	0
0	0
0	0
0	290
0	331
0	0
0	0
0	0
0	2
0	0
0	2
0	2
0	0
2	4
10	73
0	0
0	0
0	0
0	0
0	0
0	0
0	0
0	0
0	0
0	0
0	0
0	0
0	0
0	0
0	0
0	0
0	0
0	0
0	0
0	0
0	0
0	0
0	0
0	0
0	0
0	0
0	0
0	0
0	0
0	0
0	0
0	0
0	0
0	0
0	0
0	0
0	0
0	0
0	0
0	162
0	226
0	0
0	0
0	0
0	0
0	0
0	0
2	0
0	0
0	0
0	0
0	0
0	0
2	0
0	0
0	0
0	0
0	0
0	0
0	0
0	0
0	0
0	0
0	0
2247	1897
0	1628
0	604
5	339
0	1
0	0
0	0
46	175
12	178
7	140
4	222
0	115
0	162
0	77
1	116
4	75
1	69
0	92
6	76
4	110
15	58
193	3922
0	10
0	10
0	0
0	10
0	0
0	278
3	1739
0	885
0	64
0	56
20	183
1466	441
0	384
0	0
0	0
14	354
0	0
0	0
0	0
42	5845
15	255
94	7600
0	260
116	74
0	5978
0	5970
446	5073
1	5284
54	1064
0	205
97	744
69	393
0	7562
0	3507
2948	1418
51	1418
403	0
18	86
0	16
7	76
12	122
88	285
0	257
0	37
0	37
8	13
11	37
2	481
107	984
0	614
14	408
0	140
0	76
0	61
9	1
0	0
0	5
0	95
0	33
7	361
1	167
0	30
1	0
0	100
0	80
0	35
0	0
8	310
0	0
0	0
0	0
0	0
0	0
0	0
0	669
0	663
0	551
2	563
0	91
0	572
4	53
13	93
0	61
0	157
0	5
2	675
0	67
0	112
0	664
0	66
0	65
0	586
0	593
0	584
34	13
0	271
46	42
0	37
9	116
0	139
0	67
0	19
0	63
1	600
0	613
742	149
6	58
10	0
15	0
14	56
0	68
0	63
20	65
0	85
26	0
0	54
0	57
13	42
0	0
0	0
0	0
0	0
0	0
0	3620
42	1022
112	3709
19	1524
24	1398
363	2052
6	3409
0	2588
46	241
2	122
0	3406
9	85
0	143
250	456
11	151
37	230
54	193
217	420
0	711
0	50
36	287
0	7115
0	7521
0	7469
0	7802
0	738
0	4411
9	77
218	339
4	390
0	367
0	16
111	391
1	378
0	16
13	483
0	451
0	7127
0	0
0	0
46	105
0	60
8	162
17	66
0	21
0	0
0	0
151	383
197	383
0	0
0	0
1134	619
17	157
111	181
0	267
150	93
1	120
4	138
0	0
0	244
0	536
0	2
63	3828
702	1478
4	74
27	3050
27	351
4	26
27	142
4	177
0	141
486	1447
39	167
0	144
0	175
0	40
0	3249
0	0
20	681
0	674
2	648
0	85
0	3
0	54
0	3
6	290
0	67
0	17
0	666
0	662
0	0
0	0
0	0
16	242
0	0
0	0
0	0
0	0
0	0
918	1248
4	1243
0	1227
0	8
0	16
6	16
0	50
0	50
0	50
1	3
0	0
0	0
0	18
0	0
0	18
0	18
0	30
3	306
0	18
0	9
0	30
0	9
0	0
0	0
0	119
0	0
0	0
0	0
0	0
6	0
0	0
0	0
0	0
0	0
0	0
0	0
0	30
0	0
0	0
2	1163
5	1637
6	1222
0	133
0	1286
0	1712
9	1011
69	91
10	271
19	407
12	638
13	116
4	446
0	66
0	601
25	549
23	738
0	322
11	520
5	447
14	423
0	83
3	331
0	12
0	54
0	151
0	27
0	35
27	18
0	45
0	75
1	0
0	0
61	1639
0	1547
0	1017
12	909
0	1016
3	272
8	11319
8	841
0	668
3	7577
0	0
0	98
5	233
0	696
0	988
0	118
0	344
6	111
0	0
0	250
2	2230
0	1912
17	130
0	109
0	112
0	471
1	1808
0	224
0	7
46	666
12	1955
0	383
21	358
0	358
0	358
0	339
0	339
9	392
0	224
0	0
0	392
0	4
1	0
0	0
0	1
0	0
0	0
0	0
0	0
0	3
0	7
0	0
0	0
0	0
19	4864
0	330
1167	6030
0	4581
1880	6116
0	433
0	433
7	77
17	383
0	3312
2	817
9	263
4	23
2	570
0	54
0	486
21	52
7440	4387
0	1209
0	1119
3	5
0	2978
48	1265
758	298
1	229
10	20
1	69
0	24
0	24
0	10
0	3
17	3
0	10
0	10
20	3
0	7
0	7
0	0
0	10
0	0
0	0
3	49
0	7
3625	865
13	41
0	440
72	13
0	91
0	0
18	445
0	31352
0	29773
3	26106
0	22554
0	31048
0	21622
0	20216
1	31353
44	14581
0	3
0	3
0	0
8	5
0	0
0	0
0	0
0	0
0	0
0	8
0	9
6	25
0	8
0	25
7	16
0	15
0	16
0	9
0	17
0	24
12	7
7	102
9	7
0	7
0	3
17	7
0	70
0	70
7	70
0	39
0	0
0	0
0	18
0	28
0	28
0	12
0	28
0	39
0	39
0	28
0	12
0	28
0	0
0	35
0	29
0	13
0	44
15	0
0	2
0	29
0	0
0	7
0	7
8	7
0	0
0	4
4	0
23	0
6	4
0	4
0	20
0	28
0	0
0	0
2	31
0	8
0	13
13	270
294	280
16	157
344	215
76	1356
0	0
0	54
15	27
0	105
0	1175
0	123
0	117
0	50
0	385
7	0
41	653
5	653
0	315
0	1
31	253
0	44
15	221
0	2
0	22
0	31
0	29
2	8
4	7
397	0
0	2199
0	2323
2	2352
27	2039
26	463
0	323
0	678
0	184
2	275
2	510
0	345
18	1088
0	449
0	50
0	11
1	138
8	259
1	168
0	2555
2	1954
0	12
4	61
0	16
0	61
0	790
0	16
0	12
0	892
0	46
0	47
0	113
1	114
0	731
0	179
0	100
0	824
0	447
0	24
0	70
13	80
0	141
4	6
10	0
98	142
0	0
24	16
0	1
0	3
0	15
0	0
0	0
0	0
0	0
0	9
0	0
0	0
0	0
0	0
0	0
0	0
0	0
0	0
1025	458
8	458
0	0
0	0
25	23
0	0
0	23
0	23
0	23
0	12
0	15
0	15
0	15
0	0
0	0
0	15
0	15
0	0
0	0
50	0
12	181
7	128
4	142
0	8
0	31
0	1905
5	2069
8	1306
0	994
13	19
0	82
0	25
48	59
32	0
94	216
0	1767
1240	286
7	49
13	226
0	2
0	19
7	31
13	2
7	10
0	0
0	3532
110	0
0	0
0	0
0	0
1	1
0	0
5	96
0	0
0	0
0	1
0	0
0	0
0	0
0	0
0	0
0	0
0	0
0	0
0	0
0	0
0	0
0	1
4	122
3	319
278	537
21	43
0	51
21	89
36	120
0	0
6	100
0	0
0	40
0	40
0	0
0	0
0	0
0	0
0	0
0	9
0	9
0	26
0	0
0	2
0	0
0	7
0	16
0	7
0	7
0	18
0	16
0	5
0	5
0	0
0	0
0	0
0	0
0	0
1848	848
8	139
11	604
0	146
0	262
8	114
0	109
2	21
49	568
0	77
0	20
0	24
4	252
4	440
0	69
0	37
80	329
34	377
0	294
14	18
0	97
0	99
0	0
6	0
0	0
0	0
0	0
0	0
0	0
0	0
0	0
0	0
0	0
0	0
0	0
0	0
0	0
0	0
0	0
0	0
0	0
0	0
0	0
0	0
0	0
0	0
0	0
0	0
0	0
0	0
0	0
0	0
0	0
0	0
0	0
61	140
9	91
0	45
0	5
0	16
0	0
0	0
0	0
0	0
19	2
10	2
0	0
0	2
0	0
4	0
0	1635
0	2272
0	2244
0	2161
0	0
0	7
14	500
2	1549
45	1447
0	1589
19	91
52	523
0	0
0	8
0	1011
0	214
2	1618
67	1511
11	248
6	381
13	1
0	38
3	91
3	218
6	443
0	119
0	1623
3	0
0	0
10	0
10	1335
0	0
0	29
29	14
0	0
1	53
0	41
0	21
0	86
0	10
0	7
21	13
28	119
0	98
0	0
0	1298
0	2522
0	1233
0	321
0	15
2	332
0	0
1	325
0	209
1	29
0	33
0	179
0	51
0	43
0	319
0	47
35	2142
8	436
4	88
58	88
0	107
1	2129
1	1465
0	212
0	80
10	1679
0	1680
0	652
0	76
0	76
0	156
0	250
0	1678
0	31
0	685
0	1616
0	99
0	41
0	37
0	17
0	21
0	0
40	94
73	90
3	0
17	0
0	4
0	5
0	1
0	0
0	0
0	0
0	858
0	816
1	796
0	41
0	78
0	36
0	358
0	282
0	21
0	0
22	337
0	0
0	97
6	0
1	2791
0	3288
0	1753
0	1795
5	87
0	162
0	16
0	81
0	62
0	241
49	97
199	3108
1	0
0	0
0	0
0	189
0	1
0	2394
4	2501
16	201
2	229
0	153
0	197
0	40
0	2344
0	2344
2	112
2	107
41	193
3	102
30	75
0	77
58	183
18	173
0	0
4	72
0	0
0	18
0	18
0	18
0	0
0	0
0	18
0	0
126	891
19	547
3	541
0	202
0	392
0	593
5	581
29	256
0	197
7	200
1245	983
0	813
52	734
0	609
0	610
9	666
7	546
0	97
0	61
0	42
0	5
3	4
0	4
0	4
0	4
12	4
0	2
0	1
0	0
0	0
0	0
0	957
14	4
0	0
0	0
0	0
0	0
0	0
0	0
0	0
0	14
0	4
16	5
0	10
3	7
0	7
0	14
0	108
0	1240
0	881
0	11
42	231
5	1035
0	940
12	1
0	334
0	1123
0	984
3	1162
0	1049
11	1085
0	1087
0	1041
1418	80
9	41
7	15
3	0
16	0
0	0
0	0
3	141
62	256
15	255
0	161
8	58
0	19
12	4537
151	901
18	8031
134	5278
19	6578
1671	11472
29	170
34	6355
16	2426
78	24
281	47
435	4607
14	526
0	949
288	960
7	7
0	6
0	960
110	413
3	371
0	157
2	104
0	82
0	37
0	28
0	0
0	1
0	0
0	0
0	0
0	0
0	0
0	0
0	2
0	0
0	2
0	2
0	397
8	397
231	2679
0	1044
16	2866
0	235
0	157
10	16
0	228
0	287
90	533
0	2866
0	0
0	0
0	2
0	2
0	2
0	1
6	2
0	2
0	2
0	6
0	6
0	0
0	0
0	6
0	0
0	0
0	0
0	0
0	0
0	0
0	0
0	0
0	0
0	0
0	0
0	0
0	6
0	6
11	298
0	8
1521	333
0	186
2	86
0	18
22	99
0	1669
0	0
0	58
3	131
18	1
0	1669
0	1204
0	1201
0	3
0	0
25	2171
26	2217
0	141
5	305
0	0
83	2
0	194
0	23
0	158
0	75
6	40
0	78
0	64
0	129
20	30
34	328
6	72
0	220
0	123
0	2063
0	2084
0	842
0	420
8	285
0	224
0	122
0	127
0	35
1	389
0	109
3	111
0	111
0	8
0	9
0	2
0	1
0	0
0	3
0	2
0	0
943	1697
0	0
0	406
34	417
10	42
0	887
0	349
4	24
0	0
0	0
0	0
0	0
0	0
422	473
0	47
7	292
0	0
0	4
0	3171
0	3171
0	1628
0	106
0	97
0	46
0	80
0	19
0	12
16	295
13	295
0	0
0	7
12	21
1	0
13	0
1	4
0	4
0	4
0	0
0	4
4	63
0	0
0	0
0	41
0	119
0	42
0	17
0	111
0	27
0	0
0	19
0	5
0	5
0	4
0	3520
0	3385
0	250
0	2388
0	3355
0	241
0	3414
15	3414
0	3257
0	3146
0	3182
12	691
47	327
0	2081
0	2251
0	2126
0	1971
122	9
2	2
0	7
0	0
0	2942
838	732
3	654
8	203
8	89
0	4
0	39
0	4
0	35
15	0
16	0
8	0
0	0
6	1365
0	1945
0	161
59	426
0	1237
0	1240
24	1296
0	1252
0	1199
0	1334
0	1502
0	1294
0	1118
0	1002
0	1153
0	1598
0	2010
0	178
2	1628
0	1384
0	1255
0	133
2	1292
0	1121
26	32
20	2334
0	1365
0	0
725	1852
215	421
0	1290
25	10
23	507
0	639
0	323
0	277
20	284
0	462
39	127
0	219
0	0
0	0
0	0
0	0
0	0
0	0
0	0
0	0
0	0
0	0
0	2610
0	3384
0	3409
0	3377
0	2581
44	1929
0	68
14	48
0	12
0	0
0	77
45	39
0	270
0	746
0	0
0	0
0	1092
0	570
0	424
0	687
0	550
14	1210
0	943
0	1051
0	28
0	0
0	600
0	189
0	173
0	180
0	173
1	0
4	9425
375	11630
0	5004
94	10278
111	0
47	62
41	7011
0	126
135	5357
0	98
5	2723
0	0
0	0
0	0
0	0
0	0
0	0
2	0
0	0
1	0
0	0
0	0
61	0
0	0
190	129
0	52
0	49
57	8
72	2348
0	355
0	1746
0	287
0	287
7	312
0	0
0	287
0	0
0	0
0	1
610	450
0	89
0	82
0	52
8	56
4	59
93	27
0	9
290	29
0	0
25	329
4	12
0	0
0	0
0	0
0	0
0	0
0	0
0	0
0	0
6	55
6	609
176	615
0	441
0	413
26	0
0	0
0	0
187	363
173	95
64	474
0	242
10	654
26	653
7	93
1	42
79	7
2	23
0	651
1189	2261
60	867
0	2376
293	2114
43	2186
0	2084
362	971
55	164
8	10
0	196
90	73
0	1
24	0
0	0
0	0
27	852
0	0
0	0
0	0
0	0
0	0
81	647
0	647
0	0
10	122
0	30
1	0
0	30
0	0
0	0
0	0
0	0
0	0
0	0
0	0
64	440
0	417
0	358
914	68
0	44
30	32
20	25
0	15
1	25
0	6
0	16
0	521
0	470
5	338
26	351
13	191
0	152
0	117
0	80
0	0
0	0
0	0
0	6527
26	8723
0	0
0	0
0	56
0	41
0	88
61	114
0	88
0	0
0	0
0	0
0	13
8	7
2	7
0	1
0	0
0	1195
0	1805
0	1195
31	6372
0	4294
2	1425
0	5016
0	464
0	445
0	0
0	0
6	0
185	60
0	0
0	0
0	0
0	0
95	688
36	959
377	993
12	311
3	297
24	36
2	6
1578	3233
15	110
0	56
9	4
0	66
0	32
0	80
60	161
8	198
35	2351
0	0
0	0
0	0
0	0
0	0
0	0
0	0
0	0
3	234
0	233
0	234
0	3
0	0
3	2
0	0
0	1352
0	1412
0	3
566	3998
7	3714
0	1771
0	1396
2	123
0	1181
0	400
0	459
0	0
9	1059
0	2690
4	2663
117	163
11	108
0	83
20	2613
25	2596
0	0
0	467
1	465
25	467
0	202
0	225
3	21
6	54
0	1
0	0
0	0
0	416
1	2004
0	2239
0	2296
0	2018
104	490
48	1
234	355
83	263
0	1
0	0
0	0
0	78
0	78
0	78
0	78
0	0
0	0
0	0
0	0
0	0
0	0
0	0
64	93
0	9
0	21
0	11
0	0
0	11
0	18
0	13
14	144
4	8
0	0
944	1466
0	1279
0	361
0	347
0	329
0	37
0	44
12	155
3	11745
0	141
2	5983
0	11677
0	6237
0	5683
0	5675
0	4727
0	9608
0	2750
0	159
1	151
0	139
0	73
0	1
0	8
0	0
0	156
27	48
0	51
0	3
0	6
0	6
0	0
0	0
0	353
0	350
17	781
0	173
0	0
0	0
0	0
0	0
0	16
0	0
0	0
0	0
0	0
2	268
0	81
0	384
24	81
0	262
0	317
0	325
0	60
0	172
0	273
56	389
0	200
0	412
0	149
0	201
3	137
0	201
1	258
0	166
0	128
14	137
0	191
10	32
0	218
0	204
22	34
53	34
0	35
0	27
0	649
0	287
0	287
6	650
0	6
0	0
0	0
0	0
0	0
4	275
22	1409
0	123
0	1202
17	27720
0	850
55	621
226	30579
9	23227
264	3218
8	21160
6	4327
10	1228
3	17447
100	2694
0	14951
0	10215
482	9620
0	6797
108	2859
0	1624
11	1399
0	154
0	844
0	55
0	678
0	56
0	826
0	71
0	53
0	14
0	14
0	503
0	0
14	288
0	23
3	6
0	2
0	4
18	65
0	113
0	56
0	826
0	0
0	0
0	0
0	0
0	0
0	0
0	0
0	0
69	15
0	0
0	0
0	187
0	0
36	266
0	590
0	590
0	935
0	867
0	619
0	883
0	579
0	530
0	454
0	546
0	483
0	554
0	214
4	13
0	214
5	250
0	250
5	132
0	31
0	590
0	590
0	590
0	867
0	869
1	835
0	793
0	738
0	812
19	29
0	301
17	300
0	137
0	7
0	1
0	7
0	1
0	0
0	0
0	0
0	1
0	1
0	0
4	0
0	7
11	1
6	0
0	1
0	0
0	0
322	731
13	469
33	727
0	222
26	886
140	881
73	876
0	524
0	799
0	791
0	477
0	365
0	160
0	0
0	0
0	0
2	145
0	148
0	206
0	140
6699	16950
138	6682
1188	14715
0	192
250	3551
93	8
0	8
0	0
0	0
0	0
0	0
0	0
0	0
0	0
0	0
0	0
0	0
2	2226
0	2135
0	1704
0	849
0	253
0	888
0	815
18	698
0	783
4	596
0	724
0	720
0	290
108	28
1	195
0	212
0	428
2	91
0	7
0	2068
0	513
205	0
0	290
0	38
0	221
6	115
4	55
0	15
3	144
0	2
0	222
27	630
57	548
0	79
3	284
0	10
41	462
2449	963
347	760
34	275
0	408
3	0
0	0
0	0
0	0
0	0
0	0
0	0
0	1
0	0
0	5
0	1
3	1
0	18
0	0
0	11
0	4
0	7
0	11
0	18
1	22
0	0
6	0
2	0
0	5
5	5
0	0
0	0
0	10
0	10
4	16
2	0
0	0
0	0
0	0
0	0
0	0
0	0
0	0
0	0
216	318
5	418
0	53
0	104
2064	651
3	647
17	442
0	210
46	43
3	73
19	103
384	2446
0	2417
17	2
3	1690
42	26
0	1
0	585
0	26
0	19
61	225
0	46
179	475
23	460
14	238
0	257
0	84
5	4
5	53
28	99
0	0
0	0
0	0
0	0
0	0
0	0
0	0
0	0
0	0
5	2671
0	2459
13	1905
125	119
0	168
5	41
0	268
0	124
2	1176
0	100
62	1203
0	253
69	251
14	85
54	230
32	398
2	149
0	164
1	161
0	9
0	10
6	19
0	0
0	0
28	2393
25	256
108	195
0	2403
6	195
0	2643
0	2563
0	2541
0	2904
0	2799
0	2294
0	691
0	55
0	9
0	841
129	73
44	224
0	442
0	659
0	478
0	460
0	255
0	468
1	197
0	218
0	4
0	2547
0	2667
0	2490
6	161
0	148
273	45
3	5
42	143
19	22
9	59
0	49
0	154
0	233
0	28
0	75
92	127
11	51
0	35
0	35
0	48
3	52
2	42
2	2
43	1280
0	0
0	0
0	0
0	0
0	0
0	0
0	0
0	0
0	0
0	0
0	0
0	0
0	0
0	0
14	768
0	764
50	799
45	446
0	4
6	199
0	0
0	30
7	489
1	23
0	7
110	1525
0	31
0	52
0	0
0	52
0	0
0	0
0	0
0	0
0	209
1	1442
20	1842
11	1472
14	582
28	360
5	546
0	546
12	820
0	147
0	183
14	614
15	272
5	131
1	523
133	656
43	302
62	451
56	202
0	175
0	6
1	2
0	0
0	0
4	0
0	0
0	6
0	0
0	0
0	0
0	0
0	0
0	0
9	1506
0	352
0	88
25	21
3	26
28	1591
0	0
0	0
0	0
0	0
0	0
0	0
0	0
30	26412
5	12977
91	1288
1151	79
131	400
7	412
711	42
100	298
9	21283
0	939
0	21244
0	12665
0	1631
38	785
141	965
13	508
0	1380
0	21450
1	18352
0	9102
0	668
0	0
0	0
6	0
0	0
0	0
0	0
0	0
2934	1727
24	1212
0	69
0	1164
21	381
0	0
0	0
0	0
0	0
0	0
0	0
0	0
0	17
0	0
0	0
0	0
0	0
0	0
0	17
0	0
0	17
0	0
0	17
0	0
0	0
0	0
0	0
0	17
0	17
0	17
0	0
0	0
0	0
0	17
0	17
0	0
0	0
0	17
0	0
0	0
0	17
0	0
0	17
0	0
0	17
0	17
0	0
0	0
0	0
0	0
0	0
0	0
0	0
0	0
0	0
0	0
0	0
0	17
0	0
0	0
0	17
0	0
0	17
0	0
0	0
0	0
0	17
0	0
0	17
0	17
0	0
0	17
0	0
0	0
0	0
0	0
0	17
0	0
0	0
0	0
0	0
0	0
0	0
0	0
0	0
0	0
0	0
0	0
0	0
0	0
0	0
0	0
0	0
0	0
0	0
0	0
0	17
0	0
1765	1987
1	332
0	482
0	1600
19	484
0	1501
0	300
0	2164
0	872
1	899
1	165
5	140
7	919
15	154
11	39
2	57
9	53
31	36
9	15
0	0
7	7
0	63
0	0
0	63
0	0
0	0
0	63
0	0
1	41
5	356
0	350
0	283
0	242
0	173
13	164
0	145
0	21
0	88
0	53
2	56
0	56
0	123
0	48
12	59
0	352
0	372
15	140
0	132
8	140
0	140
0	335
0	344
0	321
0	321
0	330
17	39
0	21
231	364
9	364
27	253
0	0
0	0
0	0
0	0
0	1
19	12
0	134
15	548
117	558
0	7
0	24
3	193
0	35
78	285
0	77
1	0
0	67
0	340
0	88
0	23
0	71
0	39
1	45
0	240
0	30
0	1121
0	474
0	383
0	427
0	115
0	754
0	257
0	1147
0	46
0	0
0	692
0	187
0	29
0	88
0	11
0	205
0	0
0	23
0	4
1	83
2	62
0	1114
0	1140
0	250
54	349
19	145
17	279
0	0
0	0
0	0
0	0
0	0
0	0
0	0
0	0
0	0
0	0
0	0
0	0
0	0
0	0
0	0
0	20
0	0
0	0
0	0
0	20
0	20
0	0
0	5
0	5
0	0
0	20
0	0
0	20
0	0
0	15
0	0
0	0
0	0
0	0
0	0
0	0
0	20
675	11545
2	3593
0	2
0	846
4	4121
13	1453
10	436
0	971
0	6016
0	580
10	923
0	5730
0	5391
0	51
0	79
0	263
4	2859
0	4405
43	257
4	879
0	3845
6	262
0	647
0	335
5	3724
0	3042
25	2002
3	202
0	348
0	2191
49	110
5	18
0	2068
0	1628
0	37
0	1394
64	142
12	325
0	192
0	939
18	647
3	920
0	0
0	0
0	0
0	0
0	0
0	0
0	0
0	0
0	0
0	0
0	0
3	7
0	4
0	0
0	0
0	3
0	0
6	1089
0	917
0	222
0	204
1	215
0	87
0	236
124	22
0	0
22	104
0	28
4	44
3	176
0	987
0	0
0	0
0	0
0	0
0	0
0	0
0	0
0	0
0	0
12	0
0	1008
109	988
0	361
0	96
11	225
0	0
2	7724
96	6874
305	7056
13	1583
24	1348
138	40
412	420
167	179
184	266
119	347
86	363
589	82
0	1
0	10
0	14
0	62
0	1
0	0
0	62
0	1
0	0
0	0
0	1
0	0
0	0
0	0
0	0
0	0
0	0
0	0
0	0
0	0
0	0
0	0
0	0
0	0
0	0
0	0
0	0
0	0
0	0
0	0
0	0
0	0
0	0
12	1136
9	659
0	727
93	1073
0	36
3	589
0	663
3	20
94	12
0	6
2	11
0	0
0	3
0	98
0	98
0	22
0	13
0	1589
2761	1711
107	804
0	804
0	0
0	30
5	920
28	2624
1612	3439
74	128
0	198
0	131
60	526
0	0
0	526
278	564
49	580
0	17
0	11
13	323
7	564
2	323
0	91
565	1008
0	755
0	1003
0	25
0	33
0	23
12	59
578	41
0	253
0	665
0	284
0	380
44	1140
0	88
6	94
3	1079
0	37
0	37
0	330
2	429
0	7
0	1081
0	0
0	0
0	0
0	0
0	0
0	0
6	0
0	0
0	1
0	0
0	0
0	0
0	0
0	0
9	6492
15	3195
0	4912
47	508
2956	4282
0	2983
20	1547
247	103
2	530
0	848
0	1663
1	42
0	1960
0	1848
0	0
0	30
0	103
6	20
40	1098
0	878
0	934
8	889
0	1099
0	1103
238	1087
3	419
18	39
3	429
0	24
49	284
0	124
0	54
6	54
0	4368
21	2060
735	1134
5	9
68	145
0	4204
2381	270
7636	347
24	6538
0	1914
5	2983
4	5695
17	722
0	2933
25	270
26	234
0	0
11	220
4	127
9	71
0	2349
0	95
4	321
14	0
0	1564
0	229
0	904
0	814
32	782
0	812
0	275
0	4
0	84
15	460
0	5965
214	7202
16	247
178	5772
235	230
4	942
4	20
0	29
0	319
0	413
6	1225
2	1768
0	1427
8	3908
0	416
5	783
0	405
0	1868
5	327
0	482
63	606
0	3144
0	716
0	414
0	1955
0	2150
2	19
1	13
2	55
1	1092
0	229
38	973
44	444
3	14
27	7
0	207
0	222
1	112
17	228
0	198
0	46
0	28
0	185
11	12
0	12
0	0
0	0
0	0
0	0
217	1097
0	1076
0	289
0	239
0	110
17	30
0	70
3	187
0	79
0	189
0	46
0	112
0	119
0	239
0	0
0	0
1	360
119	360
4	140
0	140
0	140
36	0
0	140
0	12
4	28
0	0
0	6
0	13
0	3
0	0
0	3
19	511
0	10
0	10
0	10
0	0
0	10
33	544
0	1
0	73
0	115
67	541
0	24
5	456
2589	1
0	0
0	2
0	2
0	2
0	2
33	251
7	282
9	12
9	114
0	39
13	40
0	0
0	156
6	38
15	20
0	40
0	23
0	0
0	3
0	5
0	0
0	40
0	58
0	54
0	0
1	88
13	88
0	58
0	0
0	2
0	42
0	0
0	0
0	0
13	0
0	0
0	0
0	0
0	0
0	7
0	0
0	0
0	55
0	1
0	23
0	40
0	6
9	0
0	1
0	0
0	0
2	30
0	29
0	88
0	258
5	258
0	0
1	0
0	14
0	3
0	2
0	3
0	2
0	0
0	3
0	283
0	349
0	230
0	331
0	124
6	536
0	5
0	5
0	189
0	315
0	318
0	248
0	294
0	155
0	280
0	315
0	227
0	295
0	325
0	103
72	198
0	327
0	313
0	0
0	0
0	0
0	0
0	0
0	0
0	0
0	0
0	0
0	0
0	0
0	0
0	0
0	0
0	0
0	0
0	0
0	0
0	0
0	0
0	0
0	0
12	31
0	106
0	113
2	113
0	12
3	5
1	5
0	1
0	1
0	21
0	4424
14	778
0	532
32	4337
2	694
20	293
138	150
8	0
32	49
0	620
1	318
2	61
12	38
24	38
7	144
5	4172
0	456
0	183
0	282
7	0
17	55
0	20
1	18
39	22
0	441
3	101
8	86
0	86
0	97
0	59
4	69
13	39
0	51
1288	1376
4	1096
32	358
0	0
0	0
0	81
0	0
0	11
0	11
0	9
0	9
0	9
0	272
5	18
0	61
2	128
253	691
1845	1169
9	44
0	87
0	17
56	96
0	304
0	111
2	21
0	780
0	1023
6	1003
4	220
8	371
0	1122
0	17
15	883
0	1127
47	212
4	170
0	51
5	87
0	297
31	203
0	177
2	168
0	182
3	0
1	169
7	27
9	6
0	6
0	6
0	15
0	15
0	0
2	0
0	3
0	0
9	1219
0	0
0	17
105	36
0	10
0	0
0	10
15	793
34	215
0	169
1	245
0	202
225	0
0	99
0	33
0	33
0	0
0	0
0	0
0	0
0	0
0	0
0	0
0	0
0	0
0	0
0	0
15	99
1090	358
6	112
0	68
0	2
0	11
14	1
0	10
0	0
3	0
0	0
0	0
0	0
7	410
21	627
11	369
0	20
0	67
10	73
1	223
0	33
1	0
0	40
0	0
0	172
31	941
27	947
10	862
0	0
0	0
0	0
0	0
0	0
0	0
0	0
0	0
0	0
0	0
0	0
0	738
2149	406
0	227
52	68
0	17
5	157
0	21
2	0
0	0
0	0
0	60
0	0
0	0
0	0
0	0
0	0
0	0
36	93
3	88
0	430
0	512
0	247
0	0
25	0
28	16
2	0
4	0
116	1923
0	22
16	834
0	335
6	23
0	31
0	0
0	0
12	286
0	31
0	31
0	31
0	24
0	24
0	0
0	0
0	0
1	267
0	0
0	0
0	0
0	0
0	2
0	0
0	0
0	4
0	4
0	4
0	4
0	0
0	4
0	0
0	0
0	0
0	24
0	29
0	20
0	0
528	281
34	256
4	0
0	16
0	25
0	14
0	0
0	0
0	0
0	0
82	17
0	17
0	0
0	0
0	0
390	322
52	520
0	2
0	313
0	0
0	0
0	0
0	0
0	0
0	0
0	0
0	0
0	0
0	0
0	0
0	0
0	0
0	0
0	0
0	0
0	86
0	37
0	56
0	6
0	7
0	37
0	10
0	37
0	0
11	0
44	735
0	90
37	61
0	52
2	35
0	3
0	121
0	93
0	109
0	16
8	511
0	78
5	0
62	1301
0	11
0	11
0	11
82	2061
0	807
0	2116
17	830
0	224
0	836
3	807
5	9
0	156
14	15
0	12
5	68
54	113
0	21
4	35
4	32
63	68
0	2
1	0
0	1807
0	1551
4	1447
0	1437
0	1402
0	1572
1	1401
0	1406
0	1381
0	1560
0	1429
2	1653
6	1603
17	1590
0	1486
0	523
0	49
0	144
19	257
0	2332
52	2269
16	171
0	2166
12	477
0	638
0	81
14	3069
21	16
0	39
17	136
0	2974
0	1857
0	1734
41	849
0	1040
0	1597
0	1729
0	1138
0	21
9	353
0	54
3	85
0	233
7	156
0	1492
22	108
0	18
1	60
0	43
9	96
0	106
16	136
42	138
2	103
1	70
384	975
0	0
0	0
0	0
0	0
0	0
711	132
3	132
4	39
1811	204
15	353
152	1930
9	737
0	22
0	21
10	19
0	16
0	9
6	0
3	1256
0	353
0	1007
4	1018
0	127
16	137
19	490
4	174
0	103
0	0
0	1238
529	1929
80	107
21	572
27	1814
67	136
287	358
0	257
0	436
60	247
0	149
0	194
7	0
0	194
0	379
757	980
1	312
0	238
0	0
7	15
5291	7884
31	7187
0	1211
0	4109
49	979
0	80
0	0
4	462
0	3
0	3
0	0
0	0
0	0
0	0
0	0
7	194
0	166
0	167
20	167
0	5
8	85
0	5
0	0
0	604
0	822
11	114
0	2
7	0
1	2
18	74
12	67
29	101
0	0
0	0
0	0
0	0
0	0
0	0
0	0
64	557
6	43
37	113
5	28
3	66
0	65
8	192
32	2
95	417
74	117
6	18
17	272
3	96
53	165
0	664
0	37
0	389
2	28
0	15
0	30
0	33
5	34
0	0
0	52
69	4624
8	4304
0	1340
0	139
4	63
6	23
5	29
3	306
3	1
0	81
0	3
0	3
0	43
0	64
59	117
0	91
0	89
0	82
0	69
0	74
0	74
11	145
3	29
0	77
6	70
6	53
0	66
0	92
0	80
29	56
5	46
0	18
0	0
0	0
0	11579
35	1881
0	0
0	0
0	0
0	0
0	0
0	0
0	0
0	0
0	0
0	0
0	8
0	490
20	28
7	21
0	318
75	362
15	6
0	0
0	0
0	0
0	0
0	0
0	0
66	2417
93	260
56	6244
5	110
16	227
73	5137
0	127
24	0
19	538
15	141
5	477
0	4
0	0
0	2
0	0
0	2
0	0
0	0
0	0
0	2
0	70
99	237
3	118
22	83
0	180
0	36
0	56
0	107
0	93
13	30
0	58
109	116
0	0
0	0
0	1730
157	214
20	1869
0	863
0	37
0	45
42	569
5	38
0	14
33	659
13	67
1	70
0	1
60	398
0	9
0	0
0	7
0	6
0	7
0	4
0	0
0	1
0	4
0	1
0	0
5	4
0	0
0	0
0	0
0	0
0	0
0	11
0	97
0	97
0	97
0	97
0	97
0	0
0	0
0	0
0	0
0	0
0	0
0	0
0	0
0	0
0	0
0	0
5	8758
640	4922
0	2813
0	1118
1	654
0	8758
0	8358
350	1285
29	1285
0	0
0	0
2	97
4	72
6	97
0	2
0	52
0	52
0	55
0	8
0	8
0	7
0	7
0	2
0	0
0	3
0	0
0	0
0	0
0	0
0	0
0	17
0	0
0	289
0	15
0	0
10	250
0	286
0	0
0	6
0	0
0	0
0	9
2	280
0	0
0	0
0	0
0	0
0	277
5	37
4	6133
5	35
11	88
93	238
0	122
0	3190
0	3161
14	5473
52	5206
0	5862
0	5200
23	2867
26	5652
0	148
13	99
0	284
0	206
34	30
0	2004
0	204
4	428
102	2937
24	89
63	277
41	289
0	0
0	0
0	0
0	0
0	0
4	0
0	0
0	0
0	0
0	0
0	1786
54	4979
1247	10610
79	6564
238	6569
0	4
0	7437
1305	5030
0	3340
0	6106
0	0
0	0
0	0
52	207
0	177
0	155
12	152
0	168
5	139
0	29
3	7
0	56
0	60
10	65
7	61
0	22
0	19
2	17
0	17
0	12
1	11
0	32
347	83
0	35
0	0
0	69
0	4
0	0
0	52
0	296
0	714
0	51
2	628
0	40
0	79
0	79
5	652
0	0
0	115
0	446
0	365
0	0
16	0
67	12
0	637
0	637
0	58
0	176
15	719
12	591
0	703
9	637
2	40
0	719
0	637
0	4
0	1
0	0
0	4
0	97
75	350
0	10
14	29
0	140
160	94
12	95
1	13
16	98
66	775
42	0
3	623
0	775
0	759
86	114
84	116
0	88
22	13
2	131
0	29
4	85
0	49
0	50
0	0
20	970
0	980
0	73
0	149
3	168
0	17
0	17
10	5
0	986
19	2701
0	2307
0	2585
0	2446
64	2432
0	2212
0	635
0	679
0	834
0	790
59	197
7	216
5	171
0	267
0	254
0	299
8	459
0	205
0	243
0	216
4	240
1	76
0	32
0	24
0	2283
0	2424
0	2278
0	1960
0	1
0	1
0	0
0	0
0	1
0	1
0	0
0	0
0	0
78	224
0	28
0	19
0	0
0	0
0	26
0	28
0	1
0	57
0	224
0	28
151	300
0	12
0	69
0	1
0	46
0	40
0	69
0	40
0	77
9	13
4	178
0	79
0	43
0	211
0	7
0	220
0	220
0	966
1302	2263
11	2282
51	48
0	530
1	1264
16	179
0	115
258	249
8	105
7	680
16	1258
2	76
158	208
375	2
0	2
3	103
3	1
0	320
1	27
13	19
0	13
0	19
0	326
0	90
0	90
0	0
0	90
0	0
0	3505
4	3272
24	2530
0	3644
0	565
49	204
122	838
0	3083
2	3540
0	0
0	0
621	4550
9	4550
17	270
1285	608
0	601
0	44
1	59
3	51
0	17
6	144
7	116
54	24
8	33
2	7
75	81
0	16
477	198
0	198
0	36
0	0
9	0
0	2
0	0
0	44
0	44
0	0
0	2
4	2
2	2
0	0
0	31
0	32
4	822
59	746
0	92
29	695
4	224
0	224
12	30
313	1027
23	245
0	649
0	741
486	646
1	539
0	243
0	134
0	35
0	15
8	7
311	1627
90	420
40	1442
283	277
1	34
175	1
57	179
0	0
0	0
0	224
4	0
569	1513
1	789
11	254
18	955
0	902
0	2
0	1
0	0
0	0
0	0
0	0
0	4
0	4
0	4
0	4
0	0
0	328
0	157
0	202
0	0
4	98
0	8706
0	228
0	253
0	492
0	8258
0	2228
0	788
0	7531
0	8281
0	7431
0	3824
0	1650
0	6845
0	10
465	12965
711	6014
10	3830
39	2851
570	2245
0	7250
25	6000
46	96
0	6
10	96
3	62
22	74
4	0
0	0
0	0
0	0
5	68
0	0
0	0
1	0
0	0
0	0
0	0
0	0
0	0
0	0
0	0
0	0
0	0
28	799
12	741
3	180
0	89
0	158
4	62
0	192
0	22
0	176
0	95
5	0
0	64
0	16
7	198
0	32
7	414
0	143
0	114
2	491
0	39
0	50
0	49
0	102
0	28
17	0
0	32
0	18
0	8
8	17
0	0
0	0
0	0
1	48
6	11
0	17
19	0
0	291
1	0
38	266
0	481
12	656
0	8
14	79
14	449
0	107
0	34
0	30
3	5
0	5
0	33
0	589
0	4
0	4
0	0
0	4
0	0
0	4
29	712
1	695
92	713
0	597
1	94
5	37
10	174
0	225
0	159
0	121
0	48
2	712
4	712
0	0
0	0
0	18
0	14
0	18
0	4
0	14
0	18
0	18
0	14
0	4
0	0
0	58
0	14
0	0
0	0
0	0
0	0
0	0
0	0
0	0
0	0
0	0
0	0
0	0
0	0
0	0
0	0
0	0
0	0
0	0
0	0
0	0
0	0
0	0
0	0
0	0
0	0
0	0
0	0
0	0
0	0
0	0
0	0
0	0
0	0
0	0
0	0
0	0
0	0
0	0
0	0
0	0
0	0
0	0
0	0
0	0
0	0
0	0
0	0
0	0
0	0
0	0
0	0
0	0
0	0
0	0
0	0
0	0
0	0
0	6
0	0
0	0
0	0
0	0
0	0
0	0
0	0
0	7
0	0
10	31
0	0
0	7
0	0
0	0
0	6
0	0
323	15
6	0
0	0
0	0
0	0
0	197
0	5
0	0
0	3
0	197
0	197
0	0
11	186
0	0
0	0
0	0
0	0
0	0
0	0
0	0
0	0
0	0
0	0
0	0
0	0
237	391
0	206
106	191
0	134
45	131
0	154
0	92
0	0
0	28
0	5
0	0
0	0
0	0
0	0
3	0
0	0
113	612
0	488
1	613
12	613
24	803
15	888
31	965
0	516
19	590
0	590
0	586
27	402
0	402
0	98
11	295
0	227
25	222
36	191
0	10
0	119
0	218
0	0
0	39
0	39
0	0
0	0
0	0
0	0
0	0
0	0
0	0
0	8
0	0
0	0
0	0
0	0
0	0
11	47
922	1162
2	58
23	45
3	187
0	101
1	1274
7	1235
4	1021
69	1158
0	1197
8	4
105	415
0	0
0	2
0	2
0	2
0	2
0	0
0	2
0	725
0	725
12	56
8	56
0	0
0	0
379	56
0	56
14	1027
0	612
81	1133
57	1118
0	556
0	564
40	450
4	586
1	151
1	245
0	238
21	157
19	277
0	98
0	83
0	128
0	65
0	8
0	250
0	53
0	170
0	170
0	224
0	25
0	3
12	750
0	0
0	0
538	20
0	329
3338	4676
94	1862
0	295
14	3165
477	1770
0	590
123	1162
0	475
10	4135
0	3614
0	118
0	33
5	197
56	10
0	507
0	64
38	8
14	449
25	396
20	72
3	630
8	109
28	1032
12	106
35	81
0	0
84	531
29	403
17	178
5	1604
2	1163
0	759
2	1351
0	1631
2	631
20	70
13	1177
0	748
0	338
12	764
0	208
0	262
4	318
0	84
0	143
8	226
11	163
0	109
0	88
0	90
0	30
0	51
0	0
0	14
0	56
0	13
0	13
0	112
0	50
9	86
0	11
11	0
0	1149
0	911
0	37
2	98
0	448
0	427
13	123
0	53
0	4
0	5
0	27
0	31
0	19
0	32
0	12
0	9
0	32
0	16
0	7
0	9
11	202
4	118
99	400
10	287
18	312
0	363
0	327
11	47
0	0
0	28
7	8
0	18
13	0
0	188
0	15
0	16
27	16
40	0
0	0
0	1
0	0
34	0
0	453
97	1154
0	503
0	17
0	10
0	3
0	143
0	0
0	16
0	3
1428	0
0	40
0	40
0	119
0	28
0	28
0	112
0	28
5	473
0	557
7	381
0	57
0	46
6	16
0	2312
0	2217
1	2061
27	2196
0	2363
5	1983
0	2292
10	144
0	2189
2	2014
0	1
0	2080
0	2221
0	747
0	1785
0	133
25	1662
0	57
0	1616
0	120
22	94
1	814
8	624
152	852
206	1184
0	45
48	218
48	285
0	75
0	11
0	28
0	28
0	0
0	0
0	28
0	0
0	18
0	18
0	0
0	0
0	0
0	7
0	0
0	4
0	4
0	0
0	0
0	0
0	0
0	0
0	0
0	0
6	93
0	10
155	1632
0	24
3	4
0	1625
0	0
0	0
0	0
0	0
0	0
0	5
0	644
0	719
0	545
1	135
0	31
0	63
0	0
0	6
0	6
0	6
0	6
0	0
0	0
0	0
0	0
0	0
33	0
0	0
5	0
0	0
0	0
0	0
0	0
0	0
0	0
0	3
0	3
72	77
0	0
0	0
0	28
0	0
0	0
0	0
3	6
0	0
0	7
0	11
0	6
0	28
0	0
3	0
6	0
0	0
3	16
0	23
0	22
9	893
0	1198
0	1156
0	1278
1	0
0	92
29	114
6	389
11	1049
1	3111
0	3101
0	3087
1038	932
0	1058
17	162
0	136
19	131
34	100
0	0
0	0
18	403
13	98
0	367
0	172
28	158
4	158
5	91
7	47
1	75
0	7
0	7
0	0
0	16
0	0
0	0
0	139
0	334
0	327
0	313
52	307
389	307
0	61
7	49
0	0
0	0
0	173
0	132
6	119
0	157
0	0
0	0
0	0
0	0
0	0
0	0
0	0
0	0
0	0
0	0
0	0
0	0
0	0
2	4351
93	3665
3	4156
27	3936
39	378
0	209
28	68
4	232
11	233
15	541
0	1586
12	14
0	525
0	98
1	10
74	309
0	352
0	102
0	91
0	4
0	0
0	4343
1	4342
3	4345
0	1
0	1
0	2
0	0
0	2
0	1
0	109
30	2302
4	317
0	19
0	16
18	26
3	0
168	2150
0	1173
20	299
14	1173
0	248
0	121
5	90
0	0
0	0
0	0
0	0
0	0
0	0
0	3663
0	3602
10	3161
0	794
9	173
0	145
59	309
0	132
7	222
0	34
0	232
6	142
17	26
12	313
56	27
8	435
81	377
0	107
33	357
12	166
2483	765
8	598
0	34
0	204
7	86
1649	476
0	114
0	167
5	59
13	24
13	278
75	30
11	143
0	104
0	73
23	0
4613	5425
600	4222
0	3945
0	434
937	426
0	532
84	522
0	45
6	29
0	81
0	73
0	90
0	3
0	78
0	36
4	2
0	64
0	64
0	15
0	7
0	10
0	0
0	0
0	64
0	0
0	0
11	211
0	225
0	214
11	135
1	0
0	219
0	1548
6	1
12	175
116	155
2	31
5	34
3	50
0	4000
0	4028
0	49
33	1596
44	1142
2	76
32	0
0	44
9	449
307	2950
12	918
19	2497
27	7
23	89
100	311
32	327
2	127
30	101
17	971
0	19
8	931
0	19
5	237
0	22
106	985
46	648
24	30
0	8
0	0
0	0
21	93
0	30
0	30
0	30
0	6
0	0
2	9
0	9
0	4
0	2
0	8
0	0
0	4
0	0
0	0
0	0
0	4
1	5
0	6
0	4
0	6
0	6
0	10
0	6
0	6
0	371
0	92
0	92
0	92
0	0
0	0
0	0
0	0
0	0
0	0
0	0
0	0
0	0
0	0
0	0
0	0
0	0
0	0
0	0
0	0
0	0
0	0
0	0
0	0
0	0
0	0
0	0
734	11086
47	456
26	10974
35	1723
0	1297
20	245
8	300
13	679
34	110
0	373
0	311
5	138
5	22
5	903
0	560
0	418
0	195
0	143
0	114
0	13
0	347
0	520
0	82
0	114
0	20
0	11
0	24
0	301
0	267
0	56
0	11
0	27
0	0
57	17
0	0
3	76
63	46
0	451
6	14
0	14
0	5
0	0
0	0
0	0
0	0
64	224
0	33
33	35
54	42
0	127
3	91
0	81
0	47
0	34
0	34
2	14148
2	924
10	4733
31	2480
74	3027
9	1408
66	609
8	1860
17	1872
0	11037
6	1698
325	11424
0	1730
0	2388
0	11726
0	2
9	1147
13	1216
28	130
3	694
0	118
0	24
36	228
0	1161
0	100
0	129
0	120
4	7
2	1068
0	972
0	1136
23	778
0	193
0	0
0	337
0	138
0	138
4	154
0	169
4	247
0	246
0	96
1	106
0	154
2	89
25	29
77	548
0	27
132	303
36	25
44	0
0	0
0	0
0	0
0	0
0	0
0	0
0	0
0	0
0	0
0	0
0	0
0	0
0	0
0	0
0	0
0	61
0	65
0	87
0	30
3	77
338	77
0	18
0	0
14	243
2	28
0	77
0	223
0	51
1	44
0	90
0	7
0	12
0	0
0	0
0	0
0	0
10	249
0	0
0	0
0	0
0	0
0	0
0	0
0	0
0	0
0	0
0	0
5	295
0	297
5	15
6	0
2	1
13	269
0	244
0	3
0	0
0	0
97	413
0	27
1	413
10	298
1	131
5	46
16	11
0	6
7	17
0	9
0	0
0	27
0	0
4	0
0	8
0	0
1	27
0	770
0	317
0	685
2	353
28	407
1	658
2	247
0	0
0	454
32	132
4	1
0	31
0	407
0	776
0	0
5	10
2	0
15	302
0	0
1	0
0	0
0	0
0	0
0	0
0	0
0	0
0	0
0	0
0	0
0	33
0	33
0	33
0	33
0	33
0	0
0	0
0	0
0	0
0	0
0	0
0	4
0	0
0	4
0	0
0	0
0	0
0	0
0	5
0	0
0	0
0	5
0	0
0	0
0	0
0	5
0	2
0	19
53	34
5	21
0	13
18	89
22	15
0	17
0	0
0	0
0	0
0	0
0	8
2	8
0	5
0	0
0	0
0	186
0	448
0	195
0	444
10	402
0	0
0	128
0	141
36	145
0	312
53	274
0	401
0	162
0	175
0	19
159	161
0	238
0	99
0	104
0	448
0	268
0	2991
128	3253
0	2822
0	33
11	48
0	14
0	26
0	831
24	62
21	281
0	193
78	0
105	3576
14	3552
0	762
4	71
0	106
0	137
0	6
1	20
4	140
391	0
90	17
0	0
0	0
0	0
0	0
0	0
0	0
0	0
0	0
41	205
18	46
2	117
51	0
0	0
0	35
538	1699
4	126
0	1200
7	511
5	713
0	25
0	807
0	477
13	471
3	1053
6	1053
41	1024
15	173
9	385
0	134
3	641
0	638
0	23
43	300
19	0
0	168
88	2740
94	1016
61	943
18	1825
11	2023
93	939
19	1299
9	1649
0	539
0	326
5	326
66	28
88	61
5	172
0	242
0	196
10	26
0	38
0	48
0	130
9	177
0	179
3	3
0	0
0	0
101	704
0	389
130	203
2	449
0	342
29	436
5	102
1	268
0	93
0	197
0	155
0	152
0	175
0	211
0	143
5	20
0	66
0	26
0	94
0	242
0	246
0	0
0	0
0	31
38	65
2	55
0	57
5	22
0	32
0	7
0	0
0	0
10	276
0	0
0	0
0	43
0	0
0	0
0	0
0	0
0	0
0	0
0	0
0	0
0	0
0	0
7	0
0	0
0	174
0	174
0	0
0	0
0	0
0	92
0	4
0	273
0	44
0	0
0	146
0	7
2	306
0	1
0	20
1	99
6	18
0	130
46	106
0	129
0	43
0	22
0	118
0	0
0	0
46	252
0	3
0	0
0	0
0	0
0	0
0	0
0	0
14	365
0	343
0	28
0	15
0	12
0	56
14	33
30	20
0	21
0	8
0	0
0	6
0	1
0	0
0	318
4	0
0	318
2	3
0	0
0	31
4	3
0	0
0	28
930	146
0	0
0	0
0	0
0	0
0	0
0	0
0	0
0	0
0	0
0	0
0	0
0	0
0	0
0	0
176	324
0	1171
228	962
22	876
0	112
0	936
225	382
1	817
1	946
0	89
10	12
1	62
0	24
0	0
0	1023
8616	1493
15	917
9	590
27	1032
2	137
2	136
186	1042
11	885
5	502
0	509
0	0
0	0
0	0
0	0
0	0
0	0
714	186
25	186
4	330
42	288
0	253
0	216
0	78
0	107
4	199
0	49
14	59
1	1
14	14
0	14
0	32
14	54
0	16
0	13
0	8
0	6
0	9
0	0
0	0
0	0
0	0
0	0
0	0
0	41
0	0
0	0
66	982
47	610
18	416
0	126
0	209
418	920
15	209
14	355
15	92
0	312
5	153
2	0
23	19106
0	17777
3	18859
0	18853
0	10775
29	18701
0	16712
104	17399
0	17896
0	18563
0	18485
341	16158
0	18013
8	7095
27	95
16	1074
0	5637
40	74
0	2399
42	1
0	445
0	0
0	318
3	370
0	315
0	0
0	17
0	14
0	14
7	26
4624	0
69	2526
208	685
51	254
145	91
0	130
6	2419
13	275
798	275
0	11
0	10
0	1
103	579
0	1
32	0
3	0
0	1
0	1
0	10
8	1330
4	2178
2	1866
88	7806
5	7670
0	7738
103	2022
9	310
0	0
0	0
61	268
0	0
0	0
0	16
0	197
37	199
0	111
49	52
6	2621
228	238
0	1790
0	975
24	85
0	185
0	0
11	208
1	215
0	147
0	32
0	206
20	150
0	37
4	51
0	50
0	17
0	197
2	163
0	0
1	921
101	808
0	171
0	235
2	355
0	285
0	126
5	43
11	46
46	18
0	38
0	50
0	65
2599	3840
98	1366
13	56
6	2
74	157
0	390
1	449
16	840
296	1050
192	1047
1	314
4	14
0	31
3	134
4	423
0	790
0	646
0	0
9	512
10	787
0	935
0	682
20	712
0	601
0	787
0	191
5	0
0	0
0	0
0	0
0	1
0	0
0	0
0	0
0	0
0	1
0	0
0	0
0	0
0	0
0	0
0	0
0	1
0	0
0	1
0	0
0	0
0	0
0	0
0	0
0	0
2	108
8	102
0	87
0	35
0	23
0	19
0	87
0	1235
0	2777
0	1948
0	2058
0	0
0	2916
20	2857
0	2791
0	2072
0	58
0	136
2	2126
0	2914
0	2192
0	2164
0	20
0	2013
50	55
0	160
78	2079
1	382
19	402
17	77
11	279
0	2152
58	562
0	623
55	126
5	0
6	109
0	142
0	46
8	0
4	637
0	489
0	304
0	322
0	922
0	519
0	322
0	30
0	0
0	30
0	29
0	0
0	0
0	29
10	0
0	0
0	0
0	0
0	0
0	0
0	0
0	0
0	0
0	0
0	0
0	0
0	0
0	0
0	141
0	0
0	0
0	0
0	0
0	0
0	0
0	0
0	0
0	0
0	0
0	0
0	0
0	0
0	0
0	0
0	0
6	969
0	642
0	40
10	83
0	67
9	91
18	445
4	545
12	606
0	39
0	67
1	239
12	54
244	257
0	0
0	4
0	4
0	35
4	95
14	82
0	20
0	42
0	2
0	6
0	13
0	17
0	43
0	43
0	43
0	42
0	66
3	55
39	962
0	484
2	615
0	17
0	91
4	45
0	36
0	917
123	59
135	1297
0	99
13	1174
17	165
0	18
0	0
3784	425
0	64
23	300
0	140
0	21
0	0
0	0
0	0
0	29
0	35
0	652
3	26
0	42
0	36
0	23
21	10
7	0
0	0
0	7
0	7
0	0
0	0
0	0
0	0
0	0
0	0
0	5009
0	4478
0	4170
0	3155
0	3034
0	2534
41	1828
0	3496
0	3530
0	3092
1	3190
11	3500
12	3106
0	1557
0	2789
8	452
0	310
6	1341
0	613
10	185
75	2
4	1063
0	241
0	438
0	142
22	87
11	117
20	102
11	73
0	34
72	407
3	515
0	501
0	640
12	553
47	552
14	602
0	376
2	77
8	91
0	49
1	43
0	13
0	21
0	515
0	0
0	0
0	0
0	0
0	0
0	0
0	0
1	489
0	0
0	0
3	209
0	0
0	0
655	186
0	31
0	0
0	0
0	0
8	168
0	198
866	271
5	124
0	13
15	79
23	11
1	0
632	1191
24	546
1	1168
4	39
0	40
0	40
0	40
2	1
0	1
0	1
0	1
0	0
0	0
0	0
0	39
0	12
1	8
0	8
0	0
0	0
2	3
0	2
0	0
0	27
10	93
0	93
0	0
0	0
0	137
0	0
0	0
0	0
0	0
0	0
0	0
0	0
0	0
0	0
0	0
0	0
0	0
2	7
0	0
0	0
0	0
0	0
0	0
0	0
0	0
0	0
0	3
0	202
0	0
0	0
6	50
0	0
0	0
0	0
3	0
10	135
0	21
0	21
0	21
0	21
0	15
0	15
0	3
0	3
2	2
0	0
0	0
0	0
0	0
0	0
0	0
0	0
0	0
5	0
0	0
2	796
0	94
60	196
0	13
0	42
172	139
0	696
2	759
0	0
0	0
0	0
0	0
0	0
782	1448
0	1168
6	1060
19	1095
0	1
9	335
11	149
0	142
0	117
0	134
0	0
0	2336
0	2455
0	2305
0	2384
0	2284
1	151
0	0
0	0
0	0
0	0
0	0
0	0
0	0
0	0
0	0
0	0
0	0
0	0
0	0
0	0
124	8086
3645	8086
93	57
19	0
4	51
2	193
0	1392
9	1491
58	273
0	720
13	716
0	174
119	569
3	16
5	59
17	17
3	54
11	7
0	31
0	113
0	71
29	98
0	69
0	85
0	71
0	38
0	35
0	0
0	30
18	3401
0	170
0	3303
0	3184
0	3331
0	3067
0	3219
9	40
13	2600
8	93
3	2969
4	53
13	3313
0	93
1	253
2	45
14	110
30	545
0	172
28	148
0	0
52	166
620	1613
12	340
0	114
2	204
0	81
9	223
1	205
0	207
6	190
20	159
10	779
0	104
22	296
61	528
16	75
0	0
2	93
0	40
0	54
0	64
0	21
0	0
0	7
10	0
0	0
0	0
0	0
0	0
0	0
0	0
0	0
0	0
0	0
0	0
0	3703
0	3644
0	1342
0	1269
0	102
2	1063
0	2861
0	2856
0	3008
0	2878
0	2873
0	3053
0	2515
0	2031
0	2207
0	2322
0	1980
0	1832
9	1351
0	1750
0	1670
0	1968
0	1834
7	2122
9	1361
15	1892
0	1673
0	1850
0	1293
0	1257
0	1324
3	736
0	569
0	260
3	287
0	14
0	152
0	351
0	274
0	290
0	44
9	185
2	74
167	454
5	134
28	135
14	550
0	45
277	176
0	132
19	44
0	1678
0	1889
303	28
0	1138
0	925
0	2
0	0
0	0
0	0
0	2
0	0
0	0
0	0
0	0
0	0
0	0
0	0
0	0
0	0
0	0
44	0
0	0
0	7
0	7
0	129
0	0
11	1
0	0
0	0
0	4
0	723
0	674
0	720
0	664
0	720
0	651
0	108
0	4
0	7
0	63
0	433
0	9
0	346
27	33
3	9
1	16
0	0
0	9
14	26
0	24
0	26
0	13
1	674
0	648
0	8
0	3
0	1
0	0
0	1
0	1
0	0
0	1
0	1
0	0
0	1
0	1
0	1
0	1
0	1
0	0
0	0
0	1
0	1
0	1
0	0
0	0
0	0
0	0
0	0
0	10
0	0
0	0
0	0
0	0
0	0
0	0
59	11461
796	17587
23	39336
700	42414
0	39640
0	35876
1	43435
85	47914
47	17088
0	15918
235	19124
35	11730
1	20768
23	39
0	0
4920	2698
177	704
3	277
3	56
20	1745
0	180
0	305
4	72
0	15
9	31
0	0
0	0
15	178
0	123
0	91
0	83
1	16
0	43
6	99
0	0
0	0
91	34
0	0
1	2
0	34
50	2802
1	1880
0	809
0	918
10	123
45	17
0	72
27	1145
3	864
6	617
4	2393
0	0
0	0
0	0
102	37
231	2115
25	1670
4	478
4	36
0	1217
19	64
11	460
8	32
0	18
4	3
0	32
175	1268
0	1249
0	66
38	159
36	33
118	5950
0	5985
2	90
0	1793
20	3523
13	3139
21	3268
0	3421
1	0
0	10
11	152
0	427
32	68
18	0
0	305
11	15
0	5656
0	23
0	0
0	0
0	0
369	2902
95	2986
11	930
2	11
38	17
0	0
0	0
0	0
274	4538
352	3922
45	2510
0	221
48	148
0	166
79	6
0	56
11	57
15	63
0	30
0	27
0	1
0	21
0	0
0	6
16	33
20	38
0	1
0	6
0	0
0	0
0	4
0	11
0	11
0	11
0	0
0	0
0	0
0	0
0	0
0	0
112	0
11	483
10	613
130	1903
0	1018
0	1025
0	464
6	224
0	1025
0	0
0	0
0	0
0	0
0	0
0	0
0	0
0	0
0	0
0	0
0	0
0	0
0	0
0	0
0	0
0	0
0	0
0	0
0	0
0	0
0	0
0	0
0	0
0	8
0	0
0	0
0	0
0	0
0	0
0	0
0	0
0	0
0	0
0	0
0	0
0	0
0	0
0	0
0	0
0	0
0	0
0	0
0	0
0	0
0	0
0	903
207	1403
0	0
0	0
0	0
0	0
0	1847
0	256
0	301
0	89
7	283
2	39
0	292
0	53
14	228
0	66
253	4459
1	1038
0	54
0	935
0	61
0	600
24	9
0	60
3	76
59	1760
0	1760
0	0
0	0
0	0
0	0
0	0
0	0
0	0
0	0
0	0
141	0
0	0
0	0
10	333
0	1
5	31
1	1
0	1
14	272
0	272
0	272
0	272
0	243
0	0
0	272
0	0
0	0
0	0
0	0
0	0
141	0
0	556
652	70
8	9
0	59
0	2
11	7
20	25
0	25
0	7
37	0
0	0
6	217
0	237
0	6
0	48
0	43
18	8
0	224
0	6
9	217
47	2230
0	2060
70	0
6	1807
0	128
2	78
0	1695
0	270
0	270
0	261
0	261
0	36
2	9
0	9
0	0
0	270
0	268
0	8
0	6
0	0
0	2
9	2
0	2
0	10
0	10
0	60
0	0
0	44
0	63
0	348
0	54
0	46
0	89
0	1
0	324
0	0
0	0
0	0
0	0
0	0
946	10373
0	21
0	198
23	9
0	326
5	0
0	0
1	2101
0	2239
1	2041
9	1843
3	2125
0	1280
1	1164
0	238
0	155
9	659
0	634
0	80
0	43
0	0
3	0
0	7
0	7
0	0
3	0
0	80
0	0
0	0
0	0
0	0
0	0
10	0
0	0
0	0
0	0
196	404
0	404
0	4
0	4
0	4
0	28
3	21
0	5
1032	1606
0	62
0	40
0	70
0	6
0	0
0	20
4	28
0	196
0	869
0	92
0	21
13	90
37	894
0	756
2	136
15	510
0	192
1	184
0	39
0	65
0	130
3	44
192	127
0	0
0	0
0	89
7	61
3	15
0	54
0	64
0	51
0	47
0	0
0	5
0	48
0	56
0	113
0	102
0	34
0	43
0	0
0	22
0	23
0	7
0	7
0	0
0	0
0	0
0	54
0	85
0	71
0	48
0	0
0	115
0	120
0	120
241	4932
10	4544
17	1394
64	2329
0	0
0	70
0	75
0	4
173	315
0	75
0	0
0	75
4	4
0	127
0	24
0	71
0	0
0	0
0	0
0	0
3	4060
2	3842
0	1297
0	1445
0	808
0	1093
0	1138
8	533
310	52
3	33
55	94
73	3323
9	2432
96	3323
28	870
0	10
31	5
7	0
0	0
0	0
0	0
0	0
0	5
0	5
0	0
0	10
0	5
0	5
0	29
0	0
0	34
0	5
31	593
3	500
0	121
3	412
4	283
0	336
0	240
0	0
0	0
2	0
0	0
104	2250
22	635
14	748
0	802
14	228
0	272
0	64
19	286
7	1900
0	2
101	132
0	8
2	108
0	6
1	0
0	21
0	24
0	11
0	11
13	11
0	3
0	259
2	625
0	1191
0	935
17	2039
461	725
0	3607
0	240
0	2189
5	1256
706	6179
0	928
0	968
0	158
0	105
0	136
0	132
0	52
0	26
0	24
0	15
0	34
0	35
0	26
0	33
0	28
0	1
0	8
0	8
0	0
0	0
190	825
265	818
0	88
37	31
0	0
0	1131
0	972
2	134
5	1346
14	1713
0	526
10	424
0	76
9	328
0	435
0	334
0	247
0	150
0	361
35	1291
0	113
195	770
0	399
0	409
33	353
15	105
0	18
47	358
410	176
132	332
0	1099
0	1382
7	1020
0	179
8	117
6	734
7	523
2	733
0	654
0	721
0	566
0	168
0	330
1	0
0	36
0	50
0	46
4	702
72	591
21	721
32	11
0	0
0	1220
23	1366
5	1385
0	19
0	39
0	12
60	479
0	355
0	351
13	0
12	164
0	36
0	150
0	41
22	529
0	81
0	87
0	83
5	46
0	65
0	79
0	83
0	83
0	50
0	83
0	83
0	83
0	87
6	0
0	12
0	25
47	58
0	25
0	25
86	976
0	26
48	750
23	727
0	791
0	852
0	649
0	431
10	265
25	200
0	1038
8	638
0	7
0	551
6	649
1	42
15	122
0	628
0	620
0	620
0	564
0	579
0	337
0	620
0	624
0	620
0	133
0	620
0	638
0	625
0	565
0	608
0	623
0	550
0	111
0	628
0	15
0	625
0	249
0	107
0	620
0	620
0	623
0	68
35	560
0	150
0	5
2	475
5	552
0	7
0	0
0	131
0	131
17	107
0	4
0	62
0	56
0	53
0	107
0	28
0	152
1	152
0	65
4	0
0	0
0	16
2	53
0	1
0	153
0	28
0	0
0	0
0	0
0	55
38	55
7	962
0	111
0	37
0	64
0	1
5	1
0	1
0	0
16	3
0	0
11	3
1	688
5	689
0	96
2	101
0	19
38	0
32	27
2	106
19	149
0	121
0	76
9	61
7	98
7	78
0	58
0	0
0	0
6	0
0	0
0	0
1	69
0	0
8	0
0	0
0	7
25	31
0	3
13	4
0	1
9	19
0	69
131	1461
56	2269
115	2126
14	1932
0	1003
17	342
7	325
53	198
0	31
6	404
0	387
3	383
0	295
0	17
39	424
0	40
0	4
0	4
14	439
6	15
0	6
4	8
0	0
8	0
0	11
0	6
0	7433
0	0
0	10
0	0
0	0
0	41
0	88
0	48
12	66
0	0
0	0
0	7
0	7431
315	428
6	364
950	20
403	6566
0	3298
21	115
4	139
24	0
0	0
5	6589
4	930
83	105
16	212
296	716
6	103
54	3409
0	6809
12	2450
83	5
0	78
45	0
8	42
22	247
1	34
7	1303
2	114
5	494
48	4
0	330
11	67
8	35
6	126
0	6463
0	309
0	309
0	0
0	0
0	1
0	0
0	0
0	0
0	4171
1	3696
1	4263
0	4236
22	186
27	3792
0	60
7	143
12	3809
0	3536
0	73
0	39
0	74
1	279
0	242
10	2183
0	1230
14	158
0	67
0	4161
0	5
0	5
0	50
0	168
9	14
90	122
38	4290
16	563
0	2
0	298
15	333
20	22
825	160
75	195
204	2223
85	869
0	312
205	1631
0	873
0	525
0	882
3	320
10	25
0	820
18	1
0	737
0	320
0	3742
7	4641
0	15453
66	35678
2	3852
4	18775
26	15519
79	14342
0	327
16	30
0	327
0	190
16	84
30	0
1	61
7	189
0	49
25	123
220	1007
0	327
0	0
0	0
0	0
0	0
4	19
0	0
0	0
0	19
0	48
0	44
0	51
2	51
0	0
0	12
0	0
0	0
0	22
0	21
9	4
0	4
0	4
0	0
0	0
10	0
0	0
29	15
0	0
0	0
0	41
0	41
0	41
0	0
0	0
0	41
0	0
27	34
2	34
0	0
0	643
35	610
5	116
0	113
2	3927
0	756
8	1151
1	1284
0	823
1	894
0	3986
14	302
23	690
164	334
0	1014
1	808
8	264
120	43
2	331
5	28
72	26
0	4074
0	3808
0	3775
0	7078
0	6770
0	2210
0	1606
0	753
9	2974
0	3639
22	4317
31	1199
0	1564
35	254
0	7074
14	4
0	3
0	0
0	0
0	15
24	79
0	0
0	0
0	0
0	0
0	0
6573	447
55	318
99	305
17	111
0	0
8	1919
809	1979
0	65
80	1954
56	13
0	0
0	19
0	0
0	9
0	0
0	0
0	2
0	0
0	0
0	0
15	24
0	194
406	1813
15	235
6	627
22	235
0	117
47	154
0	113
11	144
0	0
7	12
223	141
0	0
0	0
4	719
0	0
0	0
0	0
0	0
0	0
0	0
0	0
0	1383
0	1327
0	999
5	1141
7	155
0	85
0	129
0	237
6	569
0	109
0	0
0	0
0	0
22	773
0	195
0	239
11	683
13	144
4	597
0	303
2	192
0	0
0	142
0	44
0	40
0	689
0	0
0	0
0	0
0	0
0	0
0	0
42	0
2059	739
1	141
4	474
850	1258
19	784
11	450
0	123
163	610
0	559
2	494
161	751
221	1728
3	1393
0	74
2	118
0	74
19	392
0	11
0	0
0	5
0	0
0	0
34	944
0	0
0	0
0	0
0	8
0	0
0	0
0	8
0	0
0	0
0	0
0	0
0	0
0	0
0	20
0	21
0	17
0	102
0	15
0	106
0	106
11118	12879
16	6537
796	4811
59	6862
3	4788
6754	7383
0	2602
7	1887
243	395
0	5
0	5
14540	0
0	0
0	0
6	0
0	0
0	0
10	162
0	0
44	8
1	8
20	969
0	928
0	440
2	490
11	443
0	61
2	88
0	107
0	0
0	175
0	102
0	86
0	60
0	47
0	45
0	23
0	0
0	7
0	0
11	528
29	508
5	259
0	215
6	101
4	61
0	0
0	112
0	0
0	152
12	22
0	15
15	18
0	17
0	0
0	0
0	16
0	12
0	17
0	37
0	74
59	1887
0	127
0	1198
0	76
0	173
5	1827
0	37
1	13
0	824
0	1091
6	1093
3	860
13	0
7	219
88	283
31	257
0	550
5	1807
0	1832
0	0
0	0
0	0
0	0
0	0
0	0
0	4
0	4
0	0
0	0
0	0
0	4
0	0
0	0
0	0
0	214
35	0
0	958
0	287
0	269
0	147
0	52
38	499
21	534
0	316
1	289
0	210
28	219
100	37
0	37
0	13
2	63
48	63
12	0
0	0
1	2760
870	5157
908	2532
62	2859
0	0
0	0
0	0
0	23
0	23
0	4
40	358
0	4
0	0
0	0
0	0
0	0
10	230
0	0
0	0
0	0
0	0
0	394
100	16
7	16
529	1763
8	1894
1	1497
18	556
0	31
0	0
697	2055
124	1950
0	1321
0	825
0	141
5	95
0	502
95	160
0	18
0	18
2	15
5	0
5	123
0	24
0	57
0	14
0	536
11	482
0	404
0	0
20	0
0	0
0	0
0	0
2	0
0	0
0	0
0	0
6	2232
0	199
14	9
50	179
0	273
0	347
0	284
0	224
0	108
0	150
0	239
0	220
0	139
3	68
3	37
0	90
0	473
6	481
0	1312
0	1296
0	0
0	112
10	1391
0	117
0	765
3	5
15	155
0	752
1	1072
2	106
0	90
0	49
175	766
0	38
30	33
16	986
11	958
0	1358
0	988
51	835
0	1091
14	1081
0	1460
5	33
0	35
4	77
1	858
2	884
0	22
8	115
0	4
17	913
8	981
23	561
0	497
0	123
14	68
0	23
7	27
0	1058
0	1067
0	0
0	0
0	0
14	710
0	0
0	0
0	3
4	44
0	48
0	55
0	43
0	48
0	0
8	0
0	19
0	0
0	19
0	19
0	0
0	4
0	7
0	7
0	0
0	0
0	1410
0	17
0	0
0	17
0	17
0	0
0	17
0	17
0	0
0	5
0	0
0	17
0	17
28	2600
14	2600
0	67
1	1452
1	2615
8	1933
18	1800
5545	5166
81	5170
28	4041
58	1982
0	933
808	2011
18	60
0	0
2600	4907
27	4447
22	4786
31	39
15	172
0	69
0	43
33	949
2	261
0	107
1186	189
7	63
0	17
0	50
0	21
0	0
3	126
648	66
0	67
0	40
0	18
24	6
0	12
248	643
0	12
0	0
0	2
0	22
0	0
0	7
0	43
0	43
0	3
0	2
0	3
0	0
0	43
0	16
4	0
0	43
460	167
5	39
0	0
0	7
0	80
0	43
0	54
0	38
0	890
6	135
4	11
0	803
0	753
0	130
0	612
8	491
0	123
0	606
0	37
0	5
2	576
0	470
0	342
0	142
0	160
0	962
0	902
0	662
0	777
0	377
0	66
2550	1384
18	0
0	476
0	167
0	166
1	1302
348	1122
0	449
13	22
79	71
0	10
0	70
0	52
0	0
0	0
0	15
0	0
0	0
0	0
0	0
0	645
0	0
0	0
0	645
0	0
0	0
0	0
8	1309
0	330
0	0
0	0
0	693
0	696
0	122
0	131
0	36
0	17
0	0
0	0
0	0
0	0
0	0
49	1731
7	8
14	98
2	1259
0	1613
7	1430
1	315
0	1271
190	875
0	1613
96	1066
52	278
108	1007
48	1016
0	100
24	1350
1	35
26	362
0	94
0	57
8	24
0	0
0	6
0	6
0	0
1994	1231
3	1105
0	882
0	193
5	1113
0	636
0	641
0	650
8	1108
0	578
0	552
0	13
0	0
23	44
0	41
0	579
0	171
0	123
0	20
11	0
0	478
0	471
455	275
10	66
58	255
0	59
1	84
15	41
934	553
5	31
49	57
0	39
0	60
0	62
0	1
0	374
0	14
0	14
0	0
42	0
0	0
0	0
0	0
0	66
0	66
0	13
0	10
0	38
0	38
0	9
0	1939
34	2358
0	2088
50	1841
0	2027
0	2149
153	215
12	189
20	125
149	223
5	134
89	395
15	577
1	487
60	370
25	520
0	738
7	154
0	77
0	0
0	0
0	0
0	0
0	0
0	77
0	77
0	839
0	220
20	251
0	48
0	186
11	157
168	1186
0	88
0	733
0	182
57	844
3	113
2	74
0	0
2	20
0	0
3	10
0	19
4	17
3	10
0	8
0	12
0	19
0	3
0	3
0	0
0	38
0	0
0	0
5	162
36	225
15	33
0	18
0	32
0	18
0	0
0	12
0	0
0	0
0	1
0	1
0	0
0	1
0	0
0	610
3	1551
3	1615
1	1075
159	1072
0	54
0	64
0	65
3	50
0	38
0	45
0	18
0	198
0	97
0	52
0	102
0	32
0	49
0	69
0	101
0	50
0	36
1	59
0	55
0	4
7	19
12	98
8	18
0	0
0	0
0	0
0	0
0	0
0	0
0	0
63	349
0	3
0	0
0	0
0	0
13	24743
10	555
0	6853
779	19353
19	24258
1693	17889
0	426
45	17376
0	2859
170	157
89	77
0	1063
0	897
0	739
0	886
6	1669
306	4017
0	2195
119	864
3	2438
1072	12159
169	2965
0	7060
15	7059
0	7061
13	6967
9	6945
3	6057
15	15
0	0
0	0
0	0
0	281
6	310
0	284
0	330
0	271
73	325
0	154
19	49
0	3
0	17
112	1441
9	438
0	584
0	449
0	453
27	451
15	385
0	153
0	28
0	0
0	33
7	0
0	0
0	2
0	2
0	2
0	0
0	0
0	0
0	0
15	825
45	330
0	784
27	801
1	106
0	87
0	39
11	44
34	69
0	141
0	9
0	472
0	472
0	472
0	0
52	3987
1	774
8	4719
131	3847
16	3983
1366	1270
0	182
10	1112
6	1168
21	1082
2	802
0	0
0	106
0	105
0	51
0	416
0	342
0	348
0	6
0	9
0	348
0	923
0	923
0	909
0	0
0	112
0	7
0	69
0	102
0	55
0	96
0	171
9	123
0	121
0	122
0	177
0	24
2	92
1	293
14	164
0	149
0	82
0	76
0	80
0	76
13	22
0	7
0	51
0	156
0	72
0	72
2	153
0	1
0	127
0	36
2	30
0	0
87	855
30	817
5	17
0	42
0	15
0	38
14	0
0	127
0	130
0	4
0	156
0	19
7	19
0	19
101	403
10	154
0	26
0	29
0	17
22	243
0	11
0	214
0	13
0	201
0	0
0	213
0	17
7	200
0	201
11	213
0	243
2	211
5	213
0	218
0	351
11	1208
30	701
1	337
13	479
4	660
10	75
0	293
0	251
0	1
0	387
49	29
0	305
0	408
0	62
0	672
9	88
0	63
0	457
0	49
0	63
0	28
0	30
7	429
2	349
0	18
0	60
0	68
0	12
14	293
0	359
0	43
0	98
0	338
0	136
1	38
0	51
14	18
1613	659
6	78
12	362
0	102
0	58
0	52
0	1062
9	888
0	587
595	1399
395	699
12	193
35	426
1	271
335	330
0	114
8	5
0	4
0	114
0	11
15	11
0	0
0	0
0	0
2	0
0	0
4	907
0	907
0	907
18	907
3	800
0	760
0	660
0	28
3	10
0	12
0	9
0	53
1	67
8	16
0	52
0	26
1	0
0	39
0	32
0	28
0	27
0	0
0	25
0	0
0	0
0	22
0	0
0	0
0	3
19	9
0	3
0	0
0	0
0	0
0	0
0	2
0	2
0	0
0	0
0	0
0	0
0	0
0	0
0	0
0	0
1	56
0	47
0	48
0	64
1	10
0	64
0	64
0	19
0	19
0	2
0	0
0	0
0	0
0	0
0	0
0	0
12	2338
0	4296
2904	5586
0	3528
12	3550
0	3040
0	3205
0	2705
11	2245
0	1017
0	1764
0	1315
0	853
6	1958
80	2106
62	71
106	1037
0	1000
0	904
282	1149
18	380
53	194
0	0
0	0
0	0
1	1
0	1
0	0
0	0
1	73
9	166
15	122
0	10
0	55
0	0
0	11
0	11
0	0
0	0
0	0
0	0
0	0
0	0
0	0
0	771
53	116
0	111
0	112
0	67
0	21
0	0
1	39
0	2
0	0
0	0
0	0
0	0
0	0
0	0
0	0
0	0
0	0
0	0
0	0
0	0
0	0
0	0
0	0
0	0
0	0
0	0
0	0
0	0
17	0
4	763
10	806
0	899
0	834
0	802
0	898
526	963
91	743
23	90
0	53
11	200
564	233
1	233
0	721
0	36
469	721
0	230
0	230
0	230
0	230
0	0
805	467
100	462
0	111
17	13
0	0
0	0
0	0
0	0
0	0
0	0
0	0
0	0
0	217
0	223
0	1
2	208
0	45
0	51
2	166
0	0
0	200
0	0
0	83
0	60
0	0
0	1
0	885
19	838
3	763
144	585
23	0
0	0
0	0
0	0
0	0
0	232
2	232
0	37
11	43
0	12
0	0
0	0
124	1217
0	1081
63	439
105	49
400	81
0	47
36	257
0	257
0	46
0	0
0	0
0	0
370	947
0	761
64	722
8	836
47	341
0	260
0	144
0	129
0	129
0	110
0	111
0	16
8	123
0	122
16	122
0	82
0	0
0	0
0	0
0	36
0	36
0	0
0	0
0	0
0	0
0	0
0	0
0	0
0	0
0	0
0	0
0	0
0	0
0	0
0	0
0	0
0	0
0	0
0	0
4	8081
11	624
2750	9107
0	1281
5	919
19	8383
0	6536
19	536
0	965
0	672
61	45
82	415
50	1493
0	846
13	48
0	48
4	5006
0	5122
0	522
514	4690
0	50
44	62
634	4831
3	5003
0	0
0	0
0	0
0	0
0	0
4	0
1	0
12	152
33	244
55	160
17	165
0	4
0	45
0	29
81	150
0	135
0	42
0	100
0	16
0	7
0	0
0	0
2466	4463
1353	4455
2	983
0	0
0	0
0	98
0	3509
0	79
2	69
2	74
4	119
0	86
24	410
1	2759
0	948
0	490
80	2429
0	100
8	86
0	3521
0	82
5	126
0	148
10	173
0	20
19	24
53	2972
31	35
27	107
2	77
23	47
20	277
0	0
0	0
0	0
12	25
0	0
0	0
0	0
0	4
0	0
0	0
0	0
0	0
0	0
0	0
0	0
0	0
0	7
0	0
0	0
0	4
0	7
0	0
0	0
0	4
0	0
0	0
0	7
0	0
0	0
0	0
0	0
0	0
0	0
0	0
0	0
0	0
0	0
0	0
0	0
0	526
0	484
3	505
0	71
2	19
0	478
0	478
0	0
0	0
0	0
0	0
0	0
0	0
0	0
0	0
0	478
0	478
0	0
0	0
0	0
0	0
0	478
1	155
0	104
0	131
0	131
0	110
0	42
0	840
0	572
0	236
18	391
0	150
0	810
0	960
4	712
0	601
0	98
0	724
0	764
0	251
0	577
0	15
0	331
0	19
1	49
4	419
12	15
151	985
0	5
0	54
0	269
214	1146
4	137
48	240
0	81
0	90
0	116
4	59
20	1341
226	136
3	65
0	71
32	439
153	330
12	1740
7	43
50	444
3	346
25	82
0	544
0	365
0	16
4	12
0	96
0	352
0	95
4	579
0	46
0	20
0	11
0	26
0	63
4	26
5	77
4	116
6	72
0	0
4	282
0	335
3718	181
0	1
0	0
0	0
0	0
0	0
0	1
0	0
0	0
0	0
0	0
0	0
0	0
0	0
0	0
2	46
0	1
17	60
0	1
0	0
0	28
1	7
0	151
0	142
49	486
0	23
0	2
0	28
0	6
0	0
0	34
0	1
0	7
0	0
5	1
0	13
0	10
4	10
0	10
0	0
0	0
0	6
7	259
0	715
0	703
0	92
253	4461
1	9
1	217
0	9
164	782
0	0
0	10
0	11
1	3
0	40
15	37
0	29
0	8
0	14
0	14
0	156
0	16
3	119
0	10
32	2
0	230
1330	394
0	62
5	255
0	49
0	0
4	40
0	559
0	498
0	553
0	571
16	606
0	602
0	540
0	36
0	23
0	8
0	0
236	4231
0	936
0	1970
0	1492
0	480
10	259
0	1970
0	16
0	16
0	41
0	0
0	0
0	0
0	0
0	0
0	0
0	0
0	550
0	456
0	436
0	36
7	0
50	827
29	8328
0	12
27	1364
332	4756
0	612
0	859
0	8454
22	15
0	0
4	1258
0	16
0	45
0	18
30	47
0	28
44	297
0	21
23	310
1561	443
14	316
73	134
0	0
4	5
0	4
0	4
0	1
9	0
37	1852
124	2422
15	533
29	1808
189	309
338	385
11	757
5409	1268
179	1247
16	126
94	3973
0	3651
29	3885
417	960
1	3370
0	3654
0	3724
124	3573
29	604
83	609
204	0
51	374
87	83
1	164
0	197
0	162
0	163
0	0
0	0
0	0
20	126
54	202
8	23
0	13
0	6
17	94
0	343
0	32
1667	174
0	20
7	45
9	172
0	15
0	13
0	11
0	0
0	11
0	0
0	0
0	0
3	1001
7183	1244
0	180
7	300
4	187
31	259
67	382
0	0
0	88
0	1540
15	1625
0	439
3	254
0	5
0	70
3	2
112	1484
0	1064
10	1062
139	984
18	316
0	22
0	0
0	0
68	2198
0	100
40	1585
30	100
47	18
25	233
0	114
0	1364
0	74
12	1304
0	4997
41	1323
0	3941
0	790
11	4919
9	825
5	377
0	1286
4	0
0	0
0	0
0	0
0	0
0	0
0	0
0	0
0	0
0	0
0	0
0	0
0	0
0	0
0	0
0	0
0	0
0	0
1	70
0	0
24	15360
2	8769
432	11692
22	7374
12	13509
129	5506
10	5070
48	8951
128	339
0	1753
0	1692
6	1696
1	1609
0	30
48	195
140	751
1	210
24	35
11	186
5	380
0	352
10	227
21	8
2	106
5	106
25	2
7	2
34	142
0	102
0	63
0	14
0	6
109	0
0	363
46	364
0	2
0	349
9	209
0	219
0	221
0	227
0	174
1	3
0	19
0	1
0	0
0	5
0	8
0	0
1	25
0	17
2	46
1	5
0	41
0	16
216	18520
1297	21417
7315	52004
591	9953
284	16978
0	10477
4336	6425
1	28913
4	1715
0	0
0	0
268	238
0	167
0	164
0	145
0	63
0	8
0	0
119	97
2	75
0	14
1	44
20	22
0	5
0	3
13	0
0	0
0	0
0	0
0	0
0	0
17	431
3	445
0	363
3	399
13	93
9	143
0	96
15	35
0	19
0	44
44	2780
4	151
0	1815
0	127
5	50
10	641
72	43
270	2441
9	35
0	118
191	1754
13	213
5	358
0	74
0	0
18	44
166	735
27	341
154	519
515	1097
0	359
0	17
0	17
6	2235
0	1245
0	401
0	693
0	303
0	1209
451	4321
0	517
0	542
31	495
0	819
0	431
9	332
6	21
0	424
0	70
0	3481
0	3317
7	3318
0	4016
0	4017
0	4000
1	4023
7	3737
37	291
0	288
0	24
3	5
0	0
0	0
0	4
5	4
0	0
0	0
0	0
0	0
0	0
0	60
7	49
0	59
14	10
0	42
0	0
0	0
0	0
0	0
0	0
0	0
0	3
0	0
0	4
0	4
0	4
0	8
0	0
0	4
0	0
0	0
0	0
0	4
0	0
0	4
0	0
0	0
0	0
0	0
0	0
0	0
0	0
0	0
6	816
16	835
0	698
4	0
2	642
0	40
0	223
0	123
19	434
35	3658
0	2764
10	2953
0	2413
87	1422
28	260
0	1052
2	347
29	821
0	362
0	358
16	826
0	0
0	0
0	0
0	12
7	59
0	58
0	26
0	19
0	19
0	14
698	769
0	569
11	112
41	6
46	11
25	68
107	308
0	8
0	0
12	8
0	0
0	0
0	23
0	23
0	23
0	708
133	635
0	526
0	621
0	47
6	113
11	4152
10	3423
0	3666
468	2730
42	2044
0	1191
0	979
5	3668
17	302
2	166
0	134
0	139
0	82
0	86
0	134
0	107
2	64
0	37
0	7
91	15
0	0
0	0
0	0
3	0
0	0
0	0
0	6091
45	150
0	4251
0	4492
156	4792
0	5502
2	5712
0	790
0	1560
0	228
0	3
3	89
0	550
0	1186
0	202
0	581
0	669
20	375
2	517
0	476
0	476
0	374
0	311
0	39
0	8
0	263
0	274
0	37
0	5495
56	1985
4	1984
8	190
3	17
5	0
0	131
2	200
233	254
2	10
0	150
3	192
27	8
10	176
0	143
0	156
12	241
0	64
0	58
0	2
32	57
12	98
0	4
2	398
5	406
0	80
0	0
0	13
0	44
0	409
0	80
0	45
0	398
0	10
0	18
14	39
0	101
8	398
2	7
11	454
0	5
0	5
0	5
0	5
0	5
0	5
0	0
0	5
0	5
0	0
0	5
0	5
0	5
0	0
0	14
0	19
1	149
0	16
0	0
0	121
9	19
0	18
0	18
6	1
182	185
0	146
0	0
5	0
0	139
15	462
4	1641
0	0
0	0
0	777
1	4
597	922
0	112
26	258
0	240
6	0
0	292
0	1178
0	0
1	290
6	1176
8	29
7	14
5	9
0	0
0	0
243	0
0	18
4	0
3	14
4	16
1	8
0	493
0	0
0	11
0	178
0	0
0	463
0	212
0	491
8	0
0	1264
0	383
0	308
0	214
0	47
0	46
0	46
0	46
20	20
4	39
0	15
0	2
0	0
1120	1001
18	234
0	132
5	182
8	104
0	147
1	15
101	1306
0	0
0	0
0	0
0	0
0	0
0	0
16	231
229	1164
1787	1115
76	123
109	165
84	3
0	0
0	0
0	4
0	4
0	0
0	0
0	0
0	53
16	0
0	2231
0	0
0	182
60	1552
0	2218
8	390
0	0
0	693
1	119
0	86
12	86
68	686
0	94
0	25
0	25
0	18
6	17
0	7
0	7
0	14
0	7
0	7
3	299
0	0
0	0
0	0
7	926
0	11
77	6429
0	6633
0	6524
0	6356
151	3766
0	329
98	653
60	256
0	6540
0	210
0	217
0	0
0	7
0	0
0	13
0	37
632	1114
15	42
0	208
0	40
0	0
102	1991
0	1102
5	55
0	36
0	1134
0	1098
0	23
0	1046
0	19
0	14
0	31
0	1102
0	1089
2	683
0	898
0	108
141	356
0	6
0	110
0	3
0	226
0	137
0	110
0	96
0	58
0	99
0	103
0	90
0	12
0	0
0	0
0	0
0	12
0	0
0	0
0	0
0	0
0	0
0	0
0	0
8	0
0	0
0	0
0	0
457	1029
36	90
0	552
28	634
0	609
0	409
0	22
0	0
0	4
0	4
0	4
0	0
0	0
0	0
0	0
0	0
0	4
0	985
4	151
3	436
6	704
10	859
0	0
0	0
0	0
0	0
1067	27209
63	61
0	23333
4	10556
14	24102
4	21910
0	20233
36	24082
284	12537
30	20693
7	19449
0	0
0	0
0	0
0	0
0	0
0	0
165	169
0	162
25	60
46	0
0	952
44	1111
7	898
5	3
0	47
0	166
0	1
11	62
0	11
3	13
0	66
2	1
0	66
0	0
0	0
0	0
0	0
0	0
5	0
0	0
0	0
0	0
0	0
0	0
0	0
0	0
0	0
0	0
0	0
0	0
0	0
0	0
4	434
859	551
13	37
0	122
872	1634
6	441
12	1130
0	548
9	9
14	22
7	392
491	21
25	5038
6	2458
9	2658
0	1814
7	1179
0	841
0	2329
0	2616
43	492
1	1432
42	176
6	1809
2	1438
11	130
0	1246
0	407
37	822
0	593
27	562
12	541
6	4472
2644	730
0	48
9	28
7	49
6	46
0	580
71	70
0	49
0	0
0	69
0	15
0	37
0	0
0	37
0	6
0	22
0	294
3394	2620
4	65
0	545
13	138
0	140
116	356
12	456
0	1269
13	684
143	1067
130	19
88	0
11	0
0	0
0	0
0	10
0	23
6	20
0	6
4	6
4	0
0	23
10	129
208	493
7	393
0	83
0	149
0	73
0	157
0	144
2	108
0	95
6	70
0	142
0	151
0	21
0	164
0	71
2	30
0	18
2	30
18	8719
267	2815
4	2303
211	6902
46	6904
0	44
0	78
0	5
0	154
9	112
10	91
0	342
5	291
36	19
8	145
0	3
0	3
0	19
0	1
0	1
0	5
0	0
0	0
0	7
0	7
0	0
0	0
0	0
0	6
0	0
0	0
0	0
0	0
0	6
0	65
0	95
0	11
0	30
15	30
13	0
0	0
0	65
14	7521
3	7549
0	6050
645	5389
0	8397
22	8040
190	4382
48	4691
0	0
0	0
12	6519
54	6775
3	807
1	1139
66	129
0	411
7	1291
0	146
0	163
10	0
63	173
90	1429
4	2025
426	193
3	2294
12	1579
19	711
105	169
4	803
2	554
2	575
30	479
0	576
32	353
99	1249
0	988
0	1323
2	1041
5	1088
0	696
3	384
0	294
1	168
1	819
7	553
0	0
0	0
0	0
0	0
0	0
0	0
0	0
0	0
3	99
0	0
0	0
0	0
0	0
2	34
0	0
0	0
3	0
0	0
1	66
0	520
10	497
24	155
0	46
0	29
0	139
41	95
0	61
0	63
0	189
0	124
11	485
2	42
7	6
0	473
0	497
0	13
708	529
19	47
0	131
0	1
0	1
13	54
0	46
4	25
3	15
0	0
0	3
0	0
50	148
0	85
0	0
0	8
702	2410
23	1247
0	248
0	2325
0	0
0	0
30	1420
12	1334
48	1784
0	345
0	1070
6	191
11	483
9	41
0	1203
58	0
0	101
0	101
0	101
0	0
0	0
0	270
0	8
157	1374
0	2956
155	2971
72	294
66	1029
100	1000
0	86
0	81
0	0
26	133
0	0
0	9203
16	4282
0	1767
23	803
20	1400
0	237
25	1410
18	1275
119	46
129	0
5	452
6	279
0	5380
0	5003
0	4765
0	4341
131	224
128	389
0	504
4	1568
0	8312
33	0
0	0
0	0
0	30
0	42
0	84
0	33
0	36
0	12
0	78
0	24
0	68
0	19
0	24
0	6
33	770
37	578
0	327
2	152
0	767
163	164
0	48
0	552
18	99
229	787
40	88
0	566
86	72
0	240
0	554
68	425
0	22
0	579
0	26
0	0
0	0
16	359
0	258
38	80
3	343
0	224
0	24
7	78
0	82
0	68
14	331
0	255
0	356
0	132
0	30
8	23
0	107
3	102
0	12
0	59
0	112
0	476
0	0
17	139
77	162
20	45
13	9
0	156
0	153
0	4
0	4
0	0
0	4
0	0
0	0
0	0
0	0
0	0
0	0
0	0
0	0
4528	813
0	812
0	0
0	0
0	0
0	0
0	0
0	0
0	0
0	0
0	0
0	0
0	0
0	0
0	0
0	0
0	0
0	0
0	0
0	0
0	0
0	0
0	0
0	0
7	177
2668	695
5	430
0	6
1	104
0	319
95	84
0	78
18	389
10	22
0	695
0	177
0	8
0	2
0	3
0	14
0	14
1614	874
0	788
0	0
4	0
0	0
0	0
0	0
0	0
0	0
0	0
0	0
0	0
0	0
3	693
2	727
3	80
0	160
38	202
0	0
12	557
0	557
0	37
0	75
14	46
55	424
17	301
213	774
0	324
13	171
3	126
2	645
0	0
0	0
0	0
0	0
0	0
0	0
0	0
0	0
0	0
0	0
0	0
0	0
0	0
0	0
0	0
0	0
0	0
0	123
73	47
0	18
39	665
0	10
0	1056
1	0
3	8
0	3
0	399
0	996
2	28
31	503
3670	735
10	735
4	150
0	20
0	0
0	161
1	161
7	0
0	355
979	0
88	768
8	230
17	574
1	39
23	23
0	0
0	2033
86	591
9	336
2	915
23	631
27	317
75	294
15	463
0	292
14	126
0	666
0	82
0	1196
2	606
2	540
0	827
153	833
281	28
70	251
9	2034
0	0
0	0
0	0
0	0
0	0
0	0
0	0
0	0
0	0
0	0
0	0
0	0
1	36
0	11
0	21
0	7
0	0
0	0
0	0
0	0
0	6
0	6
0	0
0	1
0	10
5	9
0	0
0	0
0	0
7	202
0	277
8	19
5	64
0	20
43	74
0	64
1	285
6	12299
134	5252
0	307
78	689
0	7
70	352
1	12
1	4
0	33
0	18
0	12284
0	1811
114	5190
14	5190
1	77
10	242
0	710
0	371
0	3
1116	1641
0	1454
95	246
0	69
1	33
0	103
2	175
0	6
6	1
5	0
0	0
15	1446
27	323
0	138
0	89
0	334
0	919
25	832
0	21
0	40
9	190
0	867
0	112
0	95
0	146
0	21
17	145
118	322
0	925
0	851
0	796
0	329
0	0
0	0
0	0
241	391
149	372
7	213
0	9
0	9
0	9
0	9
0	0
0	4
77	825
1	520
0	514
0	93
0	310
0	211
0	81
3	12
0	88
8	169
0	16
0	39
0	25
0	18
0	0
3	125
0	125
0	125
0	40
0	26
0	23
4	26
1	23
0	19
3	1
0	2
0	0
0	0
0	2655
0	3185
0	3884
4	3443
2	883
0	3090
0	3831
18	3069
0	1581
0	283
0	1324
11	1043
0	3560
0	3233
0	125
27	125
2	53
776	368
0	224
10	91
0	218
0	202
3	374
0	320
0	38
0	244
2	218
39	36
0	326
29	37
0	194
0	223
53	369
24	13
58	0
0	33
1	322
10	250
0	337
0	143
0	866
0	1436
0	1227
0	891
0	868
0	930
2517	0
125	207
3	29
8	10
0	28
0	365
0	3
0	325
1	365
0	164
0	9917
0	38
0	2829
2118	10465
0	40
35	2194
0	3
0	4
0	0
0	0
0	2
0	4
0	2
0	0
0	1
0	0
0	0
0	1
0	0
0	78
0	61
34	1332
11	57
8	90
8	81
17	17
34	793
12	1130
0	65
77	610
48	150
7	57
72	260
40	356
0	192
0	40
0	26
0	0
0	0
33	47
0	8
26	47
0	4
0	4
3	49
0	1
0	4
0	1
0	4
0	0
0	0
0	0
0	0
193	689
0	949
0	632
47	100
0	23
0	6
7	645
0	0
0	0
6	372
212	1669
0	1407
0	1515
0	644
0	153
18	274
0	55
0	473
0	19
0	0
0	0
0	0
0	780
587	1597
7	495
0	1597
22	49
0	3
0	46
0	0
0	0
125	39
11	39
0	0
0	6
0	0
0	0
0	153
0	0
0	3
0	0
13	1833
22	77
0	37
14	88
16	106
0	28
0	37
0	77
1	81
0	1824
3	0
0	48
0	88
35	615
0	85
0	62
2	72
0	145
0	64
12	0
0	0
0	11166
107	4360
0	5811
8	4983
0	911
0	911
0	564
24	573
4	361
1	12
0	2473
0	1324
2	1804
0	533
0	353
0	300
0	8081
17	11242
9	295
58	448
87	282
0	317
5	0
0	410
0	1129
0	356
0	64
0	10
0	47
0	0
0	10
0	20
0	11
0	18
6	0
0	1101
26	4901
0	5120
5	2731
0	1720
0	0
0	1200
10	1017
0	64
0	621
5	101
5	5117
2	0
0	0
0	17
0	17
0	17
0	0
72	366
5	270
0	242
1	139
8	86
5	15
0	0
11	36
0	0
55	1414
0	0
0	0
0	518
0	518
0	0
3	14
0	3
0	2
0	0
0	353
6	322
8	0
22	363
2	0
0	38
14	38
0	26
5	4
2	25
0	1
0	25
8	20
0	20
0	10
0	20
11	20
0	0
0	38
12	2119
0	3184
98	448
0	421
5	1612
0	2890
0	2954
0	1200
77	228
0	1024
21	479
70	101
0	0
0	7
0	0
0	7
0	0
0	0
0	0
0	6
0	7
14	38
0	0
0	7
0	0
0	7
0	0
7	7
0	1
15	207
29	195
32	17
0	93
0	26
6	41
0	183
0	10
0	10
0	0
2	10
73	26
3	0
0	0
0	0
0	1034
153	1311
0	584
231	125
0	129
25	87
0	103
3	97
0	106
3	210
20	176
2	158
7	65
26	780
0	719
0	116
0	75
0	77
0	95
0	47
0	150
0	86
8	489
73	2837
9	68
23	99
0	1389
6	1525
0	2785
4	1254
0	93
0	5
0	64
0	1361
0	22
0	1329
0	19
0	2804
0	2784
7	5256
3	5044
0	4065
0	2215
30	443
2	1683
1	911
0	490
52	612
0	4499
295	47
1	2
15	47
0	0
0	4
0	2
0	4
0	4
0	2
6	0
0	0
5	0
0	0
0	0
4	0
0	0
0	0
0	0
0	123
0	0
0	123
0	0
0	0
0	0
18	1686
0	1672
0	1686
0	1686
10	1673
0	1666
8	39
0	1666
0	0
2	26
5	26
0	0
4	0
0	4
0	4
0	0
0	10
0	3
0	5
0	5
0	0
0	0
0	748
0	762
0	15
33	108
0	778
5	165
0	751
0	4214
0	4672
0	6974
0	8133
0	8126
0	7533
0	3102
0	2781
0	1879
0	3353
0	0
0	0
0	0
0	0
0	0
5	3150
249	4080
4	3886
72	4392
0	3548
0	50
0	189
0	117
15	5
0	5
0	85
0	46
0	100
0	57
0	59
0	10
0	10
0	141
0	12
0	59
0	14
0	24
0	105
0	15
0	72
0	3
0	0
0	29
11	2
0	4
0	4
0	4
0	0
0	0
0	0
0	0
0	0
0	0
0	0
0	0
0	4
0	0
0	0
0	0
0	0
0	0
0	0
0	0
0	0
0	0
0	0
49	2
2	2
0	0
0	0
0	59
209	298
10	260
0	180
223	8987
0	615
0	7461
15	8610
0	8611
0	7133
25	434
0	7201
227	7010
82	129
0	3781
178	4889
47	5254
5	334
87	3461
0	551
0	991
0	83
6	119
0	410
0	655
0	465
0	72
0	148
0	744
2417	1409
0	303
19	44
1	1
1	123
198	729
15	56
2	196
21	2429
8	1949
46	1310
0	544
3	529
152	790
0	1574
0	305
0	1172
0	843
0	1177
20	79
2	433
10	139
43	7
0	79
0	232
13	53
28	256
0	681
0	0
5	0
0	0
0	0
50	448
2	3090
0	0
0	0
0	0
0	0
0	312
7	309
1446	320
0	97
0	392
646	908
0	157
3	166
22	515
51	51
125	257
24	2912
16	4
34	348
116	4689
0	4559
519	1992
0	4826
135	2181
0	4696
0	4343
0	0
9	0
0	0
17	203
0	472
232	519
17	0
282	902
0	722
0	393
12	207
1	755
2	29
0	0
0	0
0	0
127	15
38	2
3	15
0	2
0	0
0	0
2	72
0	0
0	489
0	7
0	0
0	0
0	496
2667	2079
0	1494
9	207
0	1547
0	374
0	314
0	26
0	0
0	0
0	0
0	0
0	5
3	572
13	551
0	48
14	0
2	46
0	28
0	0
0	17
0	82
0	1388
635	1388
58	139
330	15
0	7
245	1265
0	1165
0	871
23	770
9	38
4	1068
2	234
25	104
0	767
19	232
0	147
5	130
132	707
18	211
8	0
1873	1312
22	1080
0	4064
0	4217
0	4318
28	234
0	1508
113	1866
0	1480
0	1481
0	1829
0	1749
0	306
1	1519
51	68
0	0
175	14
0	1854
14	4153
255	1343
0	1004
0	66
4	0
0	0
0	0
0	0
0	0
0	0
0	0
0	0
18	538
0	0
0	0
0	0
0	0
0	0
0	0
0	0
0	0
0	0
0	0
0	77
0	77
125	5359
5	7940
14	6253
1	2972
28	2936
0	2075
43	7403
0	235
3	235
9	213
7	54
0	4
0	49
0	5
0	17
0	34
0	235
0	0
362	953
0	0
9	61
0	249
0	13
0	0
0	0
0	0
0	13
0	0
0	0
0	0
0	0
0	0
0	10313
0	15
23	5481
29	778
13	1037
6	2266
0	10418
1118	6307
3	142
0	612
17	5908
0	28
0	497
3	1208
18	2294
9	2851
4	26
47	286
9	417
89	114
267	2988
0	7
0	1
0	1
0	7
0	7
298	211
0	94
0	0
0	158
0	66
0	0
0	0
1	0
0	0
0	0
0	0
0	0
0	0
0	0
0	0
0	0
0	0
11	2596
0	1939
0	2178
70	1956
10	301
0	428
0	533
0	196
33	155
0	376
0	258
0	141
0	300
0	122
0	151
0	295
0	88
0	50
0	130
0	34
0	8
1	13
0	109
0	0
0	110
5	480
151	481
127	311
0	168
0	276
0	2400
1	2277
0	1939
0	1861
229	824
0	1566
2	1622
0	1194
0	1316
0	1700
0	1495
0	240
0	1133
0	1231
0	1357
0	706
0	1127
0	1000
0	2526
0	242
0	78
0	25
0	0
0	50
0	2293
71	5402
81	2555
0	273
36	867
83	959
11	658
13	982
0	1235
15	1123
0	225
7	89
5	174
0	155
15	428
47	316
1	208
2	188
0	0
1	408
0	563
14	237
5	141
5	216
7	220
0	108
4	22
75	826
0	0
0	0
0	0
0	0
17	33
5	1678
17	452
0	1644
0	0
0	413
0	2
0	38
0	5
0	10
8	27
0	9
0	0
0	0
0	0
0	0
0	0
0	0
0	0
0	0
0	0
0	0
0	0
0	0
0	0
1481	2346
19	349
0	28
80	2073
43	11
8	89
37	30
0	9
4	21
0	0
0	0
14	2596
0	2596
22	2537
9	519
20	282
144	197
21	17
142	184
17	211
19	244
2	176
0	2433
0	2169
0	344
4	822
0	58
6	822
8	129
0	99
0	0
0	0
0	0
0	0
1057	4112
0	4017
8	3119
0	243
134	507
16	564
1	0
27	27
29	225
0	20
0	229
47	791
17	237
74	236
0	289
1	248
42	11
25	65
0	288
0	8
0	8
0	0
0	0
0	0
0	0
0	8
0	38
0	60
0	497
0	103
0	28
0	526
0	490
0	295
0	36
3	457
1	149
8	8
0	123
76	554
4	0
0	98
0	0
0	0
0	0
0	0
0	0
0	0
0	0
0	8
0	9
0	9
0	0
0	9
0	9
0	9
0	9
0	64
0	48
0	63
0	51
19	663
0	43
16	660
217	543
0	0
0	0
0	4281
0	3886
0	1444
0	1464
43	1458
0	1138
0	866
0	866
50	859
0	821
0	654
0	654
0	0
0	20
0	0
0	0
0	0
2	0
0	0
0	0
0	0
0	0
0	0
0	0
0	0
0	0
0	0
0	4281
0	0
0	0
0	0
0	0
0	0
0	0
0	0
0	0
0	0
0	0
0	0
0	5014
0	4747
8	347
45	635
42	6283
21	875
42	5767
69	6221
15	6200
69	73
105	438
13	380
0	0
4433	1475
0	1462
3	268
28	0
75	36
0	23
11	24
0	49
0	1400
0	180
0	47
0	204
0	17
0	3
0	17
21	314
1	77
5	1399
12	97
0	2
0	24
0	13
0	24
0	5
0	0
2	82
0	10
0	38
0	2
0	8
0	38
3	12
314	31
9	105
0	0
0	0
0	1
25	134
0	130
39	128
0	134
5	17
30	858
13	8
0	0
0	37
0	2
28	16
0	128
51	1353
0	1257
70	1063
0	73
0	557
0	329
0	0
4	72
0	111
3	192
0	11
15	89
0	66
2	113
9	15
0	22
1	343
24	334
10	340
0	37
0	45
0	9
5	334
132	81
0	47
0	39
0	15
0	0
5	0
0	36
0	0
0	529
0	504
0	551
0	551
0	294
0	225
0	215
0	174
0	37
9	12
0	0
0	0
0	0
0	0
0	0
0	0
0	0
0	0
0	0
0	0
0	0
0	0
0	0
0	0
13	88
0	551
0	551
0	514
0	504
0	551
0	551
12	705
5910	3693
54	1175
4	3708
41	370
3	1136
15	1046
49	1167
121	358
0	439
0	820
0	706
1	113
21	55
0	190
1	705
9	579
3	694
1	647
0	5
15	19
0	160
0	0
0	0
0	0
0	0
1	0
138	1353
83	971
2	808
4	786
5	67
0	0
0	0
0	0
0	0
0	0
0	0
24	285
9	74
0	60
0	0
0	0
0	211
10	9
30	20
6	11
0	0
0	0
0	0
0	160
0	94
0	264
0	128
0	197
6	208
1	16
0	120
0	28
0	116
1	260
0	30
0	44
7	81
1	17
9	375
0	246
5	43
0	158
1	154
0	3182
11	1454
0	3807
216	3851
0	3185
287	3079
146	2762
7	651
0	3807
0	0
0	0
0	65
0	0
0	0
0	0
0	0
0	0
0	0
0	0
0	0
0	0
0	0
0	0
0	0
0	1848
0	5
8	1807
0	625
0	0
0	0
0	0
0	0
0	36
0	0
0	12
0	17
0	35
0	19
0	36
0	19
0	20
0	3
0	4
0	2
0	1
0	36
0	0
0	0
0	0
0	0
0	66
51	141
22	224
0	127
83	305
0	19134
236	297
2	9999
12	10077
0	2527
32	185
62	522
57	166
6	2497
8	1
65	35
2	18010
12	18290
6	18357
0	17599
0	17330
17	927
6	17803
5	15
0	15
0	15
0	0
0	0
5	0
0	0
0	77
0	77
7	8
0	0
252	1634
272	1634
0	0
0	0
47	2207
256	1934
0	85
2	875
390	0
0	0
0	0
0	10
0	1
0	10
0	23
0	10
4	21
0	0
0	23
1	3001
0	2554
0	2576
0	1484
0	2469
0	2194
0	1345
1	2023
1	1774
1	460
0	112
0	1234
1	861
0	253
0	0
0	7273
0	7570
0	6660
0	5290
0	4519
0	3027
32	1441
79	970
5	294
0	1821
57	1453
2	37
0	1177
0	1145
0	1180
0	111
24	715
26	528
78	1659
0	39
0	1454
2	0
32	989
0	53
2	757
1	5
0	0
4	150
0	3626
1258	2987
49	1996
123	2827
13	2935
0	2081
19	1033
8	5
0	0
1	0
0	0
0	0
0	0
0	0
0	0
30	0
34	1149
1	1220
0	152
0	26
3780	2
0	2
184	1657
3	27
2	1106
13	195
0	147
8	18
4	404
12	615
112	85
0	61
11	163
8	126
0	44
6	85
3	0
0	5
0	6
7	44
0	0
7	869
0	0
0	0
0	0
0	236
0	0
0	0
0	0
0	0
6	176
0	0
0	0
0	0
0	0
0	0
0	16
0	0
0	0
0	16
0	0
0	0
0	0
0	0
0	0
0	0
0	0
0	0
0	0
4	28
0	0
0	1
0	6
0	0
0	0
0	0
0	0
23	699
9	187
5	588
1	205
3	35
289	288
0	0
0	0
1	65
0	44
0	221
0	1
112	1
16	54
0	14
4	176
0	303
0	175
0	169
0	163
0	131
0	151
6	174
27	107
4	35
0	19
0	0
106	222
0	6
0	98
5	586
0	190
0	84
0	29
2	7
0	32
0	2
226	3988
0	3988
0	114
2	2167
0	38
0	64
52	125
19	69
0	2709
429	0
0	27
0	43
0	0
0	0
12	0
6	115
0	78
11	119
11	0
0	42
5	0
0	10
6	37
220	37
0	0
0	65
0	2493
0	0
0	2514
2748	0
0	497
347	53
0	33
0	11
0	10
0	0
0	18
0	244
3	262
6	262
0	0
0	0
0	0
0	28
0	308
10	345
0	81
4	67
0	118
0	6
0	70
0	19
0	19
0	44
0	13
14	849
6	879
8	76
0	50
16	38
0	52
0	38
9	26
0	29
13	494
0	11
2	150
22	173
0	4
4	9
26	926
8	0
0	251
0	1
0	21
0	1
0	13
0	217
0	29
0	189
0	120
0	69
0	5
0	27
0	217
0	25
0	25
0	16
20	1121
8	18
0	317
0	317
55	495
0	9
0	18
0	9
0	9
0	1627
0	3637
0	3611
0	3629
0	1660
0	44
0	3505
51	66
144	517
0	167
0	198
19	36
0	104
0	108
0	376
0	0
3550	411
0	411
0	0
0	0
0	0
0	0
0	0
0	0
0	0
0	0
0	0
0	0
0	0
0	0
0	0
0	0
161	1132
0	1052
64	755
0	377
0	386
0	256
0	147
0	133
13	130
0	90
21	58
3	8
0	36
26	711
92	937
1	21
0	117
0	30
0	58
33	31
1	456
40	21
0	24
240	158
0	51
0	20
0	109
0	107
0	52
0	57
0	61
0	22
0	36
0	76
0	87
0	30
0	0
0	30
0	0
0	0
0	0
0	9
0	0
0	1
0	9
22	3370
0	42
10	431
5	131
0	3327
0	1051
4	33
2691	1122
18	8
79	100
4	275
112	328
0	15
6	15
0	0
130	0
0	271
0	1309
0	1454
0	1538
0	1453
0	1368
5	8
0	293
0	1368
0	1453
0	1380
0	1431
0	1474
0	197
10	1082
0	1163
0	1125
0	76
1	61
0	152
104	14
0	77
157	115
45	802
0	754
24	141
23	44
0	1038
0	1107
0	0
0	0
0	0
0	0
0	0
13	81
0	0
0	0
0	0
0	694
0	196
0	1
0	1
0	0
7	311
6	240
0	0
5	390
41	992
22	927
0	698
5	712
0	0
0	0
0	0
0	0
0	0
4458	2178
20	1150
0	550
0	89
1	26
0	607
18	258
2	405
6	219
0	416
0	0
0	0
0	0
0	0
155	1343
3	5091
455	4988
3	3552
34	768
0	168
153	4144
102	35
24	78
0	645
54	3034
19	2250
160	2093
7	351
2	152
743	760
9	0
0	307
0	307
0	307
0	307
0	307
0	295
0	0
0	0
0	0
0	0
0	0
0	0
0	0
0	3
0	0
0	0
0	0
0	0
0	0
0	0
0	0
0	0
0	0
0	1
0	0
0	0
8	824
84	129
0	55
13	0
0	46
0	886
0	910
12	765
4	7828
1	374
1	2
0	0
44	55
67	4759
0	7835
0	1651
10	86
0	290
80	6716
45	219
0	7828
9	28
0	15
0	11
0	4
0	15
0	11
0	0
0	1
0	0
0	0
0	6
0	0
0	0
0	0
0	0
0	6
0	0
1	0
2	0
0	0
0	18
972	2835
8	2541
3	2632
1	1879
43	342
8	66
47	66
24	293
241	535
9	69
78	111
16	101
30	117
0	56
2	292
0	1
0	0
0	0
0	79
0	0
0	0
0	997
0	999
5	990
0	4
809	943
0	202
0	310
33	758
12	115
29	142
0	9
1	11
0	2
0	2
0	0
2	1483
18	1425
7	1240
0	633
4	8
0	234
0	104
0	44
30	190
0	69
0	35
2	136
26	227
10	209
8	199
14	83
0	0
0	0
0	461
0	672
0	0
0	204
0	0
0	0
0	0
0	204
0	204
0	0
0	0
0	0
0	0
0	0
0	0
0	0
0	0
0	0
8	140
0	7
0	18
0	5
2343	25836
304	17583
389	13156
142	8073
33	792
582	1371
80	160
2	160
0	0
3000	4639
19	1008
0	559
3	321
0	324
15	607
40	3727
117	3083
0	215
14	2184
6	90
6	285
20	58
8	615
8	100
81	1113
3	325
2	116
18	249
27	600
0	13
8	320
0	274
39	691
0	0
0	63
0	7019
0	6961
0	7018
645	3544
67	1436
0	9
0	137
0	9
7	1433
0	0
0	1482
0	0
0	238
17	1248
0	0
0	13
0	0
0	101
0	1216
0	34
0	12
7	13
0	7
0	1493
0	1321
64	2976
0	6
0	5
39	1818
3	2746
47	83
0	2643
2	1514
0	9
0	1014
0	856
30	847
10	878
0	324
0	305
0	192
0	257
8	340
0	401
0	187
0	14
0	139
7	190
0	59
57	127
0	4
2	27
0	241
44	0
2	181
1130	716
40	609
0	295
39	73
1	97
0	14
0	10
0	11
0	8
0	16
0	6
0	0
0	0
6	6
0	6
0	0
0	17
212	173
0	140
0	127
0	101
0	131
0	128
0	28
20	1349
131	667
18	67
5	200
16	613
44	182
2	31
0	28
0	0
0	28
1	0
0	0
0	0
0	0
0	2642
23	1813
0	1644
2	1530
11	2594
28	166
5	189
0	906
1	714
0	151
66	0
1	86
21	72
75	41
0	26
18	180
0	119
19	55
6	226
0	105
0	844
0	0
0	0
0	0
0	0
0	0
0	0
0	0
0	0
0	0
0	0
441	975
169	822
0	187
0	0
0	0
0	906
2	1026
5	562
0	603
5	506
0	494
33	79
0	464
0	366
0	48
0	115
0	235
0	160
0	191
6	15
0	22
0	43
17	130
77	2
0	908
0	28
0	0
3	16
0	16
0	0
0	495
0	395
0	3
2	238
0	14
0	21
0	0
6	6
0	0
0	0
0	0
0	0
0	0
0	0
0	15
0	15
0	0
0	0
0	5
3	52
0	5
0	5
0	47
4	46
5	46
0	0
0	46
0	15
0	12
0	12
0	15
0	12
0	15
0	12
0	15
0	15
0	15
0	13
0	10
0	13
0	13
0	10
0	13
0	13
0	10
0	10
0	3
0	6
0	6
0	6
0	3
0	6
0	6
0	6
0	6
0	3
0	3
0	3
0	3
0	3
0	3
0	0
0	0
0	3
0	3
0	0
0	0
0	3
0	0
0	0
0	3
0	3
0	3
0	3
0	3
0	3
0	3
0	3
0	0
0	0
0	3
0	0
0	0
0	0
0	0
3	141
0	0
0	0
0	0
1	165
0	132
0	0
0	0
0	0
0	0
0	0
0	0
0	31
0	0
1	0
0	0
0	0
0	0
0	12
0	83
0	83
0	82
0	93
26	42
4	23
0	62
23	1439
0	0
0	0
0	1
0	29
0	0
0	28
17	317
0	317
0	319
15	312
0	224
176	1001
4	430
0	111
13	5
0	0
0	0
0	0
0	0
0	0
0	0
0	0
0	0
0	0
0	0
0	0
0	254
0	12
20	200
0	24
5	4
0	14
0	26
0	17
0	0
0	0
0	0
0	0
0	3
0	13
0	28
0	0
0	0
0	0
0	1414
0	0
4	0
17	7
5	37
0	0
0	0
0	28
10	237
7	103
0	81
17	1302
15	1315
1	104
2	36
0	223
6	117
1	601
3	45
24	40
0	10
0	10
0	10
0	0
0	0
0	10
194	687
0	415
2	537
0	164
0	192
7	644
3	101
9	304
0	0
0	63
0	0
0	0
0	0
0	0
14	636
46	764
0	210
9	39
0	328
0	31
0	42
7	128
0	232
1	5
0	127
0	0
0	0
0	44
0	2
0	2
0	30
9	261
0	41
0	313
0	62
17	182
0	12
0	281
1	301
12	507
0	12
0	30
0	164
0	16
6	54
11	111
0	48
0	8
109	414
0	215
13	388
0	111
0	94
0	155
0	153
27	191
0	75
88	25
49	0
0	0
0	0
0	0
0	0
0	28
0	3
0	641
85	1030
57	656
13	395
2	15
0	4
0	9
0	7
0	407
0	395
19	0
0	68
0	0
0	28
0	0
0	57
0	57
12	0
0	0
0	415
0	598
0	295
0	454
0	340
0	464
0	457
3	105
0	62
6	33
0	390
0	122
0	171
0	13
13	247
0	285
1	273
0	199
3	111
0	33
0	612
0	19
0	22
0	13
0	209
8	217
119	203
0	57
2	28
0	9
7	31
12	1080
14	889
0	427
10	1162
8	79
48	63
0	140
0	0
0	0
0	0
0	1
0	6
0	0
0	3
0	34
0	3
0	39
0	6
5	318
2	35
0	7
0	3
0	0
0	0
0	0
0	0
0	0
0	0
0	0
1	2099
205	2099
0	145
0	112
0	58
12	11
0	128
80	47
0	39
0	39
1489	80
0	27
0	52
0	84
0	0
0	0
0	0
15	287
0	266
0	14
61	93
0	46
0	64
0	8
0	0
0	11
5	1
5	1
0	1
0	57
0	0
10	73
0	0
0	226
0	0
6	0
2	484
0	490
0	437
0	483
0	559
1	91
1	107
10	145
0	0
585	0
0	0
0	0
0	0
0	0
0	0
0	0
0	0
0	0
0	0
0	0
0	0
0	0
0	0
0	0
0	0
0	0
0	0
0	0
0	0
0	0
0	0
0	0
0	21
0	22
0	22
4	22
0	21
0	22
0	0
0	10
0	10
0	7
0	6
5	22
9	186
0	191
0	31
0	40
0	47
0	5
1	9
0	10
0	4
0	0
0	15
0	1
0	1
0	0
0	0
728	3
41	1392
1786	50155
66	5330
427	103
2005	8165
87	4068
633	48864
94	0
0	0
4	926
2	768
0	931
135	617
3	467
19	146
0	14
0	75
0	849
0	419
0	28
0	40
0	6
0	7
0	35
2	417
0	28
0	7
0	35
0	5
122	11
0	78
0	146
0	154
0	22
0	0
0	174
0	42
0	0
0	0
8	0
0	0
0	0
0	0
0	0
34	170
16	162
0	40
3	40
0	53
0	38
0	3
0	0
0	0
0	0
2	3
0	3
120	2705
57	3283
97	944
19	770
90	400
9	2915
0	0
0	0
0	0
0	0
0	0
0	0
0	3
0	0
0	0
0	0
0	0
0	0
0	0
0	0
0	0
0	0
0	0
0	0
0	0
12	110
0	0
0	28
0	0
0	0
0	3
0	28
0	0
0	3
9	1079
32	1260
4	414
10	210
17	25
0	0
0	0
0	0
0	0
5975	1004
3	286
15	949
0	3291
0	3044
0	1444
0	689
0	0
0	123
122	0
0	11
0	3
0	0
0	0
7	570
0	0
0	0
0	13
0	2190
0	0
0	83
10	219
0	0
115	2798
0	0
0	0
0	0
0	0
0	216
0	0
0	1178
0	14
18	176
0	38
0	0
0	28
0	14
384	16316
0	3394
0	673
8	17382
28	1624
0	2084
0	1255
0	1022
0	66
0	11435
9	231
142	12041
0	495
2	443
0	788
0	5347
7	665
0	29
0	341
0	16
0	176
103	2556
0	3579
0	3428
0	43
0	0
2	18118
0	0
0	0
0	114
0	75
0	2
0	0
0	234
24	13625
0	1
0	832
0	91
0	694
584	17518
8	5185
598	11064
0	0
0	0
0	0
0	0
0	0
0	0
0	0
0	0
0	0
0	0
0	0
0	0
0	0
0	0
0	0
0	0
0	0
0	0
0	0
0	0
0	0
0	0
0	0
0	0
0	0
0	4
418	3715
380	2126
0	2
0	0
2	40
0	0
0	0
0	215
0	24
0	21
0	27
0	0
0	0
0	0
0	0
0	0
0	0
0	0
0	0
0	116
0	67
0	67
0	40
0	6
0	965
0	1366
0	0
0	0
0	0
0	0
0	0
0	239
0	227
13	132
0	76
2	19
0	8
0	8
44	552
218	2294
0	0
0	0
0	0
0	0
0	0
0	0
0	0
0	0
0	0
0	0
0	15
0	53
0	87
0	44
0	44
0	0
0	3207
0	1210
0	1038
17	440
0	1163
0	1335
0	702
0	739
0	775
0	864
37	872
6	589
0	820
0	87
5	124
7	1563
0	0
0	0
0	485
0	0
0	0
0	0
0	18
270	10022
0	1268
0	0
0	26
5	42
0	0
0	5
0	0
0	0
0	14
0	0
0	71
0	0
0	1
0	0
0	0
0	0
0	0
0	0
0	0
0	0
0	1
0	4
0	16
0	0
0	18
0	0
0	0
0	4
0	4
0	13
0	0
0	0
0	0
37	46
0	0
18	133
0	1147
0	0
0	0
0	0
0	0
0	0
0	0
0	0
0	0
0	0
0	12
0	0
0	0
0	342
0	0
0	0
0	0
0	0
0	0
0	4
0	294
0	21
0	20
0	14
0	14
0	14
0	5
0	0
0	27
0	0
0	733
0	733
0	289
4	55
0	203
0	163
0	61
0	72
0	78
0	172
0	72
0	0
0	0
0	0
0	0
0	1500
0	1500
0	980
0	980
0	266
0	163
0	162
0	75
0	23
0	23
0	0
0	23
0	23
0	0
0	162
0	62
0	72
0	78
0	147
0	73
0	0
0	0
0	0
0	0
0	0
0	157
0	8
0	163
0	0
0	0
0	0
0	0
0	0
0	0
0	0
0	0
0	0
0	34
0	0
0	0
0	0
0	0
0	0
0	0
0	0
0	0
0	0
0	0
0	0
0	0
0	0
0	25
0	24
0	15
0	15
0	218
0	0
0	0
0	0
0	0
0	0
0	0
0	0
0	0
0	0
0	0
0	0
0	0
0	0
0	0
0	0
0	0
0	0
0	0
0	0
0	0
0	0
0	0
0	0
0	32
0	31
0	0
0	0
0	0
0	21
0	0
0	0
0	0
0	0
0	0
0	0
0	0
0	0
0	30
0	7
0	0
0	0
0	0
0	0
0	0
0	0
0	0
0	0
0	0
0	0
0	0
0	0
0	0
0	0
0	0
0	0
0	0
0	0
0	0
0	6
0	6
0	0
0	0
0	0
0	0
0	0
0	0
0	0
0	0
0	6
0	0
0	0
0	0
0	0
0	0
0	0
0	0
0	0
0	0
0	0
5	284
0	237
0	0
0	35
3	3
0	57
0	335
0	235
0	22
5	751
0	200
0	33
5	954
0	0
0	0
0	31
0	30
0	0
0	0
0	0
0	24
0	0
0	0
0	0
0	0
0	0
0	0
0	0
0	0
0	0
0	80
0	0
0	0
0	0
0	0
0	0
0	0
0	0
0	0
0	0
0	0
0	0
0	0
0	0
0	0
0	0
0	0
0	0
0	660
0	0
21	0
77	274
0	0
0	0
0	0
0	0
0	0
0	0
0	2
0	0
0	0
0	0
0	0
0	0
0	0
0	0
0	0
0	0
0	0
0	0
0	0
16	0
0	0
0	0
0	0
29	0
7	9
0	0
0	0
0	0
0	0
0	0
0	0
38	0
9	0
0	0
0	0
0	0
0	0
32	2
0	0
0	0
0	0
0	0
0	0
0	0
0	0
0	0
0	0
0	0
0	0
0	0
0	40
0	3
0	0
0	0
0	0
0	0
0	0
0	0
0	0
0	0
0	0
0	0
0	3
0	0
0	0
0	0
0	0
0	0
0	0
0	0
0	0
0	0
0	0
0	0
0	0
0	0
0	0
0	0
0	0
0	0
0	0
0	0
0	0
0	0
0	0
0	0
0	0
0	0
0	0
0	0
0	0
0	0
0	0
0	0
0	0
0	0
0	60
0	0
0	0
0	0
0	0
0	0
0	0
0	0
0	0
0	0
0	0
0	0
0	0
0	0
0	0
0	0
0	0
0	0
0	0
0	0
2	0
0	0
0	0
0	0
0	3
0	0
0	0
0	0
0	0
0	0
0	0
0	0
0	0
0	0
0	0
0	0
0	0
0	0
0	0
0	0
0	15
0	0
0	0
0	0
0	0
0	0
0	0
0	0
0	31
0	0
0	0
0	0
0	0
0	0
0	0
0	0
0	108
0	3
0	0
0	0
0	0
0	0
0	0
0	0
0	0
0	0
0	0
0	0
0	0
0	0
0	0
0	0
0	0
0	0
0	0
0	0
0	0
0	0
0	0
0	0
0	0
0	0
0	0
0	0
0	0
0	0
0	23
0	0
0	0
0	0
0	0
0	0
0	0
0	4
0	0
0	23
0	0
0	0
0	0
0	0
0	0
0	0
0	0
0	0
0	0
0	0
0	0
0	0
0	0
0	0
0	0
0	0
0	0
0	0
0	0
0	0
0	0
0	0
3	0
0	0
0	0
0	0
0	0
0	0
0	0
0	0
0	0
0	0
0	0
0	0
0	0
0	0
0	0
0	0
0	0
0	0
0	0
0	0
0	0
0	0
0	0
0	0
0	0
0	22
0	0
0	0
0	108
0	3
0	0
0	0
0	0
0	0
0	0
0	0
2	0
0	0
0	0
0	0
0	0
0	0
0	0
0	0
0	0
0	0
0	0
0	0
0	0
0	0
0	0
0	0
0	0
0	0
0	0
0	0
0	0
0	0
0	0
0	0
0	0
0	0
0	0
0	0
0	0
0	0
0	0
0	0
0	0
0	0
0	0
0	0
0	0
0	0
0	0
0	0
0	0
0	0
0	0
0	0
1	8
0	0
0	0
0	0
0	0
0	0
0	0
0	0
0	0
0	0
0	0
0	0
0	0
0	0
0	0
0	0
0	0
0	0
0	0
0	0
0	0
0	0
0	0
0	0
0	0
0	0
0	0
0	0
0	0
0	0
0	0
0	0
0	0
3	0
0	0
0	0
0	0
0	0
0	0
0	0
0	0
0	0
0	0
0	0
0	0
0	0
0	0
0	0
0	0
0	0
0	0
0	0
0	0
0	0
0	0
0	0
17	0
0	0
0	4
0	0
0	0
0	0
0	0
0	0
0	0
0	0
0	0
0	0
0	0
0	0
0	0
0	0
0	0
0	0
0	0
0	0
0	0
0	0
0	0
0	0
0	0
0	0
0	0
0	0
0	0
0	0
0	0
0	0
2	0
0	0
0	0
0	0
4	0
0	0
0	0
0	0
0	0
0	0
0	0
0	0
0	0
0	0
0	0
0	0
0	0
0	0
0	0
0	0
0	0
0	0
0	0
0	0
0	0
0	0
0	0
0	0
0	0
0	0
0	0
0	0
0	0
0	0
0	0
0	0
0	0
0	0
0	0
0	0
0	0
0	0
0	0
0	0
0	0
0	0
0	0
0	0
0	0
0	0
0	0
0	0
0	0
0	0
0	0
0	0
0	0
0	0
0	0
0	0
0	0
0	0
0	0
0	0
0	0
0	0
3	0
0	0
0	0
0	0
0	0
0	0
0	0
0	0
0	0
0	0
0	0
0	0
0	0
0	0
0	0
0	0
0	0
0	0
0	0
0	0
0	0
0	0
0	0
0	0
3	0
0	0
0	0
0	0
0	0
0	0
0	0
0	0
0	0
0	0
0	0
0	0
0	0
0	0
0	0
0	0
0	0
0	0
0	0
0	0
0	0
0	0
0	0
0	0
0	0
0	0
0	0
0	0
0	0
3	0
0	0
0	0
0	0
0	0
0	0
0	0
12	0
0	0
0	0
0	0
8	12
0	0
0	0
0	0
0	0
0	0
0	0
0	0
0	0
0	0
0	0
11	0
0	0
0	0
0	0
0	0
0	0
0	0
0	0
0	0
0	0
0	0
0	0
0	0
0	0
0	0
0	0
0	0
0	0
0	0
3	0
0	0
0	0
0	0
0	0
0	0
0	0
0	0
0	0
0	0
3	0
0	0
0	0
0	0
6	0
0	0
0	0
0	0
0	0
0	0
0	0
0	0
0	0
0	0
0	0
0	0
0	0
0	0
0	0
0	0
0	0
0	0
0	0
0	0
0	0
0	0
0	0
0	0
1	0
0	0
0	0
0	0
0	0
0	0
0	0
0	0
0	0
0	0
0	0
0	0
0	0
0	0
0	0
0	0
0	0
0	0
0	0
0	0
0	0
0	0
0	0
0	0
0	0
0	0
0	0
0	0
0	0
0	0
0	0
0	0
0	0
0	0
0	0
0	0
0	0
0	0
0	0
0	0
0	0
0	0
0	0
0	0
0	0
0	0
0	0
0	0
0	0
0	0
0	0
0	0
0	0
0	0
0	0
0	0
0	0
0	0
0	0
0	0
0	0
0	0
0	0
0	0
0	0
0	0
0	0
0	0
0	0
0	0
0	0
0	0
636	0
0	0
7	0
0	0
0	0
0	0
0	0
0	0
9	0
0	0
0	0
0	0
0	0
0	0
0	0
0	0
0	0
0	0
0	0
0	0
0	0
0	0
0	0
0	0
0	0
0	0
0	0
0	0
0	0
0	0
0	3
0	0
0	0
0	0
0	0
0	0
0	0
0	0
0	0
0	0
0	0
0	0
0	0
0	0
0	0
6	0
0	0
0	0
0	0
0	0
0	0
0	0
0	0
0	0
0	0
0	0
0	0
0	0
0	0
0	0
0	0
0	0
0	0
0	0
0	0
0	0
0	0
0	0
0	0
0	0
0	0
0	0
0	0
0	0
0	0
0	0
0	0
0	0
0	0
0	0
0	0
0	0
0	0
0	0
0	0
0	0
0	0
0	0
0	0
6	0
0	0
0	0
0	52
32	97
23	43
0	43
0	47
233	78
9	8
0	0
0	25
4	227
0	54
0	1
0	173
24	4
3	5
0	5
5	0
0	0
0	0
0	0
0	0
0	0
0	0
0	39
0	0
0	0
0	0
0	0
3	158
171	870
135	2188
53	1409
48	262
0	1337
108	752
162	22
11	346
6	382
0	1259
13	102
0	0
0	1150
0	0
0	0
0	0
0	0
0	0
0	3
0	319
50	1713
0	243
0	341
0	0
0	0
0	0
0	0
11	0
0	6
0	0
6	6
0	3
0	0
36	10
1	0
5	0
0	0
0	0
0	0
0	0
6	0
0	0
0	0
0	0
0	0
0	0
0	0
0	0
0	0
0	0
0	0
1	343
0	149
0	113
0	8
0	0
0	0
0	0
4	0
0	102
0	113
14	118
0	120
1	17
0	120
0	38
0	13
0	4
0	0
0	6
6	14
0	4
0	0
0	0
0	2
8	91
4	2
10	11
0	14
3	11
17	24
4	0
14	73
28	5
7	5
0	101
0	31
0	418
0	318
0	459
17	1108
0	249
9	3
0	516
0	0
0	628
6	692
0	909
0	879
0	319
0	510
0	456
1	419
1	605
1	757
0	433
0	61
0	112
0	24
0	474
0	410
8	129
0	336
0	40
5	0
0	0
0	0
0	0
0	0
0	0
0	0
0	0
0	0
0	0
0	0
0	0
0	0
0	0
0	0
0	0
0	0
0	0
43	1
0	1
0	1
0	0
0	9
0	0
0	9
0	0
0	0
0	0
0	0
0	0
0	0
0	0
0	0
0	0
0	0
0	0
0	0
0	0
0	0
0	0
0	0
0	0
1	0
0	0
0	0
0	6
0	0
0	0
0	0
0	0
0	0
0	0
0	0
0	0
0	0
0	0
0	0
0	0
0	0
0	0
0	0
0	0
0	51
0	0
1	256
0	0
6	11
2	16
8	37
0	199
80	5
6	11
0	25
179	307
4	25
0	25
0	63
0	63
0	48
9	13
0	37
12	0
0	0
0	0
0	0
0	0
0	0
0	0
0	0
2	0
0	0
0	0
0	0
0	0
0	0
0	12
0	12
0	0
0	0
0	0
1	3
0	3
0	0
0	0
0	0
0	0
0	0
0	0
0	0
0	0
0	0
0	0
0	0
0	0
0	0
0	0
0	0
0	0
5	0
0	0
0	0
8	43
0	2
0	0
0	0
0	0
0	0
0	0
0	0
12	80
0	0
0	0
0	0
0	0
0	0
0	0
0	0
0	0
1	0
0	0
0	0
0	159
0	0
0	0
0	64
0	0
0	64
0	0
0	0
0	0
0	0
0	0
0	0
0	0
3	93
0	0
0	0
0	0
0	0
85	385
8	385
25	282
11	155
0	268
0	0
0	0
0	0
5	0
0	0
130	485
0	46
0	120
0	519
11	26
0	74
52	25
56	24
0	25
0	69
2	517
3	26
1	421
40	76
50	345
0	0
0	0
0	0
0	0
0	0
0	0
0	0
0	0
0	0
3	0
7	21
3	19
0	1
0	2
0	0
0	49
15	10
9	840
0	48
0	841
0	845
46	18
0	871
28	184
46	213
0	100
0	84
0	113
0	724
62	57
27	744
2	0
0	0
0	0
0	0
0	0
0	0
0	0
0	0
0	0
0	0
5	122
0	0
0	0
0	0
0	0
0	0
0	0
0	0
0	0
2	0
0	0
0	0
0	0
0	0
0	0
0	4
7	0
0	13
2	0
0	9
0	0
0	0
0	0
15	125
0	0
0	0
0	0
0	0
0	0
0	0
0	0
1	158
0	0
0	0
0	0
0	0
0	0
0	0
30	692
0	551
12	826
8	626
0	1124
12	793
33	747
0	940
438	654
0	675
0	638
0	0
0	15
0	0
0	0
0	1
0	0
0	1
0	0
0	0
0	466
0	499
3	513
0	118
0	494
0	494
0	0
0	0
0	0
7	15
0	15
9	0
0	0
0	0
0	0
18	2
0	2
0	1
0	0
0	0
0	0
0	0
0	0
0	0
0	0
0	0
0	0
8	8
0	0
0	0
0	0
0	0
4	0
2	0
7	0
0	0
0	0
0	0
0	0
0	0
0	20
0	33
0	22
0	20
6	16
0	0
0	0
0	0
0	0
0	0
0	0
0	0
0	0
0	2
0	0
5	0
0	0
0	0
0	0
7	8
23	8
0	0
0	0
0	0
0	0
76	433
11	0
0	18
0	21
4	0
0	0
0	0
0	16
0	0
0	2
0	2
0	26
0	0
0	0
0	0
0	0
0	0
44	0
0	3
0	3
0	0
0	0
0	0
0	11
0	2
0	0
0	2
0	0
0	0
0	0
0	0
0	0
0	35
0	0
0	0
0	0
0	0
0	0
0	0
0	0
0	0
4	1
0	1
0	0
0	0
0	0
10	1319
0	134
780	5125
1	254
0	1870
68	2609
0	1787
2	992
26	1696
0	0
0	93
2	124
11	796
0	73
4	57
0	0
5	0
2	5
0	5
0	5
0	0
0	0
0	0
0	0
0	0
0	0
0	0
0	0
0	0
0	0
0	0
0	0
0	0
0	0
0	0
0	0
0	0
0	0
0	0
0	0
0	0
0	0
0	0
0	0
0	0
0	0
0	0
0	0
0	0
0	0
0	0
0	0
0	0
0	0
0	0
0	0
0	937
0	937
0	0
0	0
0	0
0	35
0	39
38	28
5	62
136	18
1	115
0	1
0	21
0	5
0	5
0	5
0	0
10	0
0	0
0	0
0	0
0	0
0	0
0	0
0	0
0	0
0	0
0	0
0	0
0	0
0	0
0	0
0	0
0	3
0	19
0	1
0	19
0	0
0	0
0	0
0	0
0	0
8	1
0	1
0	0
0	0
0	0
0	0
0	0
7	271
0	0
0	0
0	0
0	0
0	0
0	0
0	0
0	0
0	0
0	0
0	0
0	0
0	0
0	0
0	0
0	0
0	0
0	0
0	0
0	0
0	0
0	0
68	902
0	0
0	0
0	0
0	0
0	0
0	0
0	0
0	0
0	0
0	0
0	0
0	0
0	0
0	0
0	0
0	0
0	0
0	0
0	0
0	0
0	0
0	0
0	0
0	0
0	0
0	0
0	0
0	0
0	0
0	0
8	268
0	0
0	0
0	0
0	14
0	0
0	0
0	0
0	24
24	21
0	0
0	0
0	53
0	0
0	0
0	0
0	0
0	1
0	0
0	36
0	0
0	0
0	12
9	127
0	0
0	16
0	0
0	17
0	0
0	0
0	0
0	0
0	0
0	0
0	0
0	1
0	0
0	0
0	0
0	0
0	2
0	0
0	126
0	0
0	4
0	0
1	268
0	110
0	0
0	0
8	0
0	0
0	0
0	0
0	0
0	0
0	110
0	0
1	0
0	120
1	147
0	162
91	168
0	74
0	0
22	14
0	36
15	763
0	158
17	22
0	6
0	14
0	0
42	255
38	152
0	37
0	1
0	1
0	0
0	0
0	0
0	0
0	0
7	0
0	3
27	447
2	339
0	3
0	0
0	31
0	0
1	0
0	0
0	3
0	3
0	55
0	5
0	92
0	2
608	7
88	1353
6	316
23	72
0	2
0	39
0	39
0	63
14	260
2	0
0	4
0	0
0	0
0	0
0	0
383	826
0	85
0	278
0	40
0	45
14	31
0	149
0	61
0	29
534	432
0	262
4	368
0	33
0	53
3	24
0	5
0	5
0	0
1	0
0	0
10	23
2	51
256	24
1	0
0	226
0	225
0	21
0	872
0	1165
18	1234
350	238
0	16
0	0
0	0
2	343
18	346
9	150
1	164
96	482
116	398
2	6
0	6
8	6
0	9
0	0
0	0
0	0
0	0
0	0
31	71
0	29
0	29
0	0
0	0
0	0
0	0
9	0
0	0
0	0
0	0
0	0
0	0
0	0
0	0
0	0
0	0
0	0
0	1
0	0
0	0
17	0
0	0
0	0
1	7
0	0
0	0
0	0
0	0
0	0
0	0
0	1
0	5
0	0
0	0
0	0
0	0
0	0
0	0
0	0
0	0
0	0
0	0
0	0
0	0
0	0
0	0
0	0
0	8
30	755
0	914
0	754
447	402
45	248
7	264
25	105
0	0
0	0
0	26
0	5
0	58
1	234
0	0
0	0
0	0
0	169
8	184
0	75
0	21
18	4
3	63
0	0
0	0
17	43
0	45
0	24
3	363
0	0
0	0
0	0
0	0
0	0
0	16
0	0
5	0
65	1419
9	45
6	317
18	477
17	737
135	1436
0	177
0	533
0	0
0	4
0	96
0	343
0	0
0	0
0	0
0	0
0	0
0	33
0	11
0	7
0	0
11	0
0	0
0	0
0	0
0	0
0	161
0	0
0	74
0	0
0	0
0	0
0	63
0	34
3	71
0	0
0	0
0	4
0	0
24	227
0	0
0	0
0	5
0	0
0	0
0	2
0	7
2	0
0	0
0	0
0	0
0	0
0	226
0	225
0	872
0	0
0	0
0	0
0	0
0	8
0	44
0	0
0	29
0	8
0	0
0	0
0	0
0	0
0	0
0	14
0	13
15	20
0	10
0	24
0	0
0	0
10	185
0	0
0	1
35	16
40	13
0	1
0	8
12	1
1	235
1	159
7	220
6	152
76	94
19	94
199	65
5	181
2	133
89	69
0	115
144	5
4	32
3	38
439	0
16	33
0	0
0	0
0	0
0	0
0	0
6	34
70	34
0	0
0	0
0	0
0	8
0	0
0	8
0	0
0	0
0	1
0	0
1829	1731
0	43
43	0
0	0
1	0
0	0
12	52
11	52
281	1
455	1038
505	897
2	873
1	280
12	421
5	474
0	0
0	0
0	1
0	1
0	0
0	0
0	0
0	0
33	10
27	30
0	15
1	0
0	0
0	0
5	4
0	0
0	0
0	0
0	0
0	0
0	0
0	0
0	0
8	0
0	0
0	32
108	3
61	43
0	2
0	126
0	106
0	22
0	22
0	0
0	0
0	0
0	24
10	25
0	13
0	3
10	0
4	0
0	285
0	48
8	56
0	39
19	161
13	129
4	66
7	193
0	17
0	95
0	78
0	36
0	0
0	0
0	15
6	0
0	6
0	9
0	0
0	0
0	0
0	3
11	0
4	22
0	0
0	0
0	0
0	0
0	0
0	0
0	0
0	64
0	94
0	138
35	293
0	257
0	134
3	224
13	98
0	80
0	61
3	103
0	0
9	0
71	653
4	813
10	835
3	918
0	1063
0	508
4	598
4	544
11	69
68	229
118	403
0	0
0	0
141	251
19	211
80	944
0	209
14	76
0	911
0	754
0	2
0	2
0	5
22	18
111	77
157	89
256	344
30	146
76	132
0	109
205	177
0	42
11	218
0	0
0	0
1	226
0	1
0	0
0	0
0	0
0	0
59	0
0	0
18	5
28	5
0	0
87	9
0	0
0	9
0	0
9	0
0	0
0	0
0	22
0	18
0	0
0	0
184	40
0	11
0	10
7	229
0	168
161	34
0	0
0	7
20	13
1	18
0	0
0	0
0	0
0	0
0	0
0	0
843	364
0	11
0	0
0	2
0	0
0	0
0	0
0	3
0	0
0	1
0	1
0	9
0	1
0	68
0	1
0	170
0	0
0	0
1	0
1	0
0	0
0	5
0	0
0	0
7	21
0	16
0	0
0	0
3	0
0	47
0	29
0	1
33	1
5	1
0	0
0	0
0	0
9	306
0	0
0	0
0	7
0	0
0	0
25	283
0	0
0	0
0	0
0	222
0	220
0	17
0	1100
80	104
0	37
17	0
0	0
0	0
0	0
0	0
0	0
0	0
0	0
0	0
0	0
0	0
0	0
0	0
0	0
10	78
0	5
0	0
0	5
0	198
82	230
0	3
1	0
0	3
0	33
0	0
0	0
0	0
0	0
0	0
11	176
7	67
0	69
3	115
0	70
47	62
0	0
0	67
0	0
0	9
96	244
0	178
30	186
0	9
57	64
0	80
12	7
12	28
0	0
7	110
0	0
0	0
0	0
0	0
0	0
0	0
0	0
0	0
0	0
0	111
0	4
0	4
0	1
0	8
90	480
0	0
447	496
0	0
0	0
0	0
0	8
1	8
0	0
0	0
0	0
0	0
0	0
0	0
0	0
0	0
0	0
0	0
0	0
0	0
0	0
10	0
0	0
0	0
0	0
0	8
0	30
5	0
29	59
4	0
0	0
33	0
8	0
0	0
0	0
19	0
50	1598
172	283
1	48
6	38
43	152
11	0
0	0
0	0
0	3
0	0
0	2
0	0
8	4
0	2
0	0
0	0
0	0
0	0
12	40
0	40
15	0
1	44
0	39
137	131
18	4
20	4
362	0
0	0
0	0
3	7
0	2
79	90
55	66
6	99
0	23
2	4
5	170
23	5
0	0
5	4
0	0
0	3
22	9
0	0
119	501
0	0
0	0
304	49
3	43
20	13
0	0
0	0
0	0
0	0
0	0
0	0
0	42
3	146
10	148
8	33
13	8
0	0
0	54
0	3
0	0
0	0
68	175
40	584
1	183
3	159
0	13
88	13
0	0
0	0
0	0
0	0
0	0
0	0
0	0
0	0
0	0
14	335
0	0
0	0
5	60
7	5
0	0
0	0
0	0
0	0
0	3
0	3
39	0
53	90
0	56
0	55
3	2
0	2
5	0
0	5
0	0
0	0
0	0
5	0
0	0
0	0
0	31
0	0
0	2
0	0
0	0
0	3
0	3
0	0
0	0
0	0
0	0
4	9
0	27
14	0
0	27
0	29
20	478
4	680
42	752
142	825
61	394
58	430
40	135
0	0
0	12
0	0
0	0
0	0
6	2
13	0
0	0
597	214
104	58
6	122
0	81
21	33
190	110
0	0
0	0
0	0
0	0
0	0
0	0
0	0
0	0
0	914
0	626
0	0
0	0
0	0
0	0
0	0
0	0
0	2
0	0
0	29
0	14
0	0
0	0
1	0
0	0
5	8
1	0
0	0
0	0
0	8
32	11
2	13
0	0
4	10
0	0
0	4
0	2
0	0
0	0
0	9
0	13
4	13
0	12
0	4
0	0
0	0
0	0
0	123
25	169
182	47
0	4
5	47
7	30
3	1
0	0
0	0
119	421
29	0
0	314
13	44
148	281
0	243
16	257
25	36
0	13
27	27
0	0
0	11
0	0
0	0
411	58
0	0
0	0
0	0
0	0
0	0
0	0
0	0
0	0
0	0
0	9
0	0
8	1
0	1
0	14
0	14
70	139
5	116
0	0
0	0
0	0
0	0
0	0
0	0
0	0
0	0
0	0
0	0
0	0
0	0
0	4
0	4
0	0
0	0
0	0
0	0
0	0
8	336
0	0
12	286
0	235
0	0
0	0
6	48
0	0
0	0
0	0
0	0
0	0
0	0
2	12
0	13
0	12
1	5
63	53
116	30
0	52
4	34
0	0
8	5
0	0
0	0
0	0
4	17
0	7
0	0
0	0
3	80
0	0
0	36
14	0
0	77
0	0
0	0
0	0
4	6
69	20
0	20
0	0
0	0
0	0
0	0
0	0
0	0
0	0
5	4
0	0
0	0
0	5
0	0
0	0
0	0
0	0
0	0
0	0
0	0
0	0
0	0
0	13
0	0
0	0
0	0
0	2
0	102
0	1
4	1
0	0
0	0
0	0
2	0
0	271
0	288
0	2
220	426
0	0
0	8
0	0
0	0
14	15
3	0
2	0
10	12
0	6
1	7
0	5
0	4
0	0
32	9
0	0
6	0
17	67
13	126
0	84
0	55
1	7
0	0
0	0
0	0
0	7
0	7
0	0
19	1
0	1
19	4
4	4
0	0
0	0
0	0
0	49
0	48
185	198
0	0
6	0
0	0
0	0
0	0
0	0
0	0
0	0
0	0
0	35
0	35
0	35
1	0
0	0
9	106
0	0
0	0
32	0
13	138
0	116
24	132
0	18
0	13
0	0
0	79
0	91
0	70
0	18
2	0
0	0
0	0
0	62
0	43
0	118
16	33
25	19
56	47
7	66
0	33
0	19
17	228
86	777
31	253
11	546
18	716
120	656
8	229
1	124
0	26
0	20
10	160
2593	617
54	267
12	186
0	0
0	0
0	0
0	0
0	0
0	0
0	0
0	0
0	0
3	0
0	0
0	0
43	10
0	10
0	0
0	13
0	0
0	0
0	0
26	86
0	0
30	0
0	0
0	0
0	0
0	0
0	0
0	0
0	0
0	0
0	0
0	0
13	4111
0	1235
0	0
0	0
0	1455
78	1929
0	138
0	1
1	13
0	0
7	7
5	7
0	7
0	396
6	1037
10	846
0	966
1	987
45	239
0	53
0	45
0	26
0	71
0	106
5	41
8	24
0	0
0	0
21	48
115	48
0	0
0	0
0	0
0	0
0	0
0	0
0	0
0	0
0	0
0	0
0	0
0	0
0	0
0	0
0	0
0	0
1	146
0	1
418	788
0	0
1	0
0	0
3	0
5	25
0	0
0	0
0	0
0	5
0	5
0	0
11	1
5	1
0	8
0	3
0	94
0	141
1	64
6	73
0	0
0	0
0	0
0	0
0	0
0	0
0	0
0	0
0	0
0	0
0	153
0	165
0	154
0	12
0	0
0	0
0	1
0	0
0	0
1	111
0	0
0	0
0	0
0	0
0	0
0	0
0	0
0	0
0	0
0	0
0	0
0	0
0	0
0	0
1	0
0	0
0	0
0	0
47	64
4	20
0	6
10	14
29	31
0	12
0	12
12	823
0	0
0	0
0	0
0	0
0	0
0	0
0	0
0	0
0	0
0	0
0	0
0	0
0	0
0	0
0	0
0	0
0	0
0	0
0	9
0	1
0	68
0	1
506	33
33	30
0	22
20	19
43	107
19	17
200	119
7	6
0	5
0	0
124	54
0	43
1	130
0	99
109	80
0	0
0	5
0	0
0	0
0	0
0	0
0	0
0	0
0	0
0	0
0	0
0	0
0	0
0	0
0	0
12	6
65	12
126	12
18	6
0	6
0	0
0	0
0	3
4	3
0	0
0	0
0	0
0	0
0	3
0	0
0	3
0	0
0	0
0	3
0	3
0	3
0	0
0	6
18	6
0	0
0	0
0	0
0	0
0	9
0	9
0	9
0	9
2	9
3049	43
300	64
6	1198
56	1211
0	0
0	0
0	0
0	1020
0	873
0	0
0	0
0	0
0	0
0	0
0	0
0	0
0	7
0	1
0	1
0	0
0	0
0	0
0	0
0	0
0	0
0	0
0	0
0	0
0	0
0	0
18	12
0	12
0	0
0	0
0	0
4	905
9	416
0	0
0	0
0	0
0	0
0	0
0	0
0	0
0	0
15	0
0	0
0	0
0	0
0	0
0	0
0	0
0	0
0	0
6	10
0	0
0	0
19	190
1	377
81	432
16	478
233	400
0	41
0	22
0	928
0	225
0	1030
0	114
15	6963
7	8504
0	3069
285	2909
83	137
41	17
0	32
85	1013
0	16
0	23
0	14
0	11
0	13
0	0
7	36
15	73
0	79
0	79
34	0
59	492
9	99
0	289
0	323
0	219
0	0
106	39
19	32
0	0
1	0
0	13
0	0
0	0
0	35
0	32
0	5
0	19
0	0
0	0
84	504
8	899
248	2106
1	401
0	353
0	1299
17	2269
4	1177
0	88
8	356
0	1775
0	97
0	662
35	648
10	133
0	0
0	956
9	714
0	37
0	33
0	33
0	1333
0	1515
0	1443
0	175
0	120
0	132
0	14
39	14
0	2
0	2
0	2
0	121
0	10
0	10
0	0
0	0
0	3
0	3
0	3
0	0
81	2
0	1
3	70
31	0
11	69
0	62
72	53
29	18
27	104
3	18
23	27
11	27
3	0
0	0
119	79
0	0
0	0
0	0
0	0
0	0
6	0
5	0
0	0
0	0
0	0
0	0
0	0
0	0
0	0
7	266
22	266
0	427
0	149
0	0
63	9
0	2
0	2
19	2
0	424
12	279
4	127
0	0
0	0
0	0
0	5
0	0
8	0
0	0
0	0
0	0
0	30
18	38
589	104
0	0
0	0
493	1593
20	190
0	191
10	187
0	193
41	205
0	65
0	49
0	10
0	350
0	0
0	0
0	4
0	0
0	0
0	0
4	29
0	0
2	9
0	16
72	11
24	88
34	168
1	66
5	57
134	668
4	649
0	0
0	0
0	0
0	3
0	0
64	0
3	0
0	0
0	0
0	0
0	0
0	0
0	0
0	0
8	0
0	0
0	0
0	0
0	0
0	0
0	0
1	29
0	29
41	29
20	86
0	85
0	0
0	0
0	0
0	0
0	0
0	5
0	0
0	0
0	11
0	0
0	0
0	0
0	0
0	0
0	18
0	0
0	2
0	0
0	0
0	0
12	99
14	265
15	489
108	752
0	1573
23	1607
0	1020
0	22
0	22
0	0
9	15
0	10
0	27
0	8
0	0
0	0
0	9
0	0
0	0
0	0
0	0
0	0
7	367
0	0
0	0
1	554
0	5
17	29
0	3
8	42
4	0
0	22
0	42
0	1
0	9
0	68
0	0
0	0
0	25
22	24
0	84
0	27
1	26
0	21
0	11
0	4
0	0
14	71
0	27
0	30
0	16
0	11
0	0
0	21
40	138
35	80
28	151
41	122
0	0
0	0
0	0
0	0
0	0
0	4
0	39
24	0
0	2
0	2
0	3
0	3
0	0
0	0
0	0
0	20
0	5
0	53
0	0
0	0
0	0
0	0
0	0
0	0
0	0
0	0
0	0
23	0
0	0
0	39
0	50
15	47
0	11
0	15
0	15
0	1
0	0
11	298
182	648
0	297
84	444
32	301
8	238
0	52
0	89
5	0
25	139
565	435
0	165
9	766
0	0
9	29
5	0
0	0
2	0
0	0
0	0
0	208
0	43
23	227
3	21
27	21
0	0
5	0
1	166
4	154
3	158
0	23
3	16
0	23
539	13
0	0
0	0
136	222
0	239
1	201
0	12
0	4
0	15
0	15
0	8
0	13
0	24
0	0
0	0
0	0
0	0
0	0
0	0
32	39
6	37
0	0
0	0
0	0
13	21
88	101
0	19
0	4
0	4
0	4
0	139
0	0
0	3
0	139
4	3
0	101
5	139
0	0
3	0
0	0
0	0
0	14
0	6
14	6
0	0
0	0
0	0
0	0
0	11
0	11
0	0
74	21
0	32
82	68
6	83
2	700
8	256
7	21
0	98
63	282
0	28
0	26
0	237
0	692
0	0
0	5
0	0
0	0
0	0
0	0
0	0
0	0
0	0
0	0
0	0
0	0
0	0
0	0
0	0
0	0
0	0
3	0
0	0
0	0
4	0
4	0
0	0
0	0
0	0
0	0
0	0
0	0
0	0
0	0
0	0
0	0
0	0
0	0
0	0
0	0
0	0
0	0
0	0
0	0
0	0
0	0
0	0
0	0
0	0
0	0
0	0
0	0
58	74
0	14
0	49
0	0
0	0
577	3287
0	3287
0	0
0	0
0	0
0	0
0	0
0	0
0	0
0	161
0	0
0	2
0	0
0	0
4	0
1	2
0	0
0	0
0	7
0	0
11	0
0	3
0	144
0	88
0	9
0	5
0	17
0	0
0	17
0	17
43	72
0	72
272	153
3	133
15	230
27	0
4	137
0	83
0	47
3	78
0	95
12	40
0	8
0	0
0	0
0	0
0	0
0	0
0	0
0	0
0	0
0	0
0	0
0	14
0	28
0	5
0	28
0	27
2	18
0	6
0	0
0	12
0	0
7	17
0	0
0	0
0	0
6	60
0	24
0	9
0	0
0	0
8	61
9	153
4	15
0	0
0	29
0	0
0	0
0	0
0	0
0	0
0	44
0	0
0	0
0	0
0	0
0	0
0	0
0	0
0	0
0	0
0	0
0	0
34	0
0	1
0	79
0	0
0	3
35	1
2	8
69	378
0	220
0	99
71	0
19	18
0	7
33	0
0	0
19	90
1130	1569
0	603
0	111
21	343
19	175
31	12
10	502
242	178
8	29
1	64
0	32
41	64
16	2
55	75
161	120
34	70
6	308
0	5
105	75
0	45
7	13
0	37
131	6
37	442
5	82
2	97
1	454
1	457
0	452
9	129
0	388
0	141
6	14
0	0
6	0
9	7
0	0
0	0
0	0
0	0
0	0
0	0
3	143
524	295
0	0
0	0
0	3
7	240
4	8
0	0
0	0
4	0
0	0
0	0
0	0
16	1
0	1
0	0
0	0
0	4
0	4
0	4
0	0
0	0
0	0
0	0
0	847
0	754
0	0
0	0
0	0
0	0
0	0
0	0
0	149
0	0
0	0
0	0
0	248
0	224
0	234
0	0
0	0
12	0
0	0
0	0
0	0
0	0
0	59
19	1164
422	1307
3	146
0	152
8	790
0	0
0	0
7	332
0	3
0	24
54	132
9	132
90	0
0	13
0	0
0	3
0	2
0	0
0	3
0	27
0	0
24	29
18	285
0	0
0	0
0	0
0	0
432	14
0	105
10	93
35	137
113	97
0	31
137	118
0	15
270	9571
53	9568
0	615
20	180
2	702
0	29
0	0
0	0
0	0
0	0
0	0
0	0
0	0
0	0
3	42
351	916
37	134
121	410
0	0
0	0
0	0
65	1572
0	0
0	0
0	0
0	0
0	80
0	1
0	0
0	0
0	0
0	0
0	8
4	30
83	49
306	348
48	330
25	221
1	15
0	75
0	15
0	10
56	31
11	104
1	4
0	173
0	0
28	442
0	0
0	0
102	16
42	410
15	7
14	464
0	62
12	90
6	91
9	36
0	3
0	0
0	0
45	15
55	35
60	590
0	102
0	0
7	7
0	4
0	0
3	1
0	27
0	0
0	0
0	0
0	0
0	5
0	9
2	8
0	3
0	3
0	0
0	0
0	1
0	1
0	1
0	0
0	0
9	0
0	0
0	8
11	27
0	0
0	0
0	0
0	0
0	0
0	0
0	0
0	2
0	169
0	178
13	184
7	1836
265	2386
0	116
0	137
21	40
0	1
0	3
0	0
0	0
0	0
0	0
0	0
0	0
0	0
0	0
0	0
0	0
0	0
0	0
0	0
18	0
0	0
0	0
0	0
0	0
0	0
0	0
0	0
0	0
0	0
0	0
0	0
0	0
0	0
0	7
0	5
0	0
2	0
31	141
0	9
160	148
0	9
0	1023
0	1092
0	0
0	0
0	0
0	6
0	0
0	9
0	0
0	0
248	516
15	459
17	202
147	166
18	295
9	46
0	46
16	118
2	87
4	244
0	224
15	209
0	20
0	100
2	52
31	287
0	333
818	166
0	5
0	0
0	0
0	0
36	234
0	0
211	489
9	138
4	3
0	1
0	0
0	0
0	0
15	1
0	0
6	0
0	49
0	0
0	0
0	0
149	3549
50	116
0	339
0	163
67	160
1	5712
0	2517
3	13
0	2087
0	1224
0	952
10	13
90	325
18	181
26	160
0	14
73	185
70	670
0	0
0	93
7	0
0	0
0	0
0	0
0	0
0	0
0	0
0	0
1	42
5	39
0	40
0	17
1	6
0	1
16	0
0	0
0	0
0	45
0	0
0	0
0	0
0	0
0	0
0	0
0	0
0	13
0	11
0	2
0	0
0	0
0	0
0	0
0	0
0	0
0	0
0	0
5	5
0	0
0	5
0	0
5	0
1232	2625
31	23
0	6
2	73
0	42
8	64
54	56
5	49
33	27
0	49
0	0
0	0
0	0
0	0
0	0
0	0
0	0
0	24
23	14
3	0
9	6
0	0
90	0
0	14
0	0
0	0
0	0
0	0
0	0
0	0
0	0
0	3
0	0
5	168
15	141
14	179
0	84
0	94
7	99
0	79
0	0
0	0
0	0
0	0
0	0
3	0
0	0
0	0
0	249
0	253
6	252
0	256
0	5
35	254
0	0
0	0
0	0
0	0
0	1366
33	1680
0	174
0	172
1	8
4	108
7	3
0	172
8	101
7	118
0	118
0	0
0	0
0	0
0	0
0	0
0	0
0	0
0	0
12	0
0	0
0	23
0	0
0	0
0	0
467	3506
0	74
0	230
0	65
0	81
0	224
0	0
0	0
0	0
0	0
0	0
0	0
0	0
0	0
0	0
5	0
0	0
0	0
0	0
2	3
18	87
82	132
0	40
58	105
27	55
0	77
0	0
0	0
0	0
0	26
0	0
0	0
302	476
14	511
633	647
22	58
0	0
0	127
155	175
7	10
0	0
0	0
0	0
0	0
0	0
0	0
0	90
0	90
0	0
0	0
0	0
278	92
30	130
0	10
0	99
1	93
0	0
42	607
0	0
17	44
0	15
0	0
0	0
12	0
0	3
0	0
13	7
0	0
0	0
0	0
0	0
56	5
6	5
36	10
0	0
0	0
0	0
0	0
1	11
0	11
0	11
200	74
0	0
0	0
0	0
0	0
0	0
10	31
0	0
0	0
651	954
0	11
12	14
28	2
10	15
0	15
54	13
56	52
43	35
74	59
4	59
0	4
0	0
44	233
21	70
53	691
8	37
98	352
93	304
0	0
0	0
0	0
3	38
35	95
25	35
6	66
5	16
0	2
3	8
39	51
13	22
0	0
55	2
13	18
63	139
0	9
6	2
0	0
0	2
19	0
38	22
0	7
6	7
0	0
0	2
0	0
10	2
0	0
0	0
0	0
0	0
0	0
9	0
0	0
0	0
0	0
0	0
0	0
0	0
0	0
0	0
0	0
0	0
12	0
2	5
0	0
0	0
0	0
0	0
0	0
0	1
0	1
0	0
0	0
0	0
0	0
0	0
35	173
102	122
216	86
2	108
2	95
0	38
38	45
10	15
0	1
486	79
3	73
45	13
8	21
94	600
63	596
0	585
148	52
31	469
0	261
26	70
0	17
0	17
0	0
0	0
0	0
0	0
0	0
0	0
0	0
2	4
0	0
80	535
19	233
0	73
1	273
0	0
0	0
0	0
0	0
0	0
0	0
0	0
83	313
3	386
2	161
35	0
0	9
0	0
0	27
0	0
0	61
0	61
0	62
0	0
0	0
0	0
0	0
0	0
0	0
0	0
84	111
0	77
0	0
2	0
0	8
0	8
0	0
3	0
0	41
26	13
0	0
37	83
0	0
0	49
0	48
53	309
7	346
9	363
3	2
0	2
0	0
28	4512
39	0
68	1
0	0
0	0
0	0
0	0
2	76
4	38
14	24
12	20
0	132
8	46
3	0
0	0
0	0
0	0
0	0
0	0
0	0
0	0
0	0
2	0
0	0
0	0
0	0
0	0
32	18
0	18
0	1
0	0
0	0
0	6
4	18
0	0
0	0
0	0
0	25
0	25
0	0
0	0
0	0
9	0
0	0
0	0
4	0
0	0
0	0
0	0
0	0
0	0
345	231
32	183
7	178
5	6
1	22
0	50
0	0
0	0
0	0
0	0
0	2
0	2
0	0
0	0
0	0
0	0
0	0
0	3
0	0
0	0
0	0
0	9
0	0
0	0
0	0
0	0
0	0
0	0
0	0
0	9
0	0
0	0
0	0
1	0
0	0
0	0
0	0
0	0
0	0
0	0
0	0
0	0
0	0
0	0
0	0
0	0
0	0
0	0
0	0
0	4
0	4
0	0
0	0
11	276
3	5
0	0
0	0
0	6
0	0
0	9
74	956
6	825
11	140
0	76
0	0
0	3
0	3
0	3
0	3
2	452
0	398
0	117
0	37
0	0
30	0
0	0
25	142
25	253
0	43
0	4
0	0
0	5
0	2
7	2
0	19
0	0
0	0
0	13
26	43
0	8
0	1
5	34
0	90
0	111
107	340
0	62
0	55
0	71
0	159
1	9
68	56
0	0
0	0
0	10
22	10
0	0
0	0
0	3
0	0
19	225
0	12
0	4
0	0
0	0
0	0
12	0
0	26
0	26
0	42
0	14
3	29
0	27
0	8
0	0
0	0
0	0
0	3
0	0
0	0
0	0
18	15
0	16
0	0
0	0
0	0
0	0
56	44
0	0
0	0
0	0
0	0
0	0
22	220
32	6
0	0
0	0
0	0
0	0
0	0
0	0
0	0
0	0
0	0
0	0
0	0
0	0
0	0
0	0
0	0
14	130
0	0
0	0
0	0
0	0
0	0
0	0
0	0
0	0
0	189
0	189
0	47
0	135
0	0
7	35
0	0
0	0
0	4
0	1
0	0
0	1
0	0
0	0
8	14
447	1326
0	43
25	14
0	14
0	19
0	0
0	0
0	0
0	0
0	0
9	1380
15	200
52	1032
0	0
0	0
2	3
0	2
0	2
0	2
0	0
3	0
0	0
19	0
0	225
0	226
0	21
64	0
0	0
149	823
27	10
0	0
0	0
238	220
9	65
97	215
150	8122
3	1240
31	953
1	912
66	6352
0	0
0	0
5	0
0	0
0	0
0	75
0	0
0	0
0	1
0	0
1149	178
12	460
0	77
2	17
0	47
0	0
0	0
0	21
0	0
2	73
0	0
0	0
35	27
25	1
0	10
0	0
5	516
79	239
14	615
302	634
0	116
258	185
125	211
0	0
0	17
4	23
0	19
0	0
0	0
0	0
0	0
0	0
0	0
2	43
0	0
0	0
0	0
0	0
0	0
0	0
0	0
0	0
0	0
0	0
55	24
0	23
0	86
0	0
0	0
5	4
0	4
12	308
0	0
0	0
0	0
0	0
0	0
0	0
0	0
0	0
0	0
0	0
0	0
0	0
0	0
0	0
0	0
0	0
16	3224
0	1850
0	10
4	12
0	15
0	620
0	0
0	0
0	0
0	0
0	0
11	0
0	0
4	0
148	290
10	172
164	205
0	90
25	317
26	111
0	0
5	3
6	26
0	22
23	5
0	0
0	0
0	75
0	0
0	0
3	0
3	0
0	5
0	0
8	162
13	5
0	0
3	0
22	817
593	1009
31	83
0	0
0	0
0	0
0	0
9	70
0	75
0	68
0	71
0	208
0	35
3	212
0	146
0	68
0	12
0	8
2	36
0	2
7	2
51	136
44	80
35	80
0	0
16	30
0	0
0	0
0	0
0	0
0	0
0	0
0	0
0	0
0	0
0	74
0	74
0	23
0	28
2	76
0	0
0	5
182	99
9	4
4	18
0	43
0	45
0	0
11	56
0	0
0	0
0	0
0	2
0	0
0	0
0	0
0	0
0	0
23	0
0	0
82	115
12	115
0	0
0	0
0	0
0	0
0	0
0	0
0	0
267	384
0	0
0	0
0	0
0	1
0	1
0	0
0	0
0	0
0	0
0	0
0	0
0	0
110	2079
0	4383
44	1126
1	2620
0	2459
0	116
0	370
0	9
0	0
0	0
4	0
0	0
0	0
0	3
0	3
0	0
0	0
0	0
0	0
44	283
0	11
0	4
0	3
0	56
24	10
0	51
0	1
0	12
0	46
0	0
0	0
11	0
0	0
1	2
0	0
60	70
26	56
134	68
7	14
0	0
0	0
0	0
0	0
0	36
0	0
0	0
0	0
16	272
0	27
0	36
0	28
0	150
0	117
0	42
0	171
0	17
1	82
0	53
0	78
4	1531
16	1780
0	1708
4	211
0	164
0	222
69	755
22	590
0	0
0	0
0	0
0	0
0	0
0	0
0	0
0	0
0	0
0	0
0	0
0	0
0	4
0	0
0	0
0	0
0	0
0	0
0	0
0	0
0	0
0	57
0	0
0	0
24	0
0	0
1	0
0	0
0	0
1	237
0	0
0	0
0	0
0	0
0	0
0	0
0	0
0	0
0	0
0	0
9	0
0	0
0	0
0	0
1	15
0	0
0	0
0	0
0	0
0	0
0	0
0	0
0	69
4	14
0	2
0	0
0	0
0	0
0	0
0	0
0	0
0	0
0	0
0	0
0	0
0	7
0	0
0	0
0	0
0	0
7	49
0	0
0	0
0	0
0	0
0	0
0	0
0	0
0	0
0	0
0	0
0	0
0	2
0	0
0	0
0	0
0	0
0	0
0	0
0	0
0	53
0	0
4	12
0	0
0	0
0	0
0	0
0	0
2	0
0	256
0	0
0	49
0	0
0	160
0	0
0	0
0	16
0	0
0	0
0	0
0	0
0	379
0	0
0	0
0	0
0	0
0	0
0	112
1	0
0	0
6	0
0	1
10	0
182	0
17	2
1178	0
508	0
166	0
0	0
22	0
0	0
0	0
0	0
0	0
0	0
0	42
0	0
0	0
0	0
0	0
0	1
9	13
1	9
0	0
0	0
0	0
0	0
0	0
0	0
0	0
0	3
0	0
0	0
0	0
1	2
0	0
10	543
0	0
0	0
0	0
0	0
0	0
0	0
0	20
0	21
0	0
0	561
0	0
3	0
5	0
0	0
0	0
0	0
0	0
0	0
0	0
0	127
0	0
0	0
0	0
0	2
0	0
0	0
0	0
0	0
0	0
0	0
0	0
0	0
49	0
0	0
0	0
0	0
0	0
1	0
0	0
0	0
0	0
0	0
0	0
0	0
0	0
0	0
0	0
0	0
0	0
0	0
0	0
0	0
0	0
0	0
0	0
0	0
0	0
0	0
0	0
0	0
0	0
0	0
0	0
0	0
0	0
0	0
0	1
0	0
15	1
0	0
0	0
0	0
0	0
0	0
0	0
0	0
0	0
0	0
0	0
0	1
1	0
0	0
3	0
0	0
0	1
0	0
0	0
8	0
0	0
0	16
0	0
0	2
0	0
0	0
0	0
0	558
0	0
9	0
0	0
0	0
0	0
0	2
0	0
0	0
0	0
0	0
0	0
0	0
0	0
18	0
0	0
8	0
1	640
0	1235
0	0
0	0
0	0
0	0
0	0
6	0
45	0
0	0
0	0
0	0
0	0
29	0
11	0
0	0
0	0
0	6
0	0
0	1
0	0
0	0
0	0
0	0
0	0
0	0
0	1
0	0
0	0
0	0
0	0
0	29
0	0
0	0
0	0
0	0
0	0
0	0
0	52
0	0
0	0
3	0
10	0
0	0
0	0
0	0
0	0
0	0
0	0
0	0
0	0
0	0
0	0
0	0
0	0
0	0
0	0
0	0
21	2
0	137
2	0
0	0
0	0
0	0
13	1
0	0
0	2
0	0
0	0
0	444
0	0
1	1
0	0
3	0
5	0
0	0
0	0
0	0
0	0
0	0
2	0
0	0
0	0
0	0
0	0
0	0
0	0
0	0
0	0
0	0
0	0
0	0
1	4911
0	0
0	0
0	5023
6	0
0	0
0	0
0	0
2	0
0	0
0	0
2	0
0	0
5	0
0	0
0	11319
0	0
0	20
0	0
0	0
4	0
0	0
6	0
0	0
0	0
0	0
0	0
0	0
2	0
4	0
0	16
0	2
0	0
0	0
0	0
0	0
0	0
0	0
0	0
0	0
0	0
0	0
0	43
0	0
0	0
0	0
3	0
0	0
36	0
0	0
99	0
0	1
0	0
0	0
0	0
0	0
0	0
0	0
0	0
0	0
0	0
0	0
0	0
0	0
0	0
0	0
0	0
0	0
0	24
0	0
0	0
0	0
0	0
3	0
0	0
0	0
15	0
0	0
0	0
10	0
2	0
0	0
0	0
0	0
0	1
2	0
0	0
0	0
0	4
0	0
0	168
0	0
0	0
0	1
0	0
0	0
0	0
0	0
1	11
0	0
0	0
0	0
0	0
0	0
0	0
0	0
0	0
0	0
0	0
0	0
0	0
0	0
0	0
0	0
0	0
0	0
0	0
0	0
0	0
0	0
0	0
0	0
0	0
0	0
0	0
0	0
0	0
2	0
0	0
0	0
0	0
0	40
0	0
0	0
0	1
9	0
0	0
0	3
0	0
0	1
0	0
0	0
1	0
0	0
0	0
0	0
0	0
2	8
0	0
0	0
0	0
0	0
0	0
0	0
0	0
0	0
0	0
0	0
0	0
0	0
19	0
0	0
0	0
0	0
1	0
4395	3988
0	1
0	0
0	50
0	0
0	0
37	1
5	0
0	0
0	6
0	1
0	0
0	1
0	0
0	0
0	0
0	0
3	0
0	0
0	0
0	0
0	0
0	0
0	0
0	0
0	0
0	0
0	0
0	0
0	0
0	0
0	0
71	828
0	0
6	0
0	0
0	0
0	0
0	0
0	0
0	0
4	0
0	0
3	0
0	0
0	0
0	0
0	0
0	0
0	0
0	0
0	0
0	0
0	0
58	0
0	0
0	0
0	0
0	0
0	0
0	3
0	0
0	1
4	0
1	0
0	0
3	0
3	0
0	0
4	0
0	0
2	0
5	0
0	14
0	0
0	20
1149	0
0	0
0	0
0	0
0	0
0	0
0	0
0	0
0	0
0	0
0	0
0	0
0	1
0	0
0	0
0	0
0	0
0	0
0	0
0	0
0	0
0	0
0	0
0	0
0	0
0	0
0	0
53	0
0	0
0	0
0	0
0	0
0	0
0	0
24	0
6	0
0	0
0	213
0	0
0	0
0	30
0	70
0	0
0	0
0	0
1	0
0	0
0	0
0	0
0	0
0	0
0	0
2	1
0	0
0	0
0	0
0	0
0	0
0	0
0	0
3	0
0	0
0	0
0	0
0	0
0	0
0	0
0	0
0	0
0	0
0	0
0	0
25	15
0	0
0	0
0	0
0	0
0	0
0	0
0	0
15	0
0	0
0	0
0	0
0	0
354	151
0	1
0	0
0	0
0	0
13	0
0	0
0	0
0	0
0	0
0	0
0	0
8	0
0	0
0	0
0	0
0	1
0	0
5	0
0	0
0	0
0	0
0	0
0	0
0	0
2	0
1	0
0	0
0	77
4	0
0	0
0	0
0	0
0	0
0	0
0	0
0	0
0	0
0	0
0	0
0	0
0	0
14	0
0	0
15	258
0	3
0	7
1	0
0	0
0	0
0	0
0	0
0	0
0	0
0	0
0	0
0	0
0	0
0	0
0	0
0	0
0	0
0	0
0	38
0	1
0	0
0	30
0	3
0	0
0	0
0	0
0	0
0	0
0	0
0	0
0	0
0	0
0	6
0	0
0	0
0	28
0	0
0	7
0	0
0	0
0	0
0	0
0	125
0	2
0	0
0	0
0	0
2	1
0	0
0	0
31	0
0	0
0	0
0	0
0	0
0	0
0	0
0	0
0	0
0	0
0	0
0	0
0	5
0	0
0	0
0	0
0	1
0	0
0	0
0	0
0	91
0	0
0	0
0	32
0	0
0	0
0	0
0	0
10	530
0	2
0	0
1	0
0	0
0	0
0	0
0	0
0	0
0	0
3	0
1	0
0	0
8	0
0	0
0	0
0	0
0	26
0	15
0	45
0	0
0	0
0	0
2	0
0	0
0	0
38	0
0	0
2	22
0	0
0	0
0	0
0	0
0	0
0	0
0	0
0	0
0	0
16	681
0	0
4	0
0	0
1	0
0	0
0	0
0	0
0	0
0	0
0	12
0	0
1	0
0	0
14	3
0	0
0	0
0	0
0	0
0	0
4	0
0	0
0	0
0	0
0	0
0	0
0	0
0	0
0	0
0	0
3	566
0	0
0	0
0	8
0	0
0	0
0	0
0	0
0	0
0	0
0	0
0	0
0	0
0	0
6	0
0	0
13	0
0	0
0	0
0	0
0	0
0	0
0	33
0	11
0	0
0	0
5	0
2	0
0	8
0	0
0	19
0	0
0	0
0	1
0	0
0	32
0	0
26	4
0	1029
0	1
0	0
0	1
0	1
0	0
0	0
3	0
0	0
0	0
0	0
0	6
0	43
7	0
0	0
0	0
0	3
0	81
0	0
0	0
0	0
0	0
0	0
0	0
0	0
2	0
0	0
0	0
0	0
0	36
0	0
0	0
1	0
0	0
0	0
0	5
0	0
0	0
0	0
17	0
7	0
0	0
0	0
0	0
0	1
0	1
0	0
0	0
0	0
0	0
0	0
0	0
44	0
0	0
0	0
0	0
0	0
0	0
0	0
0	0
11	0
9	0
2	0
0	0
0	0
0	0
0	0
0	0
0	0
0	0
0	0
0	0
10	0
0	0
0	0
0	0
2	247
0	0
0	0
0	1
0	0
0	0
0	0
0	0
0	0
0	0
33	0
0	0
18	6
9	18
0	0
0	0
0	0
1	0
0	0
0	0
0	0
0	0
0	0
0	0
1	0
0	0
0	0
0	0
0	0
0	0
0	7
36	0
28	152
0	0
0	0
0	28
0	0
9	0
0	1
0	0
0	0
0	0
0	0
0	0
0	0
0	0
0	0
0	0
2	0
0	0
0	0
0	0
0	0
0	0
7	0
0	0
0	0
0	0
0	0
0	0
0	0
0	0
0	0
0	0
3	0
0	0
0	0
0	1
0	0
0	0
0	2
0	0
33	0
0	0
7	0
0	0
0	0
0	0
0	0
0	0
0	0
0	0
0	0
0	0
0	0
0	0
0	0
0	44
0	0
0	0
0	0
0	0
0	0
0	0
0	0
0	0
0	0
0	0
0	0
0	0
0	0
0	0
0	0
0	0
0	3
0	0
0	0
0	11
0	0
0	0
0	0
0	0
0	0
0	0
0	0
0	0
0	0
0	0
0	0
0	0
0	78
0	0
0	34
0	0
0	0
0	0
0	0
0	0
0	1
0	0
0	0
0	0
0	0
0	0
12	1
0	0
0	0
0	0
0	0
8	0
0	0
0	0
0	0
0	0
5	0
0	0
0	0
0	0
0	0
0	0
0	0
7	0
0	1
0	0
0	2
0	0
0	0
0	0
0	0
0	0
0	1
0	0
0	0
0	0
0	0
0	0
0	2
0	2
0	0
6	0
0	0
0	0
0	0
0	0
0	14
0	0
1	0
0	0
0	86
4	0
0	0
0	0
0	0
0	0
0	0
0	40
0	9
0	0
0	0
0	0
0	0
0	0
4	1
0	0
0	0
0	4
0	0
0	0
0	0
0	0
0	0
0	0
0	0
0	0
0	0
0	0
12	0
0	0
0	0
0	0
0	0
0	0
0	16
0	0
0	0
0	0
0	0
0	0
0	0
0	0
44	151
0	9
0	0
0	13
0	4
0	0
0	0
0	0
0	0
0	0
0	0
4	1
0	0
0	0
0	0
0	0
0	0
0	0
0	0
0	0
0	0
0	0
0	0
0	0
0	0
0	0
0	0
0	0
0	0
0	1
2	2
0	0
0	0
0	0
0	0
0	0
0	0
14	0
0	1
1	115
1	7
0	0
0	2
0	0
0	0
0	0
0	0
0	0
0	0
0	0
0	0
0	0
13	2214
0	0
0	0
13	0
0	0
0	0
0	1
0	0
0	0
0	0
0	0
15	0
0	0
0	0
0	0
0	0
0	0
0	0
0	0
0	30
0	0
0	0
0	37
0	0
0	0
0	0
0	0
0	0
0	1
0	0
0	0
0	0
27	0
0	0
0	0
0	1
0	0
9	0
0	0
0	0
0	0
0	0
0	0
0	0
0	0
0	0
0	3
0	0
0	0
0	0
0	0
0	0
0	0
0	0
0	0
0	0
0	0
0	0
0	902
0	0
0	0
0	0
0	0
0	0
0	1
0	0
0	0
0	0
0	0
0	0
0	0
8	0
3	0
0	0
8	3441
9	0
0	0
0	0
0	0
0	0
0	0
0	1
0	0
4	0
136	0
0	0
0	0
9	0
0	0
0	0
0	7
0	0
0	0
0	0
0	0
0	0
0	0
0	0
0	0
0	0
0	0
0	2
0	0
0	0
0	0
0	1444
3	0
0	0
1	371
0	0
0	0
0	0
0	0
0	0
0	0
0	0
0	0
0	0
0	0
0	0
0	0
0	0
0	0
0	0
0	0
0	0
0	0
1	0
0	0
0	0
0	0
0	0
0	0
0	0
0	0
0	0
0	0
0	0
0	0
0	0
0	0
0	0
1	1181
0	0
0	0
0	0
0	0
1	10
1642	0
0	0
0	0
0	0
0	0
0	0
12	0
0	0
0	544
37	342
0	0
0	0
0	0
0	0
0	0
0	0
0	0
0	0
0	4
0	0
0	0
0	0
12	0
0	0
1	0
3	37
0	0
0	0
0	0
0	0
3	0
0	0
0	5
0	41
0	0
0	0
0	0
0	0
0	22
0	0
0	0
0	0
0	0
2	8293
0	0
0	0
1	9
0	6
0	0
0	0
0	0
0	1
0	0
0	0
0	0
0	0
0	1
0	0
0	0
0	0
4	0
0	0
0	0
0	0
0	0
0	0
0	0
3	0
0	0
0	0
0	0
0	0
0	0
5	26
0	0
29	0
0	0
0	0
0	0
0	0
232	0
44	0
0	0
0	0
0	0
0	0
0	0
0	25
0	0
0	0
0	0
0	0
0	0
0	0
0	0
0	0
0	0
0	0
0	0
0	0
0	0
0	0
0	0
5	0
0	0
0	0
0	0
0	0
0	1
4	0
0	0
0	0
0	0
9	0
0	334
0	0
0	0
0	0
10	0
0	0
0	0
0	0
0	0
8	147
0	0
0	0
0	0
0	0
0	0
0	112
0	0
0	0
0	0
0	0
0	0
0	0
0	0
0	0
0	3
0	0
6	0
0	0
0	0
0	0
0	363
3	0
0	0
0	0
0	0
0	0
0	0
0	0
0	0
40	0
0	9
0	0
0	0
0	184
0	9
0	0
0	0
0	0
0	0
0	0
0	0
0	0
0	0
0	0
0	0
0	0
0	0
0	0
0	0
31	34
0	0
0	0
0	0
0	0
0	0
0	0
11	0
0	0
1	0
0	0
0	0
5	0
1	0
0	0
0	0
0	0
0	0
0	0
0	224
0	0
0	1
0	0
0	0
0	0
0	0
0	0
0	0
0	0
0	0
0	0
0	24
0	0
0	31
0	0
45	0
0	0
0	2
1	6
0	0
0	0
0	0
0	0
17	0
0	0
0	0
0	0
0	0
0	0
0	0
0	0
0	0
0	0
0	0
0	0
1	0
0	0
0	0
0	73
0	0
0	0
0	0
0	0
0	0
0	126
0	0
26	0
6	0
0	0
0	0
0	0
0	0
0	0
0	0
0	0
0	0
0	0
0	0
4	0
0	0
0	0
0	0
0	0
0	0
0	0
0	0
4	0
0	0
0	0
0	0
0	0
0	0
0	0
0	0
0	1
0	0
0	0
38	74
0	0
0	0
0	0
0	0
0	0
0	0
0	0
7	0
0	0
3	0
0	0
6	0
0	0
0	0
0	0
0	0
0	0
0	0
0	0
0	31
0	0
0	3
0	0
0	0
39	0
0	0
0	0
0	0
0	0
0	0
0	0
0	0
0	0
0	0
7	0
0	0
8	0
0	0
0	0
0	0
0	0
0	0
0	4
0	0
0	0
0	0
0	0
0	0
0	0
0	0
0	0
0	0
0	0
0	0
0	0
0	0
0	0
0	0
0	0
0	11
0	0
0	0
0	0
0	0
0	0
0	0
0	0
2	8
0	0
0	0
0	0
0	0
0	0
1	0
0	0
0	0
0	0
0	0
0	0
38	76
6	0
0	12
0	0
0	0
0	0
0	0
0	0
0	0
0	0
0	7
0	0
0	0
0	0
0	26
0	0
6	0
0	0
0	0
0	0
0	0
0	0
0	0
0	0
0	0
0	0
0	0
4	19
0	0
27	0
0	0
0	0
0	0
0	0
0	0
0	10
18	88
0	0
0	0
0	0
0	0
0	0
0	0
8	717
0	0
9	8
0	0
0	0
0	0
0	0
0	0
14	0
0	0
0	0
0	189
0	0
0	0
0	0
0	0
0	0
0	0
0	0
0	0
0	0
0	0
0	0
0	0
1	0
0	0
0	0
0	7
0	0
0	0
0	0
0	0
0	0
2	148
0	0
0	0
0	0
1	0
0	0
0	0
0	0
0	0
0	0
0	0
0	0
0	0
0	4
0	0
0	0
0	0
0	0
0	0
10	15
0	0
0	0
0	0
0	0
0	0
0	0
0	0
0	0
0	0
0	0
0	0
0	0
0	0
0	0
0	0
0	0
0	0
0	1
0	0
0	0
0	0
0	0
0	0
0	0
0	0
0	0
0	0
0	1
0	0
0	0
2	46
0	0
0	0
0	0
0	0
0	0
0	471
0	0
0	0
0	0
0	0
0	0
3	4
0	0
0	0
0	0
0	0
0	0
0	0
0	0
0	1
0	0
0	0
0	0
0	0
0	0
0	0
0	0
0	0
0	0
0	0
0	0
0	0
0	0
0	0
0	0
1	61
0	0
0	0
0	0
0	0
0	0
0	3
1	0
0	0
0	0
0	0
0	0
0	0
0	0
0	0
0	0
6	0
0	0
0	0
0	0
0	0
0	0
0	0
0	0
0	0
0	0
8	186
0	0
0	0
0	0
0	0
0	0
0	0
0	0
0	0
0	0
0	0
2	1
0	0
0	0
0	0
0	0
35	45
0	0
0	24
0	110
0	0
0	0
9	68
0	0
0	0
0	5
0	0
0	0
0	0
0	0
0	0
1	79
14	0
0	0
0	41
0	0
0	0
0	0
0	0
0	0
0	0
40	0
0	0
11	0
2	0
0	0
1	0
0	0
5	312
0	0
0	0
0	0
0	0
0	0
0	0
0	0
0	0
1	0
6	0
1	0
0	0
0	0
0	0
0	0
0	0
0	0
5	0
3	0
0	0
0	0
0	0
0	0
0	0
0	2
0	0
0	0
0	0
0	0
0	6
0	0
0	0
0	0
4	0
0	0
0	3
0	0
0	0
0	0
0	0
0	0
0	0
0	12
3	4512
0	0
0	0
0	1
0	0
0	0
0	0
0	0
0	0
0	0
0	0
0	7
1	27
3	23
0	0
0	0
0	0
0	0
18	0
0	13
0	0
0	19
85	1
0	0
0	0
0	0
0	0
4	0
0	0
0	0
0	0
0	0
0	0
0	0
0	0
13	0
0	0
0	0
0	0
0	0
21	0
0	51
0	0
0	0
22	0
0	1
0	0
0	2
0	0
0	7
0	0
0	0
7	0
0	0
0	0
0	0
12	0
0	0
0	0
0	0
0	0
0	0
20	4
0	11
72	34
1	0
625	233
3	2
24	3
0	0
0	0
0	2
0	0
0	0
0	0
0	0
0	0
0	0
0	0
0	0
0	0
183	0
0	4
0	0
0	0
0	0
0	0
0	0
0	0
0	0
53	46971
0	0
0	0
0	0
0	0
0	0
0	0
0	0
0	0
0	2
0	0
0	0
0	0
8	0
4	0
0	0
0	0
0	7
0	0
0	0
0	0
3	0
0	14
0	0
0	0
5	0
0	0
0	2
0	0
1	0
0	0
0	0
0	0
0	0
0	0
0	0
0	0
0	0
0	0
0	0
0	0
1	0
0	0
0	0
0	4
0	0
0	0
0	0
0	0
48	0
0	0
9	0
0	0
0	0
0	0
0	0
0	0
1	12
4	0
0	0
0	0
0	0
0	0
1	0
0	0
0	0
0	0
0	2
11	43
0	0
0	0
0	1
0	1
0	0
0	0
0	0
0	24
0	0
0	0
0	0
0	0
0	2
0	456
0	0
0	0
17	0
0	0
0	0
0	0
10	12
0	0
0	12
16	0
1	0
0	1
31	0
0	0
0	14
0	0
1	0
0	0
4	0
0	0
0	0
0	0
0	10
0	0
2	0
0	0
1	0
0	0
63	130
0	0
7	0
0	0
0	1
0	1
0	0
0	0
0	0
0	0
0	0
0	2
0	0
0	4
0	0
0	0
0	0
8	0
0	0
0	12
0	0
0	2
0	0
0	0
0	0
0	0
10	1
0	0
0	0
0	0
0	228
3	0
8	0
0	0
6	0
0	0
5	0
9	0
3	0
3	0
0	0
8	0
8	13
0	0
0	0
0	0
8	27
0	1
4	0
0	0
0	0
0	0
0	0
0	0
0	0
0	0
0	0
0	0
0	0
0	0
0	0
10	0
0	0
0	0
121	0
0	0
17	0
0	0
0	0
0	0
8	1
17	0
27	0
0	0
0	2
0	0
0	0
0	0
0	0
0	0
0	0
0	0
0	0
0	0
0	0
0	0
15	0
0	0
1	0
0	0
0	0
0	0
0	0
0	0
0	1
0	0
0	0
0	0
29	0
0	0
0	2
0	0
11	0
0	0
0	0
0	0
0	0
0	0
0	0
0	0
0	0
0	0
7	0
0	0
0	0
0	0
0	0
9	0
0	0
2	0
0	738
0	0
0	0
0	0
0	0
0	11
0	0
5	0
0	0
27	471
1	79
0	0
0	0
0	0
0	0
5	0
0	194
0	54
0	0
0	0
0	0
0	0
0	0
0	0
0	0
0	0
0	0
0	31
0	0
0	0
0	0
0	0
0	0
0	0
0	0
0	0
0	0
0	0
0	0
0	0
0	0
0	0
0	0
0	3
0	0
15	0
0	0
4	0
0	0
0	0
2	0
0	0
0	0
0	0
0	1
0	31
4	7
0	0
1	1
0	0
2	0
0	0
0	272
2	0
0	0
0	0
0	0
0	0
0	0
0	0
3	0
0	0
0	0
0	0
10	239
0	0
5	0
0	0
0	5
2	122
0	0
0	0
0	0
0	0
15	0
3	91
0	0
0	0
0	0
0	2
0	0
0	1
0	0
0	0
0	0
0	0
0	0
0	0
0	0
7	0
14	1
0	0
21	0
0	17
0	0
0	0
0	0
5	0
0	0
2	4
0	0
8	0
1	1244
1	40
0	40
0	0
0	0
0	4
1	0
0	0
0	0
0	0
0	0
0	0
0	0
0	0
0	0
0	1
0	0
10	0
0	0
0	5
0	0
0	0
0	0
0	0
0	0
0	0
5	0
0	0
0	0
0	0
0	0
0	0
0	147
0	0
0	0
0	0
7	1
0	1
0	0
55	0
0	0
0	0
0	1
46	0
5	0
17	0
11	142
0	0
8	0
0	0
0	0
0	0
0	0
0	0
4	0
0	0
0	0
0	7
0	0
0	0
0	0
0	0
0	0
0	0
0	0
8	0
0	0
0	0
0	0
32	0
0	0
0	0
0	0
0	0
0	0
5	0
0	0
0	0
0	0
0	0
0	0
0	0
0	0
0	0
0	0
0	0
0	0
0	0
0	3
0	0
0	0
0	0
0	0
0	0
0	0
0	0
0	1
0	0
3	0
0	0
15	0
0	0
0	194
0	39
0	0
0	0
0	2
0	0
0	0
0	51
0	1
0	0
0	0
0	0
0	0
0	0
0	0
0	651
0	0
0	0
0	0
0	0
0	0
1	0
11	0
0	0
0	0
0	1
0	0
0	0
0	0
0	0
0	0
0	0
0	0
0	0
0	0
0	1
0	0
0	0
0	0
0	0
0	0
0	0
0	0
0	0
0	0
2	0
0	0
13	0
0	0
0	0
1	0
0	0
0	0
0	2333
0	0
0	0
0	0
0	0
4	24
0	0
0	0
0	0
0	0
0	0
0	0
0	0
0	0
0	0
0	0
0	0
4	0
0	0
0	0
0	0
0	0
0	0
0	0
0	0
0	0
0	0
0	0
0	0
7	0
0	0
0	0
0	0
0	0
0	0
0	0
0	2
0	0
11	0
0	0
0	0
0	0
0	0
0	0
0	0
0	0
0	0
0	0
0	0
0	0
0	0
1	44
10	0
2	0
0	22
0	0
0	0
0	0
0	0
0	0
4	0
0	0
0	0
0	0
0	0
0	0
4	0
0	2
0	0
1	0
0	0
0	0
1	0
24	0
7	0
0	0
0	0
0	0
54	0
0	0
0	0
0	0
0	0
0	0
0	0
0	0
0	0
0	0
0	0
0	0
0	0
0	0
0	0
0	0
0	0
1	0
0	0
0	0
0	0
0	0
0	0
0	0
0	0
0	0
0	2
0	0
7	1
0	0
0	22
0	0
0	0
0	0
0	0
0	0
0	35
0	0
0	0
0	0
0	0
0	116
1	0
1	4
0	0
0	0
0	0
1	5
0	0
0	0
6	0
0	0
0	0
2	0
0	0
18	0
2	0
0	12
0	0
0	0
0	0
0	9
0	0
0	0
0	0
0	0
7	0
0	0
0	0
0	0
11	0
0	0
0	0
0	22
0	0
0	0
27	1
0	0
0	0
0	0
0	0
0	0
126	0
0	0
0	0
0	0
0	0
0	0
0	0
0	0
1	4772
0	0
0	0
0	0
0	0
0	1
0	0
0	0
0	0
0	0
0	0
31	1
0	0
6	0
0	0
0	0
0	40
0	0
0	0
0	0
0	0
0	0
0	0
0	0
5	0
0	0
0	0
0	0
0	0
0	0
0	0
0	0
0	0
0	0
2	0
0	0
0	0
45	3
0	0
0	0
0	0
0	0
0	0
0	66
0	0
0	0
137	10
0	1
0	0
0	0
0	0
0	0
0	0
0	0
0	0
0	0
0	0
0	0
2	0
0	0
0	0
0	0
0	0
0	0
0	0
0	0
0	0
0	0
0	0
0	0
0	0
0	0
0	0
0	5
0	0
0	0
0	0
0	0
0	0
0	0
0	0
0	0
0	0
0	5
0	0
0	4
0	0
0	0
0	0
0	0
0	0
0	0
0	3
0	0
0	0
0	0
0	1
0	0
0	0
0	0
0	0
0	0
0	4
0	146
0	0
0	0
0	0
0	0
9	0
0	0
0	0
0	0
0	0
0	0
0	46
0	0
0	0
0	0
0	0
0	0
0	0
0	0
0	0
0	121
0	0
10	0
0	0
0	0
0	0
0	0
9	0
0	0
0	2
9	0
0	0
0	0
0	0
0	0
0	0
0	10
0	0
0	0
0	0
0	0
0	0
0	0
0	0
0	0
0	0
0	0
0	0
2	0
5	0
0	0
0	0
0	0
0	0
0	0
0	4
0	2
0	0
0	0
0	0
7	0
0	0
0	0
0	0
0	0
0	0
0	0
0	0
0	0
0	0
0	0
0	0
0	0
2	0
0	0
0	0
0	0
1	1
2	0
22	0
42	0
0	0
36	0
0	0
0	0
0	0
0	1
0	0
0	0
0	0
0	0
0	15
1	295
0	0
8	0
0	0
0	0
0	0
0	0
0	0
0	0
0	0
0	0
0	0
0	0
0	0
0	0
1	0
0	24
0	0
44	0
0	145
0	0
0	40
0	0
0	0
0	0
0	0
2	0
0	0
0	0
0	0
0	40
0	26
0	0
0	0
0	0
0	0
0	53
0	0
0	0
1	0
0	0
0	0
2	0
0	0
1	1
0	0
29	0
0	0
0	0
0	1
0	0
0	0
4	0
0	0
0	0
0	0
0	0
0	0
31	0
0	0
0	0
0	0
25	0
0	0
0	0
0	0
0	0
0	0
1	0
0	0
0	0
0	0
0	0
7	1062
0	0
0	0
2	0
187	1537
41	0
0	0
0	0
0	0
0	0
38	0
0	0
0	0
0	0
0	1
0	0
0	0
0	0
0	0
0	1837
0	0
0	0
0	0
0	0
0	0
0	0
0	0
0	0
0	0
0	0
0	0
24	0
0	0
0	151
0	0
0	0
0	0
0	0
0	0
0	0
1	256
0	0
0	0
0	0
0	0
0	0
0	0
0	0
1	0
0	0
0	0
0	0
0	0
0	0
0	0
52	0
0	0
0	0
0	0
0	10
0	0
0	0
0	0
0	0
19	0
1	0
0	0
0	0
0	0
0	0
2	0
0	0
0	0
0	0
0	0
0	0
0	0
0	0
0	0
0	0
11	139
0	0
0	0
0	0
0	0
20	0
0	0
0	0
3	0
0	0
0	5
0	508
0	0
0	0
0	1
0	0
0	0
0	0
0	0
0	0
0	0
0	0
0	0
0	5
0	0
0	0
0	0
0	0
0	0
0	0
0	0
0	0
0	0
0	0
0	2
0	0
0	0
0	0
5	0
0	0
0	0
0	0
0	0
0	0
0	0
0	0
0	0
0	0
0	0
0	0
0	0
0	0
0	0
0	0
0	0
0	0
0	0
0	0
0	0
0	0
0	1
0	0
0	0
0	0
4	0
0	0
0	0
0	0
0	0
10	0
0	0
0	0
0	0
0	0
0	0
0	0
0	0
0	0
242	1007
0	0
0	0
0	0
0	7
0	1
0	0
0	0
0	0
0	0
0	0
0	0
0	0
0	0
0	222
0	58
1	359
0	1
0	263
0	0
0	0
0	0
0	0
6	0
0	0
0	0
1	7
0	0
0	39
0	0
0	0
0	0
0	0
1	0
3	18
0	0
0	0
0	0
0	0
0	0
0	0
0	0
0	0
0	0
0	0
0	0
0	0
0	0
3	0
0	0
0	0
0	0
0	0
0	0
0	0
0	0
0	0
0	0
0	0
0	0
0	0
0	1
0	2
0	0
0	2
0	0
0	0
0	0
0	0
0	10
16	0
0	0
0	0
0	0
0	0
0	0
0	0
0	0
0	0
0	0
0	0
0	0
104	1
0	0
0	0
0	0
0	0
0	0
0	0
0	6
0	0
6	0
0	1
0	0
2	0
18	207
0	0
0	0
0	0
0	0
0	0
0	0
0	0
0	1
0	0
0	0
0	0
369	0
0	0
0	0
0	0
0	0
0	0
0	0
0	0
0	0
0	0
0	0
0	0
0	0
0	0
0	0
0	0
0	0
0	0
0	6
0	0
0	0
0	0
0	0
4	0
0	1
0	0
0	102
0	0
0	0
2	0
0	0
0	0
0	0
114	0
10	0
0	0
0	0
0	0
0	0
0	0
0	0
0	0
0	0
0	0
0	0
0	0
1	0
0	184
0	0
0	0
0	0
0	0
0	0
0	1
0	0
0	0
0	0
0	0
0	0
0	0
0	0
0	0
0	0
0	0
0	0
115	191
0	0
0	0
4	13
0	0
0	0
0	247
0	0
0	0
0	0
53	0
0	17
0	0
0	0
2	0
28	0
3	0
1	0
0	0
0	0
0	0
0	1
0	0
0	0
0	0
0	0
16	0
0	0
0	0
3	0
6	15
0	0
0	0
0	0
0	0
0	3
0	0
0	0
0	0
0	0
0	0
0	0
0	0
2	8
0	0
0	0
0	0
0	0
0	0
0	0
0	0
0	0
0	0
0	0
0	0
0	0
0	0
0	0
0	0
5	0
0	4
0	6
0	0
0	0
0	0
0	0
0	0
0	0
0	0
0	6
2	0
0	0
0	0
0	0
31	0
0	0
0	0
0	0
0	53
0	0
0	2
9	0
0	1
11	5
0	0
1	0
0	0
0	60
0	0
0	1
0	0
0	0
0	0
6	18
0	0
0	0
0	0
0	0
0	0
0	0
0	5
0	0
0	0
0	0
0	0
1	0
0	0
0	0
11	938
0	0
0	0
0	0
0	0
0	0
0	0
0	1
0	0
0	0
0	0
0	0
0	0
0	0
0	0
0	0
0	0
0	0
0	0
0	0
0	0
0	0
0	32
0	0
0	0
0	0
0	0
0	0
0	121
0	0
0	3
0	0
0	0
0	0
0	82
0	0
0	0
54	144
3	0
0	0
0	0
0	0
0	0
0	0
0	0
0	0
0	0
0	0
0	0
0	0
0	0
0	0
6	0
0	0
0	0
0	0
0	0
0	0
0	0
0	0
0	0
0	0
0	0
0	0
0	0
10	0
0	0
0	0
0	0
0	0
11	811
0	0
0	7
0	0
0	7
0	0
0	0
0	0
0	0
0	0
0	0
0	19
0	0
0	0
0	0
0	0
0	0
0	0
0	0
9	0
0	2
0	0
0	0
0	0
0	0
0	0
0	0
0	0
0	0
0	0
0	0
0	0
0	0
0	0
0	0
0	0
0	0
0	0
0	0
0	0
7	0
0	0
0	0
0	0
3	0
0	0
0	0
0	0
0	0
0	0
0	0
0	14
0	0
0	0
0	0
0	0
1	0
0	0
0	0
15	0
23	26
0	0
0	0
0	0
0	0
0	0
23	0
0	0
0	0
0	0
7	0
25	0
0	0
0	0
0	0
0	0
0	122
0	0
0	0
0	0
0	0
0	0
0	34
0	0
0	0
0	0
0	0
0	0
4	0
0	0
0	0
0	0
0	0
0	0
1	37
0	0
0	0
0	0
0	0
0	0
0	0
0	0
0	0
0	0
0	0
0	0
6	0
0	0
1	0
0	2
0	3
0	0
0	0
0	0
0	0
0	0
0	0
0	0
0	3
0	0
0	0
0	0
0	0
0	0
0	0
0	0
27	0
2	0
0	0
0	0
0	0
0	0
0	0
0	0
0	0
0	0
0	0
0	163
0	0
0	0
0	0
0	0
0	0
0	0
0	0
0	0
0	0
0	0
0	0
0	1
0	0
0	0
0	0
2	0
0	0
24	104
0	0
0	409
0	0
0	22
0	1
0	0
0	0
0	0
0	0
0	0
0	0
0	0
0	0
2	0
0	0
6	0
0	0
0	0
0	0
0	0
0	0
0	0
1	48
0	0
0	0
4	0
0	0
0	0
0	2
0	0
0	0
0	0
0	0
0	0
0	0
0	0
0	0
0	1
2	512
0	0
0	0
0	0
21	0
0	0
7	14
0	0
0	0
0	0
0	0
0	0
0	0
0	0
0	0
0	0
0	0
0	0
0	0
0	0
0	0
0	0
0	2
0	0
0	12
0	0
0	0
0	0
1	50
0	0
0	0
0	0
0	0
0	0
0	0
15	0
4	0
0	0
0	0
0	0
0	0
0	2
0	0
0	0
0	0
0	0
0	0
0	0
4	0
0	0
0	0
0	0
0	0
0	0
0	0
0	7
2	0
0	0
0	0
0	0
0	0
0	0
0	0
0	0
0	0
0	0
0	0
0	0
0	0
0	1
0	0
0	0
0	11
0	0
0	0
0	0
0	0
0	0
0	0
0	0
0	0
3	0
0	0
0	1
0	0
0	12
0	0
0	0
0	0
0	0
0	0
0	0
0	1
1	4
0	0
0	0
0	0
0	10
0	0
0	0
0	1
0	0
0	0
0	0
0	0
0	0
0	40
0	12
0	0
0	1
0	0
0	0
2	0
0	0
0	0
0	0
0	14
0	13
0	14
0	2
0	0
0	0
0	0
0	0
0	0
0	0
0	0
0	0
0	0
0	32
0	0
0	0
0	1
0	1
0	0
0	1
0	0
0	0
0	0
0	1039
0	0
0	0
0	0
0	0
1	21
0	0
0	0
0	0
0	0
0	0
0	0
5	28
0	0
0	0
0	0
0	60
0	0
0	0
0	0
0	0
0	0
0	10
0	5
0	26
0	0
0	1
0	0
0	0
0	0
0	0
0	0
0	0
0	0
0	0
0	0
0	0
0	0
0	0
0	0
0	15
0	0
0	0
0	0
0	0
0	0
0	0
0	0
0	0
0	0
11	0
0	0
0	0
0	0
18	0
19	0
0	0
7	0
0	0
0	0
0	0
0	0
0	0
0	0
0	0
0	0
0	525
6	0
0	0
0	0
0	0
0	1
0	0
0	0
0	0
0	0
0	0
0	0
0	0
0	0
0	0
0	0
1	662
0	0
0	0
0	1
105	5
0	24
0	0
0	0
0	0
0	0
0	0
0	0
0	0
0	0
0	0
0	0
0	0
1	0
0	0
0	0
0	0
0	0
0	0
0	0
7	0
0	0
0	5
0	0
0	0
0	0
0	0
0	0
0	0
0	0
0	0
0	157
0	0
0	0
0	29
0	0
0	0
0	0
3	0
0	1
0	0
4	0
0	0
11	0
0	0
0	0
0	0
0	0
24	0
0	1
0	0
0	0
1	1
0	0
0	0
0	0
3	36
0	13
0	0
0	0
0	0
0	0
5	0
0	36
0	0
0	0
0	4
0	0
0	0
0	0
0	0
0	0
0	10
0	0
0	0
0	0
1	3
3	26
0	1
0	0
0	1
0	0
0	0
92	31
0	0
0	0
0	0
0	14
0	0
0	0
10	0
0	0
0	0
0	0
0	0
0	0
0	0
0	5
0	0
0	0
0	0
0	0
0	0
0	4
0	0
0	0
0	0
0	0
0	0
0	0
0	0
0	0
0	0
0	0
0	0
0	0
0	0
0	0
0	0
0	0
0	0
6	27
7	0
0	0
0	0
0	0
0	0
0	0
0	3
0	0
0	0
0	144
0	0
0	0
0	0
0	0
0	0
0	0
0	0
0	0
0	0
0	0
0	1
0	0
0	0
0	0
0	0
0	0
0	0
3	0
0	0
0	0
0	0
0	1
0	0
0	0
0	3
0	0
0	0
0	0
0	2
1	0
0	0
0	0
0	0
0	0
0	0
0	0
0	0
0	0
0	6
0	0
0	0
0	0
0	7
0	0
2	0
0	0
0	0
0	0
0	0
6	0
0	0
0	0
0	0
0	0
0	1
0	1870
0	0
0	0
0	0
0	0
0	0
0	0
0	0
0	0
0	0
0	0
0	0
0	1
0	70
0	0
0	0
0	0
0	0
0	0
0	0
0	0
0	0
0	0
0	0
0	0
0	0
0	8
0	0
0	0
0	0
0	0
0	0
0	0
0	0
0	0
0	2
0	0
0	0
0	1775
0	0
0	0
0	1
0	0
0	0
0	0
0	0
0	0
0	0
0	0
2	2
1	0
0	0
0	0
0	0
0	0
0	0
0	0
12	0
0	0
0	0
0	0
0	0
0	0
17	0
0	0
1	0
0	0
0	0
0	0
0	0
0	0
1	0
2	0
0	0
0	0
86	0
0	0
0	1
0	0
0	0
0	0
0	1
0	0
0	0
0	0
0	0
0	0
0	0
0	0
0	0
0	0
0	0
0	5
7	0
0	0
0	60
0	0
0	0
0	0
0	0
5	0
0	0
0	0
0	0
1	9
0	0
0	0
0	0
5	0
0	0
0	0
0	0
0	0
0	0
0	0
0	0
0	0
0	0
0	0
0	0
0	0
0	0
0	0
0	0
0	0
0	0
0	0
0	0
0	0
0	0
0	0
0	0
3	0
0	0
0	0
0	0
0	0
0	0
0	0
0	0
2	0
0	0
0	1
0	69
0	0
0	0
0	0
0	0
1	4
9	3724
12	0
0	0
151	1972
0	0
0	0
0	0
0	0
0	0
0	0
2	0
0	0
0	0
0	0
0	0
0	0
0	0
0	0
0	0
0	0
0	198
0	0
2	293
0	0
0	0
0	0
0	0
0	0
0	0
0	0
0	0
0	0
0	0
0	0
0	1
5	0
0	0
0	0
0	0
0	0
0	0
0	0
0	0
0	0
0	0
2	0
0	0
0	0
36	1
0	0
0	0
0	0
5	0
4	0
0	2
0	0
0	0
0	0
0	18
10	0
2	0
4	0
0	0
0	0
0	0
0	0
0	0
0	8
0	0
0	0
0	0
0	0
0	0
0	0
8	0
0	9
0	0
0	0
0	0
0	0
0	0
34	0
0	0
0	16
0	1037
0	0
6	0
0	0
0	0
0	0
0	0
0	0
0	0
0	73
0	0
7	0
0	0
0	0
11	0
0	2
0	0
0	0
0	0
0	0
0	0
0	0
0	0
0	2
4	0
0	0
0	0
0	0
0	0
0	0
0	0
2	0
0	0
0	0
0	0
0	0
1	0
0	0
0	0
1	0
0	0
0	0
0	0
25	3
1	0
15	0
0	0
7	0
0	0
0	0
0	0
0	0
6	0
0	0
0	0
0	0
0	0
0	0
0	10
0	33
0	0
0	0
0	0
0	0
0	0
0	0
0	0
8	0
22	0
0	0
0	0
0	0
0	0
0	0
0	0
0	0
3	10
0	0
0	0
0	0
11	376
0	0
0	0
0	0
0	0
0	0
0	0
0	0
0	1
0	0
0	1
0	0
0	0
0	0
14	873
0	0
0	1
0	0
0	77
10	0
0	0
0	0
0	0
0	0
2	0
12	0
0	0
0	0
0	0
0	0
0	0
0	0
0	0
0	7
0	0
0	0
0	0
0	26
0	0
7	0
0	0
0	0
0	0
4	28
0	0
0	0
39	57
0	0
0	0
0	0
0	0
0	0
0	0
0	1599
0	0
0	0
0	0
0	0
0	0
0	67
0	0
0	104
0	0
5	3
0	0
0	0
0	0
0	0
3	0
0	0
0	0
0	0
0	0
0	0
0	0
0	0
0	0
0	0
0	0
0	0
4	455
0	0
0	0
5	3
5	0
1	0
0	0
0	0
0	0
0	0
0	0
0	5
0	0
0	0
0	11
0	0
0	0
0	0
0	0
0	0
0	5
0	0
0	0
0	16
0	0
0	0
0	0
0	2
0	119
0	0
0	0
0	0
0	0
0	0
8	0
0	0
0	0
0	0
0	0
0	0
0	0
0	0
0	0
0	1
0	0
0	0
0	0
0	0
0	0
0	0
0	0
0	0
0	0
0	0
0	0
0	0
0	17
25	0
0	0
0	0
0	0
0	0
0	0
0	0
0	0
0	0
0	0
0	0
0	0
0	5
0	0
19	537
0	2
0	0
0	0
0	0
0	0
0	1
0	0
0	0
0	3609
0	0
0	25
0	0
0	0
0	0
0	1
0	0
0	0
13	0
0	0
3	345
0	0
36	0
0	0
0	4
0	0
0	12
0	0
12	1
0	33
0	0
0	0
0	0
0	0
0	0
0	0
0	0
0	0
0	0
0	0
0	0
0	0
0	0
0	0
0	0
0	0
0	0
0	0
0	0
0	0
0	0
0	0
0	0
0	0
0	0
0	0
0	0
0	0
0	0
0	0
0	0
0	0
0	0
0	0
0	0
0	0
0	0
0	0
0	0
2	0
0	0
0	0
0	0
0	0
0	0
15	0
6	0
0	0
0	0
0	0
0	0
0	0
0	0
0	0
4	0
0	0
0	4
0	0
0	0
0	0
0	0
0	39
0	0
0	0
0	0
0	0
0	0
0	0
0	0
0	0
0	0
0	0
0	0
0	0
0	0
0	0
0	0
0	0
0	0
0	0
0	0
0	0
0	34
14	0
0	0
7	0
0	0
0	0
0	0
0	37
0	0
0	2
0	0
0	0
0	0
8	0
0	0
16	0
0	0
0	0
0	1
0	0
0	0
0	0
0	0
0	0
0	0
0	0
0	0
0	0
1	2
0	0
0	0
0	0
0	0
0	0
0	0
0	0
0	0
13	0
0	88
0	0
0	0
0	0
0	0
1	0
0	0
0	0
0	0
0	0
0	0
0	0
0	0
0	0
0	0
0	11
0	0
0	41
0	0
0	0
0	0
3	0
21	2
0	0
0	0
0	0
0	0
0	0
0	0
0	0
0	0
0	0
0	0
0	1
0	0
0	0
0	0
0	0
0	0
0	0
0	93
7	0
0	2
1	0
0	0
0	0
0	4
0	0
0	0
0	282
0	0
0	0
0	0
0	69
0	0
0	0
0	0
0	0
0	0
0	0
0	0
0	0
0	152
0	0
0	0
0	0
0	0
0	0
0	0
1	0
0	0
0	0
0	0
0	0
0	0
0	0
0	0
0	326
0	0
0	0
0	0
0	0
25	2009
0	0
1	28
0	0
0	0
0	96
136	420
0	0
48	0
0	0
22	0
0	0
0	0
0	0
0	0
0	0
0	0
0	0
0	0
0	0
26	0
3	0
0	81
14	24
0	0
0	0
0	0
0	0
0	1
0	0
0	0
0	0
0	0
0	1
0	0
0	0
0	0
0	0
0	1
0	0
0	0
0	0
0	0
0	6
0	0
0	32
0	1616
0	0
0	0
0	0
0	0
0	0
0	0
0	0
0	0
0	0
0	0
0	0
6	396
0	0
1	510
0	0
0	1
0	0
0	0
0	0
0	0
0	0
0	0
0	0
39	0
0	0
0	0
0	0
0	0
0	0
0	5
0	0
0	0
0	0
0	0
0	0
0	0
0	0
0	0
0	0
0	0
0	0
0	0
0	0
0	0
0	0
0	0
0	0
0	0
0	0
1	0
0	0
0	0
0	0
0	0
0	0
0	0
0	0
0	3
0	0
0	0
0	0
59	0
0	0
0	0
0	0
0	0
0	0
0	0
0	0
0	0
4	0
0	5
0	0
0	1
0	0
0	0
0	0
0	0
0	1
0	0
0	0
0	0
4	0
0	0
0	0
0	0
0	0
0	0
0	0
0	0
0	0
0	0
0	1
0	0
0	0
0	0
0	0
0	0
0	0
0	0
0	0
4	0
0	0
16	0
0	0
0	0
0	0
0	0
0	0
0	0
0	0
0	0
0	0
0	0
0	0
0	0
0	0
0	0
0	0
0	0
5	0
0	0
37	0
0	0
0	10
0	0
0	0
0	0
0	0
0	0
0	0
0	0
0	0
0	0
0	0
0	0
1	0
0	0
0	0
0	0
0	0
0	0
0	0
0	0
0	1
0	0
0	0
0	0
0	2
0	0
0	0
0	0
15	0
0	12
0	0
0	0
0	0
0	0
0	0
2	0
0	0
0	0
0	0
0	0
0	0
0	0
140	0
64	0
0	0
0	0
0	1
1	0
0	0
6	343
8	0
0	0
0	0
0	0
0	0
0	0
0	0
0	0
0	0
10	26
0	0
3	1245
0	0
0	0
0	0
0	28
0	51
0	0
0	0
0	0
46	0
0	0
0	0
0	0
0	0
0	0
0	0
0	0
0	0
0	0
0	0
0	0
0	0
0	0
0	0
0	0
0	0
0	0
0	0
0	2
0	0
13	0
0	0
0	1
0	1
0	0
0	2
0	0
0	0
5	0
2	0
0	0
0	0
0	0
0	0
1	0
0	0
0	0
6	0
12	0
0	0
0	0
0	19
0	0
0	0
0	1
0	0
0	0
0	0
0	0
0	0
0	0
12	0
0	0
0	91
0	0
0	0
0	0
17	0
0	0
0	0
0	0
0	808
0	0
0	0
0	4
0	0
0	0
0	0
0	0
0	0
0	0
0	0
0	0
2	0
0	0
0	0
0	0
0	0
1	1
40	0
0	0
0	0
0	1
0	0
0	0
0	0
0	0
0	106
0	0
0	0
0	0
0	0
0	8
0	0
0	0
0	0
4	0
0	0
0	0
0	125
0	0
0	2
2	0
0	0
0	0
0	0
0	0
0	0
0	0
0	0
0	0
0	1
0	9
5	11
0	0
0	0
2	0
0	0
0	0
0	0
0	0
0	0
0	1
0	4
0	0
0	0
0	0
0	0
0	0
0	0
0	0
0	0
0	0
0	0
0	0
0	100
0	0
0	0
0	0
0	0
0	0
0	0
0	0
0	0
0	0
0	0
0	0
0	0
0	7
0	0
0	0
0	0
0	0
0	0
0	0
2	0
0	0
0	36
0	0
0	0
0	0
0	0
0	0
2	0
0	0
0	0
0	0
0	0
0	0
0	50
0	0
0	0
0	0
0	0
0	1
0	0
16	0
0	9
0	0
0	0
0	0
0	0
0	0
10	49
0	0
0	0
0	0
0	0
0	0
0	10
0	0
2	0
0	0
0	0
81	0
0	0
0	0
0	0
19	7
0	80
0	0
1	168
123	0
28	0
0	0
2	1781
0	1
0	0
0	0
2	325
6	0
0	0
0	0
5	0
0	1
12	0
0	0
0	0
0	0
0	0
0	143
0	1
0	0
0	0
0	0
0	0
25	2
0	0
0	0
0	1
0	0
0	0
0	0
0	0
0	0
0	0
0	0
0	0
0	0
1	0
0	0
0	0
0	0
0	0
0	0
0	0
0	0
0	0
0	0
6	0
0	0
0	0
0	0
0	1
0	0
7	0
0	0
0	0
0	0
0	2
0	0
0	0
0	0
0	1
0	0
0	0
0	0
0	0
0	0
0	0
0	0
0	0
0	0
0	0
0	0
0	0
0	0
11	4
0	0
0	0
0	0
0	0
0	0
0	0
0	0
0	0
0	0
0	0
0	0
0	0
0	0
0	0
0	0
0	0
0	0
0	0
0	0
0	0
0	0
0	0
0	0
0	0
0	0
0	1
0	0
5	0
0	0
0	0
0	1
23	0
0	0
0	0
0	0
33	22
0	0
0	0
0	2
0	1
0	0
0	0
0	0
0	0
0	0
0	0
0	0
0	0
0	0
0	3
1	0
0	0
0	0
0	0
0	0
0	0
0	0
0	0
0	0
0	0
0	0
0	0
0	0
5	0
0	0
0	0
0	0
0	0
0	0
0	0
3	0
0	0
0	0
0	0
0	0
0	0
0	9
0	4
0	65
1	0
0	0
0	0
0	0
0	0
0	0
0	0
0	0
3	0
0	0
0	5
0	0
0	0
0	0
0	0
0	0
0	0
0	0
13	0
4	0
0	0
0	2
0	0
0	0
0	0
0	0
6	1
0	0
0	0
0	0
0	0
0	0
0	262
0	0
0	0
0	0
0	0
0	0
0	0
0	0
10	0
0	0
0	0
0	0
57	0
0	52
0	0
0	0
0	0
0	0
0	0
0	0
0	0
11	266
0	0
0	137
0	0
28	0
0	0
0	0
0	0
0	0
0	0
0	0
15	89
0	0
0	0
0	0
0	0
0	0
0	0
14	11
0	0
0	0
0	0
0	0
0	0
0	0
1	0
0	0
0	0
0	0
0	0
0	0
2	0
0	0
0	0
0	0
0	0
9	104
0	0
0	0
0	0
0	0
0	0
0	0
10	0
0	0
12	0
0	0
0	0
0	0
0	0
0	0
0	0
0	0
0	0
0	0
0	0
4	0
0	0
0	0
0	0
0	0
0	0
0	0
0	0
28	0
11	0
0	0
0	0
0	0
0	0
0	0
0	1
0	0
0	0
0	0
0	19
0	0
471	0
0	0
0	0
0	0
0	0
0	0
0	0
0	0
0	0
0	0
2	0
0	0
0	0
0	0
0	0
0	0
0	0
0	0
0	0
0	0
0	0
0	0
4	0
0	0
0	0
19	0
0	0
0	5
0	0
13	15
0	0
0	0
0	0
0	0
0	0
0	0
0	0
0	0
0	0
0	0
0	0
0	0
0	0
0	0
0	75
0	0
0	0
0	2793
0	0
0	0
0	0
0	0
0	0
0	0
0	0
0	0
0	0
0	0
0	0
0	0
0	0
0	5
3	0
0	0
0	0
0	0
0	0
0	0
0	0
0	0
0	0
5	0
0	0
0	0
0	0
0	1
0	0
0	0
0	0
0	0
0	0
0	0
0	7
0	1
0	0
0	0
0	0
0	0
0	0
0	0
2	5
0	0
0	0
0	0
0	0
0	0
0	0
0	992
0	0
0	0
0	0
0	0
0	0
0	0
0	0
10	0
0	0
0	0
0	0
0	0
0	0
0	0
0	0
0	0
0	0
0	13
0	0
7	0
0	0
0	0
0	0
0	0
0	0
90	0
0	0
23	0
0	0
0	120
0	0
0	0
0	0
0	0
0	0
0	0
0	18
0	0
0	0
0	0
0	0
0	0
0	0
1	58
0	3
0	6
0	0
1	23
0	0
0	0
0	0
0	0
0	0
0	0
0	0
0	0
0	0
0	0
0	0
0	0
0	0
0	0
0	0
0	0
0	0
0	2
0	0
0	0
0	0
0	0
0	0
0	0
0	0
0	0
0	0
0	0
23	0
14	3
0	0
0	0
6	0
0	0
0	0
0	0
0	0
0	0
0	0
0	0
0	0
0	0
0	0
0	0
7	0
0	0
0	0
0	0
0	0
0	0
0	0
0	0
0	13
0	5
0	0
0	0
0	2
0	12
0	0
0	0
0	0
0	1
0	0
0	0
0	0
0	0
0	0
0	0
0	0
0	0
0	0
0	0
0	0
4	11
0	2
0	0
0	0
0	0
0	0
0	4
0	0
0	0
0	0
0	259
0	0
0	0
0	0
0	0
0	0
0	0
0	0
7	3
0	0
4	0
0	0
0	0
0	0
0	0
0	0
11	0
0	0
0	0
0	84
1	29
0	0
0	0
0	0
0	0
9	0
0	0
0	0
0	0
0	0
0	0
0	0
0	0
0	0
6	0
0	0
0	0
0	0
0	0
0	2
0	0
0	0
0	0
0	0
0	0
1	723
0	0
0	0
0	0
1	0
4	0
0	0
58	148
0	0
0	0
0	0
0	0
0	0
0	0
0	0
0	0
0	0
0	0
0	0
0	0
0	0
8	0
0	0
0	0
0	0
0	0
0	0
0	0
0	0
0	50
0	0
10	0
0	0
0	0
7	0
0	0
0	0
0	0
0	0
0	0
0	0
0	0
0	0
0	0
15	2
0	0
0	0
0	0
2	0
7	0
0	8
0	0
0	0
5	0
0	0
0	7
0	0
0	0
0	0
0	0
0	0
0	0
0	0
0	0
0	0
0	0
0	2
0	0
0	0
0	0
0	0
75	0
0	0
0	250
0	0
0	0
0	0
0	0
0	86
0	1
0	0
0	7
0	0
6	0
0	0
0	0
0	0
0	0
0	0
0	0
0	0
0	0
0	0
11	127
0	0
0	0
0	145
0	0
0	0
0	0
0	0
0	0
0	0
0	0
0	0
0	0
12	0
0	0
0	0
0	0
0	1
0	0
0	0
0	0
0	0
0	0
2	0
0	0
0	0
0	0
0	0
0	0
0	0
5	36
0	0
0	0
1	20
0	0
0	0
0	0
0	5
0	0
46	0
0	0
0	0
0	0
0	0
1	214
0	0
0	0
0	1
0	0
0	0
0	0
0	0
0	0
0	0
5	4
0	0
0	0
0	0
0	0
0	0
0	0
0	0
0	0
0	0
1	0
0	0
0	1
0	0
0	0
3	0
0	0
0	0
0	0
0	1
0	0
0	0
0	0
0	0
0	0
0	0
0	0
0	0
0	0
8	0
0	0
0	0
0	0
0	0
0	0
3	0
0	30
17	0
0	0
0	0
0	33
0	0
0	0
0	0
0	0
0	0
0	0
0	0
0	0
0	0
1	0
0	0
76	9
0	0
0	0
0	1
19	0
0	0
3	0
0	0
0	0
0	0
0	0
0	0
2	0
0	0
0	0
0	0
0	262
9	0
0	0
7	0
0	0
0	0
0	0
0	0
0	8
0	0
0	0
0	0
1	0
0	0
0	0
0	0
0	191
12	7
0	1
0	0
0	0
14	0
0	0
0	0
0	0
0	0
13	0
0	1
0	0
0	0
0	0
0	0
0	0
0	0
0	0
0	0
0	0
0	4
0	0
0	0
16	23
0	0
0	0
10	0
0	0
0	0
0	1
0	0
0	0
0	25
0	0
0	0
0	0
0	0
0	0
0	0
0	0
0	0
0	0
0	0
0	0
0	0
0	0
0	34
0	0
0	0
0	0
0	0
0	0
0	0
0	0
0	0
0	0
0	0
0	0
0	0
0	0
4	183
0	0
0	1
0	0
0	0
0	0
0	67
0	0
0	0
0	0
6	0
0	0
0	0
0	0
0	15
139	0
0	0
2	0
0	0
6	0
0	0
0	0
0	0
0	0
0	0
0	0
0	2
0	0
0	0
0	0
0	0
0	0
0	0
1	0
0	0
0	0
0	0
10	23
0	0
0	0
0	0
0	0
0	0
0	357
0	0
0	0
0	0
0	0
0	0
0	0
0	0
26	0
0	0
0	2
0	0
0	0
0	0
0	0
0	0
0	0
0	0
0	0
0	0
0	0
0	0
0	0
0	0
0	0
0	2
0	0
0	8
0	0
0	0
0	0
0	0
0	0
0	0
0	0
0	0
4	0
0	0
0	0
0	1
0	0
24	42
0	0
17	1
0	0
0	0
0	1
0	0
0	0
0	0
27	0
6	0
4	0
3	0
0	0
1	0
0	0
0	0
0	0
0	0
0	1
10	0
0	0
0	0
0	0
0	0
11	5
0	0
0	0
0	0
0	0
0	0
0	0
0	0
0	0
0	0
0	0
11	0
0	0
0	0
0	0
0	0
0	0
0	203
0	32
0	0
0	0
0	0
0	0
0	0
0	9
0	0
0	0
0	0
0	0
0	0
0	0
0	0
0	0
0	0
0	0
0	0
0	0
0	0
0	0
0	0
0	0
0	0
0	0
0	38
0	0
0	0
0	4
66	55
0	0
0	49
0	0
0	6
0	0
21	0
5	0
0	0
8	0
0	0
16	0
0	0
0	0
0	0
0	0
0	0
0	0
0	0
0	0
0	0
0	0
0	0
5	0
0	0
0	0
8	0
0	0
0	0
2	0
0	0
0	0
0	0
9	0
0	0
1	2743
0	0
0	0
0	1
4	964
0	14
0	0
0	0
0	0
0	0
2	0
0	0
0	0
0	0
0	0
0	0
0	0
0	0
0	0
0	0
0	0
0	0
0	0
0	0
0	0
0	0
0	0
0	0
0	0
0	0
0	0
5	14
15	0
0	0
0	6
0	0
0	0
0	0
0	0
0	0
0	0
0	1
0	3
0	0
0	1
0	0
0	0
0	0
0	0
0	0
0	0
0	0
0	0
0	0
9	0
0	0
0	0
11	0
3	0
0	0
64	0
0	0
0	0
0	0
0	3
0	0
0	0
21	0
0	0
0	0
0	0
0	0
0	0
0	0
0	0
0	0
0	5
0	0
0	0
0	0
0	0
0	0
0	0
0	0
0	0
0	0
0	0
0	0
0	0
0	7
0	0
0	0
0	0
0	0
0	0
0	0
2	0
0	8
0	0
0	0
0	55
0	0
0	0
0	0
0	0
0	0
0	0
0	5
0	0
0	0
0	0
0	0
0	0
729	13
0	0
2	0
0	0
0	0
0	0
0	0
0	0
3	1
0	0
0	0
0	0
0	0
0	22
0	0
0	2
0	0
0	0
0	0
0	0
0	0
0	0
0	0
0	0
0	0
0	0
0	0
0	0
0	0
0	0
0	0
6	267
0	0
0	0
0	1
0	0
0	0
0	0
0	0
0	0
0	0
0	0
0	0
0	0
0	0
0	0
0	2
0	8
0	1
0	0
0	0
0	0
0	0
0	0
0	0
0	0
0	0
0	0
0	0
15	0
0	0
0	0
0	0
0	0
1	0
3	1
0	0
0	0
0	0
0	0
0	6
0	0
0	0
0	0
0	0
0	0
0	0
0	1
0	0
0	0
0	0
0	0
0	0
0	0
0	0
0	55
0	0
0	0
1	0
0	0
0	0
0	0
0	0
0	0
0	0
0	0
0	0
0	0
0	0
0	0
0	0
2	8246
0	0
0	0
0	18
4	0
0	0
0	0
0	0
0	0
0	0
22	0
0	0
0	0
0	0
0	0
0	0
0	0
0	0
1	0
0	0
0	0
0	0
0	0
0	0
0	0
1	3
0	0
0	0
0	7
4	0
6	0
5	0
0	0
0	0
4	1
0	0
0	0
0	0
0	33
12	0
0	0
0	7
1	0
0	0
0	0
0	0
0	0
0	22
0	1
0	0
0	0
0	0
0	0
0	0
0	0
0	0
0	0
0	0
0	0
0	0
0	3
0	0
0	0
0	0
0	0
0	0
0	0
0	0
0	0
0	0
0	0
3	0
0	0
0	0
9	0
0	0
0	0
0	0
0	0
0	0
0	0
0	0
0	0
0	4
0	0
0	0
5	0
0	0
0	0
0	44
0	0
0	1
0	0
0	0
0	10
0	0
0	0
0	0
0	1
0	0
44	0
0	0
0	0
0	4
0	0
0	0
0	1
0	1
0	0
0	0
0	0
0	0
2	0
0	0
0	0
0	0
0	0
19	2
3	0
0	1
0	0
0	0
0	0
0	0
0	0
0	0
0	117
0	3
2	0
0	0
0	0
0	0
0	0
0	0
0	0
0	0
118	0
0	0
0	0
0	0
0	0
0	0
0	15
0	0
0	0
0	2
0	0
3	0
0	0
0	0
0	0
0	131
0	0
4	0
0	0
0	0
0	0
0	0
0	0
0	0
4	0
0	0
0	0
0	0
0	0
0	0
0	0
0	0
0	0
0	0
0	0
0	0
1	0
2	86
10	2
0	0
0	0
0	1
0	0
0	0
0	0
0	0
0	0
0	0
2	197
0	0
0	1
0	0
0	0
0	0
0	2
0	81
0	0
0	0
0	0
0	0
0	0
0	0
0	0
0	0
11	0
0	0
0	0
0	0
0	0
0	0
11	0
0	0
0	0
0	0
1	8
0	0
0	0
0	0
0	0
0	0
6	0
0	0
31	0
0	0
0	4
0	0
0	0
0	0
0	0
2	0
0	0
0	0
0	1
0	0
0	0
0	0
0	1
0	0
0	0
0	0
0	0
0	0
0	0
0	0
3	0
1	1
0	4
1	0
0	0
0	0
0	0
0	0
0	0
0	0
0	0
0	0
0	0
45	75
0	0
0	0
0	1
0	0
0	0
0	0
0	0
0	0
0	0
0	0
0	0
0	0
0	0
0	0
0	0
0	0
0	0
0	0
0	0
4	1
0	0
0	0
0	0
0	0
0	0
0	0
0	0
2	0
0	0
0	1
0	2
0	0
0	0
0	11
0	0
0	0
2	0
0	193
0	1
4	0
0	2
0	0
6	0
0	0
0	0
0	0
0	0
0	0
0	0
0	0
0	0
0	0
0	0
0	0
0	0
0	0
0	0
0	0
0	1
0	2
0	0
0	0
0	0
0	0
0	0
0	0
0	0
0	0
15	440
2	0
0	0
0	0
0	0
0	0
0	2
11	0
0	0
0	0
0	0
0	0
0	0
0	0
0	0
0	0
3	0
0	0
0	32
0	0
0	0
0	2
0	0
0	0
0	1
0	0
0	0
0	0
0	0
0	0
0	0
0	0
0	1484
4	0
0	0
0	0
0	22
52	0
0	0
6	25
1	0
0	0
0	0
0	0
0	0
0	50
0	0
0	0
12	0
0	790
0	0
0	8
0	0
0	0
0	0
0	0
0	0
0	0
0	0
0	0
0	0
0	0
1	0
0	0
0	0
0	0
0	0
0	0
5	0
0	15
0	0
0	0
0	0
0	0
0	0
1	0
0	0
0	0
0	0
0	0
0	0
1	374
0	0
0	106
0	0
0	0
0	0
0	0
0	0
0	0
0	0
0	0
0	0
0	0
6	1
0	0
0	0
0	0
0	0
0	0
0	0
0	0
0	0
0	0
0	0
14	0
1	5
0	0
0	0
3	0
17	0
0	0
0	0
0	0
2	0
0	0
0	0
0	0
0	0
0	0
0	0
0	0
0	0
18	0
0	0
0	0
0	1
0	0
3	30
3	0
0	0
0	0
0	4
0	0
0	0
0	0
0	0
0	0
0	0
0	0
1	0
0	0
0	0
0	0
0	0
0	0
0	0
0	0
0	0
0	43
0	4
0	0
0	0
0	0
0	0
0	0
0	0
0	0
0	2
0	0
0	0
0	0
0	0
0	0
1	0
0	2
0	0
0	4
0	0
0	0
0	0
0	0
0	0
0	0
0	0
0	0
9	20
0	0
0	0
0	0
0	0
0	147
0	0
0	0
0	0
0	0
32	0
0	0
0	0
0	0
0	0
0	0
0	0
0	0
0	0
0	0
0	0
0	0
0	0
0	0
0	0
0	0
0	2
0	0
0	2
0	0
0	0
0	0
0	0
0	0
0	0
0	0
0	0
0	0
0	5
0	0
0	5
0	0
0	0
0	0
0	0
0	0
0	0
0	0
0	0
0	0
0	0
0	0
0	0
0	0
0	0
0	0
0	0
0	0
0	0
0	55
0	0
11	0
0	0
0	0
0	0
0	0
0	0
0	0
0	0
0	0
2	0
0	0
0	7
0	0
1	58
0	0
0	0
0	0
0	0
0	0
0	0
0	95
0	0
2	0
0	294
0	0
0	0
0	0
0	0
0	0
0	0
3	0
0	0
0	0
0	0
29	0
0	0
0	0
0	0
0	0
0	7
0	0
0	419
0	0
0	0
0	1
5	107
0	0
0	0
0	0
0	0
0	1
0	0
0	0
0	0
0	0
0	0
0	0
0	0
0	0
6	0
0	180
0	26
0	0
8	0
0	0
0	0
6	0
0	26
1	0
0	0
0	0
0	0
0	0
0	0
0	0
0	0
0	0
0	0
0	0
1	14
0	0
0	0
0	0
0	0
0	0
0	0
0	0
0	0
0	0
0	0
0	1
0	0
0	2
17	32
0	0
0	3
0	0
0	0
0	0
0	0
0	0
0	0
0	0
0	0
0	0
2	0
0	0
0	0
0	0
0	0
0	0
0	0
0	0
0	0
0	0
0	1
0	0
0	0
0	0
0	0
0	0
0	0
0	0
5	0
0	0
0	7
0	0
26	181
41	0
0	0
0	0
0	0
0	0
0	0
0	2555
0	0
0	0
0	0
0	0
0	0
1	0
0	0
0	0
2	366
0	0
0	0
0	0
0	0
0	0
0	0
0	0
0	0
0	0
0	2
0	0
0	0
0	0
0	0
0	0
0	0
0	0
0	0
0	0
4	0
0	0
0	0
0	0
0	0
0	0
0	0
0	0
0	0
0	0
0	0
5	0
0	0
0	23
0	0
0	0
0	0
0	0
0	0
0	0
0	1
0	0
0	0
0	2
0	0
0	81
0	0
0	0
0	0
0	0
0	0
0	0
0	0
0	0
0	0
0	0
0	0
0	0
0	0
0	0
1	0
20	0
0	0
0	0
0	0
0	0
0	0
0	0
0	0
0	0
0	0
8	0
0	0
0	0
0	0
0	0
0	0
0	0
0	0
0	0
0	0
0	0
0	0
14	0
2	0
7	0
0	0
0	0
0	0
0	0
0	0
0	0
0	0
0	0
0	0
0	0
0	0
0	0
0	0
0	0
0	0
0	0
0	0
0	2
0	0
0	0
0	0
0	0
0	0
0	0
0	0
0	0
64	74208
0	0
0	0
0	0
0	0
0	0
0	0
0	0
1	0
0	0
1	2838
0	0
0	0
0	0
0	0
0	0
0	0
0	0
0	0
0	0
0	0
0	0
0	0
0	0
0	0
0	0
0	0
0	0
0	0
0	0
0	0
0	2
0	0
0	0
0	0
0	0
0	0
13	0
0	0
0	0
0	0
0	0
0	0
0	0
0	0
0	0
0	0
0	0
0	0
2	0
2	0
0	0
0	27
0	0
0	0
0	0
0	0
0	0
0	0
31	55
1	0
0	0
17	1219
0	0
0	0
0	0
0	0
19	0
0	0
0	0
0	0
0	0
0	0
0	17
0	0
0	0
0	0
0	0
0	0
0	351
4	3
0	3
0	0
0	0
0	0
0	0
0	0
0	0
0	0
0	0
0	0
1	702
0	0
0	0
0	0
0	0
0	0
0	0
0	0
0	0
0	0
0	0
0	0
0	0
0	0
0	0
0	0
0	0
0	0
0	0
0	43
0	0
0	0
0	0
0	0
0	0
0	0
0	0
0	0
0	7
0	0
0	10
8	0
0	0
0	0
0	0
0	0
0	0
6	0
0	0
10	0
0	0
0	0
0	0
0	0
0	0
1	19
4	0
0	0
7	0
0	0
13	0
0	0
0	0
0	0
0	0
0	0
0	1
0	0
0	0
0	0
0	0
0	35
0	0
0	0
0	0
0	0
0	0
0	0
0	0
0	0
0	2
0	1
0	0
1	0
0	1
0	0
0	1
10	0
3	0
0	0
0	0
0	0
0	0
0	0
0	0
0	0
8	0
12	4
0	0
0	0
0	1
6	0
4	0
0	0
0	1
0	0
0	0
0	0
0	0
0	0
0	0
0	62
0	0
0	0
0	0
0	0
0	0
0	0
0	0
0	0
0	0
0	0
0	0
0	0
0	0
0	0
0	0
7	0
0	0
0	0
0	2
0	0
0	0
0	0
15	0
0	0
0	0
0	0
0	383
0	0
0	0
0	0
0	0
0	132
23	0
0	0
0	1
0	8
0	0
0	0
0	0
0	0
7	0
28	18
0	0
0	0
0	0
0	32
0	2
0	0
0	0
0	0
0	0
0	0
0	0
0	0
0	0
0	0
0	0
0	0
0	0
0	0
0	0
0	0
0	0
17	0
0	0
0	0
7	4
0	0
0	0
0	0
0	0
2	404
0	0
4	5
0	0
0	0
0	0
0	0
4	0
0	0
0	0
0	0
0	0
0	0
0	0
0	0
0	0
0	6915
0	0
0	0
4	0
9	16
0	0
0	0
0	0
0	0
0	0
0	1
59	0
0	4
0	0
6	0
0	0
0	0
0	0
0	0
0	0
0	0
0	0
2	0
0	0
0	0
0	0
0	0
0	0
0	0
0	4
14	0
1	0
0	0
6	0
0	0
0	0
0	0
0	0
0	0
0	0
0	0
10	0
0	0
0	34
0	15
10	0
0	0
2	0
8	0
0	0
0	0
0	0
0	0
0	0
0	0
1	0
0	0
0	0
2	0
0	1
0	0
0	0
0	6
0	0
0	0
0	0
749	157
175	29
4	0
729	21
115	113
0	0
6	1
1025	763
0	0
0	336
0	0
0	0
19	0
0	535
0	0
0	0
0	0
0	0
0	0
0	0
0	0
0	0
0	0
0	0
0	0
0	0
0	0
0	0
0	0
1	0
5	1
0	0
0	0
0	0
0	0
0	0
15	0
0	0
0	0
0	0
0	0
0	0
0	0
0	0
0	0
176	0
69	0
0	0
8	273
0	0
0	0
0	0
0	0
0	0
0	0
0	0
0	0
0	0
0	0
0	0
0	0
0	1
0	0
0	0
0	1
0	0
22	1
0	0
0	0
0	0
0	2
0	0
0	0
0	0
0	24
0	0
0	0
0	0
0	0
0	0
0	0
30	439
0	7
0	0
0	0
0	0
0	0
1	1326
0	0
0	0
2	0
11	0
0	0
13	0
0	0
0	0
0	0
0	0
0	1
0	0
0	0
0	22
0	0
0	0
0	0
0	0
4	0
1	0
0	0
0	0
0	0
0	0
0	0
0	0
14	1
0	0
0	8
0	19
18	41
0	41
0	0
0	0
0	0
4	0
16	0
0	1
0	0
0	0
0	0
0	0
0	0
7	0
0	0
6	0
12	0
0	0
0	0
0	0
0	0
0	0
0	0
0	0
0	0
0	0
0	0
0	0
44	22
0	0
0	0
0	0
0	0
0	0
0	0
0	0
0	0
88	0
0	0
0	0
0	0
0	0
0	0
0	0
0	0
0	0
0	0
0	0
0	0
0	0
0	0
0	0
0	0
0	0
0	0
0	0
0	0
0	0
0	0
0	0
0	0
0	0
0	0
0	0
0	0
0	0
0	0
0	0
0	0
47	57
0	0
0	0
0	0
0	0
0	0
0	65
0	0
0	0
0	0
0	0
0	0
0	0
0	0
0	0
0	54
0	3
0	0
0	0
0	1
0	0
0	0
0	0
0	0
0	0
0	0
0	0
1	163
9	0
0	0
0	0
0	0
0	0
0	8
0	137
0	0
7	0
0	0
0	0
0	4
0	0
0	0
0	0
0	0
9	33
0	0
0	1
0	0
0	0
0	0
0	0
0	0
0	0
0	0
0	0
6	0
0	90
3	0
0	0
0	0
0	0
4	3
0	0
0	0
0	0
0	0
0	0
0	0
2	0
0	0
0	0
0	0
0	0
0	0
0	0
0	8
0	0
7	0
0	0
0	0
3	0
0	0
0	0
0	0
0	0
0	0
0	0
0	0
0	0
0	0
0	0
0	0
0	0
0	0
0	0
0	0
0	0
0	0
0	0
0	0
0	0
0	0
0	0
0	0
0	0
0	0
0	4
0	0
0	0
0	0
0	0
0	0
0	0
16	8
0	0
0	0
0	9
44	0
0	0
0	0
0	0
0	0
0	0
0	0
0	1
0	0
0	0
0	0
0	0
0	0
0	2
0	0
0	0
0	0
0	0
0	0
0	0
0	0
0	0
0	0
0	0
0	0
0	0
0	0
0	0
0	0
0	0
10	23
0	0
0	0
0	0
0	0
0	0
0	0
0	0
0	0
23	3
7	1
0	0
0	0
0	0
0	0
0	13
0	1
0	0
0	0
0	47
0	0
0	0
0	0
0	0
0	0
0	0
0	0
0	0
2	0
0	0
0	0
0	0
0	0
0	0
0	0
0	0
0	42
0	0
0	0
0	0
0	0
0	0
0	0
0	0
0	0
0	0
0	0
17	11
44	21
0	0
0	0
0	48
0	1
0	0
0	0
0	12
0	0
0	58
0	0
0	0
0	0
35	0
0	0
0	0
0	0
0	0
0	0
0	0
0	0
3	0
0	0
0	0
0	0
0	0
0	0
0	0
14	0
9	0
0	4
0	0
0	0
0	0
0	0
0	0
18	33
0	0
0	0
0	0
0	0
0	0
0	0
0	0
0	0
0	0
3	0
0	0
0	0
0	0
3	0
6	0
17	7
0	0
0	0
0	0
0	0
0	0
0	0
0	0
0	0
0	0
0	0
0	0
0	1
8	0
0	0
0	0
0	0
0	0
0	0
0	62
0	0
0	13
0	0
0	0
6	143
0	0
1	0
0	0
0	0
0	0
0	0
0	0
0	0
0	0
0	0
0	0
0	0
0	0
0	0
0	0
0	0
0	0
0	0
0	0
0	0
0	0
0	0
0	0
0	0
0	0
0	0
0	0
0	0
0	0
0	0
0	0
0	0
8	0
6	2
2	0
0	0
0	0
0	0
0	0
0	0
0	0
0	0
0	21
0	0
0	1
0	0
0	0
0	2
0	0
0	0
0	0
0	0
0	0
0	0
0	0
0	2
0	0
9	0
0	0
0	0
0	0
0	499
0	0
0	0
0	0
0	0
0	0
0	0
0	0
56	0
19	0
0	0
0	1
0	0
0	0
0	0
0	0
0	1
0	0
0	0
3	0
0	0
0	0
0	2
0	0
0	0
0	0
0	0
0	0
0	0
0	0
0	0
0	0
4	2
0	0
0	0
0	0
0	0
0	0
0	0
0	0
0	0
0	0
0	0
0	0
0	0
0	0
0	1
0	5
0	0
0	0
0	0
1	63
0	6
0	35
0	0
0	0
0	0
0	0
9	0
0	0
0	0
0	0
0	0
0	0
0	0
0	0
0	0
0	0
0	0
23	3
0	0
0	0
0	0
0	0
0	0
17	1
0	0
0	0
0	0
0	0
0	0
3	99
0	0
0	0
0	0
8	0
0	0
0	0
9	0
1	0
0	0
0	0
0	0
0	0
0	0
0	0
0	0
0	0
0	1
0	0
0	0
11	0
0	0
0	0
0	0
0	0
0	0
0	0
0	0
0	7
0	0
0	0
0	0
0	0
0	129
0	0
0	4
0	0
0	0
0	0
0	0
0	0
0	0
0	0
0	0
0	0
0	0
0	0
7	1
0	0
17	0
0	0
0	0
0	0
0	0
0	0
0	0
0	0
0	0
0	0
0	0
0	39
0	0
0	1
0	0
0	0
0	0
5	99
0	0
0	0
0	0
0	0
3	0
14	166
0	0
0	59
0	0
0	20
0	0
0	0
0	0
0	0
0	0
0	0
0	0
0	0
0	0
0	0
0	0
0	0
0	0
3	0
0	4
47	0
0	0
4	8
0	0
0	0
0	0
1	23
0	0
0	0
0	0
0	0
1	50
1	0
0	0
0	0
0	12
0	0
14	0
0	0
0	0
0	1
0	0
0	0
0	0
0	0
0	0
0	0
0	140
0	0
0	0
0	0
0	0
0	0
0	0
0	0
0	0
0	0
0	0
0	0
0	0
0	0
0	0
0	0
6	15
0	0
0	0
0	2
0	0
0	0
0	0
18	85
0	0
1	0
0	0
0	3
0	0
0	0
9	63
0	0
0	0
0	1
22	0
0	0
0	0
0	0
0	0
0	0
0	19
0	0
0	0
0	0
0	0
0	0
0	0
0	0
0	0
0	2
0	0
0	0
0	0
0	0
0	0
0	0
0	33
0	0
0	4
0	0
0	0
0	0
0	0
0	0
12	0
0	0
0	0
0	0
0	0
0	0
0	0
0	13
0	0
0	0
0	14
0	0
0	0
0	4
6	0
0	0
0	0
0	0
0	0
0	0
0	0
0	0
0	0
0	0
0	0
0	0
0	0
0	0
0	0
0	0
0	0
0	0
0	5
0	0
0	0
2	0
0	0
19	0
0	0
1	175
0	0
0	0
0	1
0	0
0	0
0	0
0	0
0	0
1	0
0	0
0	0
0	0
0	0
0	0
0	0
0	0
0	0
0	4
0	0
0	0
3	0
0	0
30	0
0	0
0	0
0	0
0	0
0	0
0	0
0	0
0	0
0	0
0	0
0	12
0	0
0	0
0	0
0	0
0	0
0	0
0	0
0	0
0	0
0	0
0	0
0	0
0	0
0	0
0	0
0	0
0	23
0	0
0	0
0	0
0	0
0	0
0	0
0	0
0	0
0	0
0	0
0	0
0	0
0	0
0	0
0	0
0	0
0	0
0	0
0	0
0	0
0	0
0	0
0	0
0	0
0	0
0	0
0	0
0	0
0	0
0	0
0	0
0	0
0	0
0	0
0	51
0	0
0	1
0	1
0	0
0	0
0	0
0	0
0	0
0	0
0	0
0	0
0	0
0	0
0	0
0	0
4	0
0	2
0	2
0	0
0	0
2	0
0	0
0	0
0	0
0	0
0	0
3	0
0	0
0	0
0	0
0	0
0	0
0	0
0	0
0	0
0	0
0	315
0	0
0	0
0	0
5	1
7	0
0	0
0	0
0	0
0	176
0	0
0	0
0	0
25	0
0	3
17	1
0	0
1	0
0	0
0	0
8	0
2	2
0	0
22	0
0	0
0	0
0	0
0	0
2	0
0	0
0	0
0	1
0	0
12	0
0	0
5	222
0	0
1	6650
0	0
0	0
0	0
0	0
0	7
0	1
420	0
0	0
22	0
0	0
0	0
0	0
0	0
0	0
0	0
0	0
0	0
0	0
0	0
0	0
0	0
0	0
0	0
0	0
0	0
0	4
0	0
15	0
0	0
0	0
0	0
7	0
0	0
0	0
0	0
0	0
0	0
0	0
0	4
0	0
0	0
0	0
0	0
0	0
0	0
0	1
0	0
0	0
1	0
0	15
0	0
1	0
0	0
0	0
5	924
0	1
0	0
0	0
5	0
4	0
0	0
1	0
0	0
0	0
0	0
0	1
2	0
0	0
0	1
0	0
0	0
0	0
0	1
0	0
0	0
16	2
0	0
0	1
0	0
0	0
11	6
0	0
0	0
0	1
0	0
0	0
0	0
0	0
20	7
0	0
0	0
0	0
2	5
0	0
0	0
0	3
0	0
0	0
6	0
0	0
0	0
0	0
0	0
0	0
0	0
0	0
0	0
0	0
0	0
0	0
0	0
0	0
0	2
0	0
0	0
0	0
0	0
0	0
0	0
0	0
0	0
0	0
0	0
0	0
0	0
0	0
0	0
0	0
0	0
0	0
0	3
0	0
0	0
0	0
0	0
0	0
0	0
0	0
0	0
0	0
0	2
0	0
0	0
0	0
0	0
0	0
0	0
0	0
0	0
0	0
0	0
3	0
0	0
0	0
0	0
0	2
0	0
3	0
0	0
0	0
2	0
0	0
6	0
0	0
0	0
0	6
0	0
4	0
0	0
0	0
8	0
0	0
0	0
0	0
0	0
0	0
0	0
0	0
0	0
1	0
0	0
0	0
0	0
0	0
0	0
0	0
0	0
2	4
7	0
0	0
0	0
0	35
6	13
0	0
6	0
9	0
0	0
16	0
0	0
1	0
0	0
0	5
0	0
0	0
0	0
0	0
0	1
0	0
14	8
0	0
0	0
0	0
0	0
0	0
0	0
0	0
0	0
0	0
0	0
0	4
0	0
3	0
0	0
0	0
0	0
0	0
0	0
0	0
0	0
0	0
0	0
0	0
0	0
0	0
0	113
0	0
42	0
0	0
0	0
0	0
0	0
10	4
0	0
0	0
0	0
0	0
0	0
9	0
0	0
0	0
0	0
0	0
0	2
0	0
0	0
0	0
0	0
0	0
0	18
11	1
0	0
0	0
0	0
0	0
0	0
24	0
0	0
0	0
0	0
0	0
0	0
0	0
0	1
0	0
0	0
0	0
0	1
89	0
0	0
0	0
0	0
0	0
0	0
0	0
0	0
0	1
0	0
0	0
0	0
0	0
0	0
0	0
0	0
0	0
0	0
0	0
0	0
0	0
0	1
0	0
0	0
0	0
267	906
0	0
0	0
0	0
0	0
0	0
0	108
0	0
0	0
0	0
0	2046
0	0
0	0
0	0
0	0
0	0
0	0
0	0
0	0
0	0
0	0
0	0
0	0
0	0
0	0
0	0
0	0
6	0
0	0
0	0
0	0
0	0
0	0
0	0
0	0
2	0
0	0
0	0
0	0
0	0
0	0
0	1
0	0
0	0
4	0
0	0
0	0
0	0
0	74
0	0
0	0
0	0
0	0
0	0
0	0
0	0
0	10
0	0
0	20
13	49
13	0
0	0
0	0
1	0
0	0
0	0
0	0
0	0
0	0
0	0
0	0
0	0
0	0
0	0
0	0
0	0
0	0
0	9
0	0
0	0
0	0
0	0
0	0
0	0
15	834
0	0
0	0
0	0
0	0
0	0
0	0
0	0
0	0
0	0
0	0
0	0
0	0
0	0
0	0
25	7
0	1
0	0
0	0
0	0
40	729
0	0
0	0
0	1
0	0
0	0
0	1
0	0
9366	0
0	0
0	0
0	0
0	0
0	0
0	0
0	0
10	28
0	0
0	0
0	0
15	0
0	0
0	0
1	0
0	0
0	0
6	0
0	0
0	0
43	0
0	0
0	4
0	0
0	0
0	1
0	21
0	0
0	0
0	0
75	662
85	73
0	4
0	0
6	0
0	0
0	0
0	0
0	0
0	0
0	0
0	0
13	0
0	0
0	0
0	1
0	0
0	0
3	0
0	0
0	0
0	0
0	0
0	8
0	0
0	0
0	0
0	0
0	0
0	0
1	1
0	0
0	0
0	0
0	0
0	0
0	0
0	0
0	0
0	0
0	0
0	0
0	0
0	0
0	12
0	0
0	36
12	0
0	0
0	0
0	0
0	0
0	0
0	0
0	0
0	0
0	0
1	123
0	1
0	0
0	0
0	0
0	1
50	0
0	0
0	0
0	0
0	0
0	4
0	0
0	0
0	0
0	0
0	0
0	0
0	1527
0	0
0	0
0	0
0	0
0	0
0	0
0	0
0	0
0	0
0	0
0	2144
0	0
20	14
0	0
0	0
0	0
15	0
0	0
0	2
0	0
2	0
0	0
0	0
0	0
3	0
0	113
1	0
0	0
112	23
6	0
133	23
0	0
0	0
0	0
0	0
0	0
87	0
0	0
0	0
0	0
5	0
0	0
0	0
12	0
0	0
0	0
0	0
0	0
0	0
0	0
0	0
0	0
0	0
0	0
0	0
0	3
0	0
0	0
0	0
0	0
0	0
0	0
0	0
0	0
0	0
0	0
0	0
0	0
0	0
0	0
0	0
0	0
0	0
0	0
0	0
0	0
0	0
0	0
0	0
13	4
0	0
0	10
0	0
0	0
0	0
0	0
0	0
0	0
0	0
0	0
0	1050
0	0
0	0
2	0
0	0
0	0
0	0
133	0
0	0
0	0
0	0
0	0
0	0
0	0
0	0
0	0
0	0
0	0
0	0
0	0
5	0
0	0
0	0
1	64
0	0
0	0
0	0
0	0
0	0
0	0
0	0
0	0
4	5400
0	0
0	0
0	0
0	0
0	0
0	0
0	0
0	0
0	0
0	1
0	0
0	0
0	0
0	0
0	26
0	0
0	0
0	0
0	0
0	1752
0	0
0	0
2	0
0	0
0	0
0	0
0	0
0	0
0	0
0	0
0	0
2	177
0	0
0	0
0	1
0	0
6	41
0	0
0	0
0	0
0	0
0	0
0	0
0	0
0	0
0	0
5	1038
0	37
13	0
0	0
0	0
0	1
0	0
0	0
1	0
8	7
0	0
13	0
0	0
5	0
0	0
0	0
0	0
0	0
1	495
0	0
0	0
0	0
0	0
0	0
0	0
0	0
0	0
0	111
0	0
0	0
0	0
0	0
0	0
0	0
0	0
1	0
0	0
0	0
10	0
0	0
0	0
4	0
0	0
0	1
0	1
0	0
0	0
30	1
0	0
0	0
0	0
0	0
0	54
0	1
0	0
0	1
0	0
0	0
9	0
0	3
0	0
0	0
0	0
8	0
0	0
0	26
0	4
0	0
0	0
0	0
0	0
0	28
0	0
3	0
0	0
29	0
0	0
0	29
0	0
0	0
0	0
0	0
0	0
0	0
0	0
0	56
2	0
0	0
0	0
0	0
0	0
13	0
0	0
0	0
0	0
0	0
0	0
0	0
45	0
0	0
0	0
91	0
0	0
0	0
0	2
0	0
0	0
13	0
0	0
0	0
0	0
0	0
0	0
23	48
0	0
0	0
0	1
0	0
0	0
0	0
0	0
0	0
0	0
0	0
0	0
0	0
4	0
0	0
0	0
0	0
0	0
0	1
0	8
0	0
0	0
0	0
0	0
0	0
0	0
0	0
0	0
0	0
0	0
0	0
12	12
0	0
0	0
0	0
0	0
0	0
0	0
0	0
0	0
0	0
0	0
0	0
0	0
0	0
0	0
0	0
0	0
0	0
0	0
0	0
0	0
0	3
0	114
0	8
9	20
0	0
14	0
0	0
0	0
0	0
1	0
0	0
0	0
30	0
1	0
0	0
0	0
0	0
0	0
0	0
0	23
0	2
0	0
0	0
0	0
23	1
0	0
0	0
0	0
0	0
0	0
0	0
0	0
0	3
0	0
0	1
0	0
0	2
0	0
0	0
0	3
16	394
6	1
0	0
0	0
0	1
0	0
0	0
0	1
0	0
0	0
0	8
0	1
0	0
0	0
0	0
8	0
5	0
0	0
0	1
0	0
0	0
0	0
2	0
0	0
7	0
0	0
0	0
0	0
0	0
8	0
0	13
0	0
0	0
0	0
0	0
0	0
0	0
0	0
18	0
0	0
0	3
0	0
0	0
0	0
0	0
50	0
0	0
0	0
0	0
0	0
0	0
0	0
0	0
0	0
0	0
0	0
0	0
0	0
0	0
0	4371
0	0
0	0
0	0
0	0
0	0
0	0
0	0
0	0
0	0
0	0
0	0
0	0
0	0
0	0
0	11
0	0
0	0
0	0
0	0
0	0
0	0
0	0
11	0
0	0
0	0
0	0
0	2
0	0
0	0
0	0
0	0
0	0
0	31
0	0
5	0
13	0
0	0
39	0
0	0
0	0
0	0
0	0
0	1
0	0
0	4
0	0
0	1
0	0
0	0
0	0
0	0
0	0
0	0
0	0
0	0
0	0
0	0
0	0
0	0
0	0
0	0
0	0
0	0
0	0
0	0
0	0
0	0
0	0
0	0
0	0
0	3
0	0
0	0
0	0
0	0
0	7
0	2
0	0
10	0
0	0
0	0
5	0
0	0
0	0
0	0
0	0
0	0
0	0
2	0
0	0
15	0
0	320
0	0
0	0
0	0
0	0
0	0
0	0
0	0
0	2
0	0
0	0
0	0
0	0
0	1
0	0
0	0
13	0
0	0
0	0
0	0
0	10
0	0
0	0
0	0
0	0
0	0
0	1
0	0
0	113
0	0
0	197
0	0
0	0
0	0
0	0
0	0
13	0
0	0
0	0
0	0
0	0
0	0
0	0
0	0
1	0
0	0
0	0
0	1
0	0
0	0
0	0
0	0
0	0
0	40
6	0
52	9
0	0
5	1
0	14
0	0
0	0
0	0
0	0
0	0
0	0
0	0
0	112
0	0
0	0
0	0
0	0
0	12
0	0
0	1
0	0
0	0
6	0
0	0
0	0
0	0
0	0
0	0
0	0
0	0
44	0
20	4
0	0
0	0
0	0
0	0
1	459
0	0
0	0
0	0
0	21
0	0
0	0
0	0
0	0
0	0
0	265
0	2
0	0
0	0
0	0
0	0
0	0
0	0
0	0
0	0
0	0
0	0
0	0
0	0
0	0
0	0
1	44
0	0
0	6
0	0
0	0
6	0
0	110
0	0
0	0
0	0
0	2626
0	0
37	419
5	99
0	0
0	0
0	3
0	0
0	75
0	0
0	0
0	0
0	0
1	12
0	0
4	1
0	0
0	0
0	0
0	0
0	0
0	0
0	0
0	0
3	0
0	0
0	2
0	0
0	0
0	0
0	1
0	0
0	0
0	137
0	0
0	0
0	0
0	0
0	0
0	0
0	0
0	0
0	0
0	0
210	147
0	0
0	0
0	0
0	0
0	0
0	0
0	6
0	0
0	0
0	0
0	0
0	0
0	0
0	0
0	0
7	0
0	0
0	0
10	0
0	0
0	0
0	0
0	0
0	0
2	0
0	0
0	0
0	23
4	84
0	0
0	0
0	0
0	0
0	0
23	1
0	0
0	0
2	1
0	0
0	0
0	0
0	0
0	0
3	1
0	0
2	0
0	0
6	0
0	0
0	0
0	0
0	0
0	1
0	0
0	0
5	0
0	0
0	0
0	0
0	0
0	14
6	0
0	0
0	0
0	0
0	0
0	0
10	0
0	0
6	0
19	0
0	0
0	0
0	0
0	6
0	0
0	4
0	0
0	0
11	0
0	2
0	0
0	0
0	0
0	7
0	0
3	1
0	0
0	0
0	0
3	1
0	0
0	0
1	28
0	7
0	3
0	0
0	0
0	0
0	0
0	0
0	0
0	0
0	0
0	0
0	0
0	0
4	0
0	0
0	0
0	0
0	7
1	12
0	0
0	0
0	6254
0	0
0	0
0	0
0	0
0	0
0	0
7	0
0	0
0	0
0	0
0	0
0	144
0	0
0	0
0	0
0	0
0	0
0	0
0	0
0	0
0	0
0	0
0	0
0	0
4	0
8	0
0	0
0	0
0	0
0	0
0	0
0	0
0	0
0	85
0	0
0	0
0	0
9	0
0	0
0	0
0	0
9	0
0	30
0	0
0	0
0	0
0	0
0	0
0	0
0	0
0	4
0	0
0	0
38	0
0	0
0	0
0	0
0	0
0	0
0	0
3	0
0	0
0	0
0	0
0	0
3	0
0	0
0	0
0	0
0	0
0	0
0	35
0	0
0	0
0	0
0	0
0	0
0	0
4	0
0	0
0	0
0	0
0	0
0	0
0	0
0	0
0	0
0	0
0	0
0	0
0	1
0	0
0	0
2	1
0	0
0	0
0	0
0	0
0	0
0	15
0	0
0	0
0	14
0	0
2	0
0	0
0	0
0	0
0	0
0	0
0	0
0	0
0	0
0	0
0	0
0	0
0	0
14	0
0	0
0	0
35	0
11	0
0	0
0	0
6	1
0	0
0	0
0	0
0	0
0	0
0	0
0	0
0	0
0	1
0	4
2	5
0	0
0	0
0	0
0	0
0	0
0	0
0	0
0	0
0	0
0	0
2	0
0	0
0	0
0	0
0	0
0	0
0	0
0	1
0	0
0	0
0	0
0	0
10	0
0	0
0	0
0	0
0	0
0	0
0	0
0	0
0	0
6	0
0	0
0	0
0	0
0	0
0	0
0	0
0	0
0	0
0	0
0	11
0	0
0	0
64	0
0	146
3	0
0	7
0	0
0	0
0	0
0	0
0	0
0	0
0	20
0	0
0	0
0	1
0	0
0	0
0	0
0	0
0	0
0	0
0	0
0	0
0	3
0	0
0	4
0	0
0	0
0	1
0	0
0	0
0	0
0	0
0	10
0	0
0	0
0	4
0	0
0	0
0	0
0	0
0	0
0	0
0	0
0	0
0	0
0	0
0	0
0	0
0	0
0	0
0	0
0	0
0	0
0	0
0	0
0	0
0	0
0	0
0	0
0	0
0	0
0	0
0	0
0	0
0	0
0	0
0	51
0	0
0	0
0	0
0	0
0	0
0	0
0	0
0	0
0	0
0	0
0	0
0	0
0	1
0	0
0	0
0	0
0	0
0	0
0	0
0	0
0	27
7	0
0	0
0	0
0	0
0	0
0	0
0	0
0	0
0	0
15	219
0	0
0	0
0	0
0	1
0	0
0	0
0	0
0	0
0	0
0	0
0	0
0	0
0	0
0	0
0	0
0	0
0	0
0	0
0	0
0	0
0	0
0	0
0	0
0	0
0	4
8	0
0	0
0	0
0	0
0	0
0	0
0	0
0	0
0	0
0	0
0	0
0	0
0	0
0	0
0	0
0	0
0	0
0	0
0	0
0	0
0	0
1	0
0	0
0	0
0	0
51	0
0	0
0	0
0	0
0	0
0	0
0	0
0	0
0	0
0	0
0	0
0	0
0	0
0	0
0	0
0	0
0	0
0	0
0	0
0	0
0	0
0	0
0	0
0	0
0	0
0	0
0	0
0	0
4	0
0	0
0	0
0	0
0	0
6	0
0	0
0	0
0	0
0	0
0	0
0	0
0	0
0	0
0	0
0	0
0	0
0	0
0	0
12	199
0	0
0	0
0	0
0	144
0	0
1	0
0	0
0	0
0	0
0	0
3	0
0	0
0	0
0	0
0	0
0	0
0	0
19	0
0	0
0	0
0	0
0	0
0	0
0	0
0	0
0	0
0	0
0	0
0	0
0	0
0	0
0	0
0	0
0	0
14	0
0	0
44	76
0	17
0	11
0	5
0	0
0	0
0	0
0	0
0	92
0	4
0	0
0	0
0	542
0	419
3	0
0	0
3	193
0	0
0	5
3	0
0	0
0	0
23	0
0	3
0	3
1	0
0	0
21	25
0	0
0	0
0	0
0	11
0	2
0	0
0	0
0	0
0	0
0	0
5	0
0	0
0	0
0	0
0	0
24	0
0	17
0	0
0	0
0	34
0	25
0	0
0	0
0	9
13	14
0	7
0	0
3	0
0	0
11	5
0	4
0	0
0	0
0	20
0	14
0	0
0	0
0	0
0	227
0	0
1	68
13	25
0	6
0	11
0	92
0	0
0	0
0	58
0	430
0	401
0	412
0	36
264	385
0	2
6	2
0	2
12	2
62	2
76	79
0	14
0	0
0	0
0	0
0	0
0	12
0	0
0	0
0	0
0	0
0	0
0	20
0	1
0	1
28	317
0	17
0	1
82	20
0	1
0	0
9	120
0	14
0	1
0	8
0	0
15	1
0	0
0	0
0	7
11	0
0	0
3	1
0	1
30	63
0	19
0	0
0	0
0	0
0	0
0	0
14	5
0	5
0	0
23	0
0	0
83	2
94	211
5	219
18	33
0	9
0	0
0	0
12	0
0	0
0	0
0	0
2	1
0	3282
0	175
0	0
0	0
0	0
0	0
0	80
0	80
0	0
0	0
2	0
0	0
0	0
0	0
0	3
0	0
18	36
0	0
0	0
0	0
3	0
0	14
0	0
0	14
49	0
0	0
37	26
13	332
0	0
0	0
0	0
0	7
0	0
0	0
0	0
0	0
61	4
89	4
22	0
0	0
0	0
0	0
0	0
0	0
0	0
0	0
0	11
0	0
0	0
0	0
0	0
0	0
0	0
0	0
0	0
0	0
0	0
0	13
2	6
0	6
0	0
0	0
0	176
0	119
0	0
0	0
0	0
0	0
0	57
0	57
0	0
0	0
140	176
0	3
0	0
6	70
0	0
233	1143
0	13
0	10
0	5
0	70
7	0
0	0
0	0
0	0
0	0
0	0
0	0
0	0
0	0
30	8
14	6
0	1
31	0
4	11
9	10
0	10
0	10
0	11
13	1
0	5
7	4
0	0
1	0
10	44
0	0
0	0
0	0
0	2
0	10
3	10
0	0
0	0
0	0
0	0
0	0
0	0
0	0
0	0
0	0
0	0
0	0
3	0
0	0
0	0
0	0
0	0
0	0
0	0
0	1
0	1
14	0
0	0
0	0
2	0
0	0
16	256
13	58
7	610
0	37
0	0
0	0
7	4
0	39
4	0
0	0
0	62
0	0
0	0
7	21
0	0
0	0
0	0
0	5
0	5
1	371
0	0
3	0
0	0
4	0
0	1
0	0
0	0
0	0
0	0
0	0
7	8
0	8
0	0
0	0
0	0
0	0
3	85
0	0
0	311
0	311
0	0
0	429
4	0
0	20
0	6
0	4
0	4
0	6
0	4
0	6
0	0
0	7
0	0
0	6
0	4
0	23
0	23
0	10
0	0
0	0
0	0
0	0
0	0
0	0
0	2
0	2
0	0
0	0
0	0
0	19
0	0
0	6
0	0
0	0
0	0
0	19
0	14
0	0
0	0
0	0
0	0
7	10
0	10
0	0
0	0
0	0
0	0
0	0
0	0
0	0
0	0
11	0
0	0
0	0
0	0
0	0
0	0
0	0
24	0
6	477
0	2
18	21
0	21
0	89
0	88
0	0
0	0
0	0
0	0
0	0
5	10
0	10
0	45
0	0
0	0
6	0
7	0
0	0
51	70
0	6
0	0
0	0
0	1
0	0
0	0
0	0
0	0
5	0
0	2
0	0
0	0
0	0
0	0
0	0
0	0
0	0
0	0
0	213
0	69
0	0
11	0
0	0
0	0
3	0
3	0
0	0
0	0
75	442
7	14
0	0
0	14
6	35
0	0
0	0
0	0
0	12
0	0
0	0
0	0
0	17
3	132
58	838
0	35
0	0
0	0
0	0
0	154
4	0
0	0
0	0
0	0
0	0
0	0
6	175
0	0
7	2
0	3
0	0
0	0
3	0
0	0
0	0
0	0
88	32
0	28
0	0
0	0
0	0
1	0
0	0
0	0
0	6
0	0
0	69
0	0
0	24
33	39
9	43
0	140
13	4
0	0
0	0
0	0
0	0
36	120
0	16
0	45
0	53
0	34
0	30
0	2
0	4
0	3
0	0
8	0
5	0
0	0
0	0
0	3
3	6
0	0
0	0
0	0
0	0
0	0
0	0
0	17
0	0
0	0
0	0
0	0
0	0
0	0
0	0
0	0
332	194
0	151
0	0
0	0
0	0
0	0
25	3
0	0
0	0
0	0
0	0
0	0
5	0
0	0
0	0
50	0
0	0
0	0
0	0
0	0
0	0
0	0
13	0
0	0
0	0
0	0
0	12
0	12
0	0
0	21
0	2
1	10
0	9
0	0
8	85
0	0
0	0
4	0
0	0
0	0
0	0
0	0
0	0
0	0
0	0
0	0
0	4
0	0
0	0
0	62
0	35
0	0
0	207
0	102
2	4
0	0
0	253
0	0
0	0
0	0
0	0
0	0
0	57
0	57
0	0
0	0
0	0
0	1
0	0
0	0
0	0
0	0
9	0
6	0
0	0
0	0
0	0
0	0
6	0
0	0
135	0
162	0
0	0
0	0
0	0
0	0
788	16899
0	6969
0	12433
16	9821
0	0
5	0
0	0
0	0
10	702
0	12
9	0
1452	77
5696	823
0	374
0	4
0	65
13	82
70	549
0	36
0	18
16	4
0	228
1	92
20	216
10	71
15	171
0	4
0	0
0	0
0	0
0	0
0	0
58	169
0	0
0	3
0	2
0	0
0	0
0	1
0	0
7	0
0	0
1	0
0	0
0	0
0	0
0	0
0	0
1	0
3	0
0	88
568	1509
169	1116
0	31
0	0
25	160
0	34
0	0
0	0
1	96
0	7
0	7
0	7
0	4
0	0
0	0
0	0
0	0
0	0
0	14
0	0
0	0
0	0
0	0
0	0
0	0
0	0
0	0
0	0
0	0
0	0
0	0
1	0
8	1
0	0
0	0
0	0
0	0
0	0
0	0
0	0
0	0
0	0
0	0
0	0
0	0
0	0
0	1
0	0
0	0
53	2
0	2
0	0
0	0
0	0
0	0
3	0
0	1
0	1
0	1
0	1
0	18
0	0
0	0
0	1
0	0
0	0
0	0
6	0
0	0
0	0
0	3013
1	2256
35	899
24	919
0	0
0	0
2364	770
0	526
22	297
168	391
31	4338
0	2459
0	0
0	0
0	0
0	0
0	0
0	288
0	287
30	2
0	2
0	25
0	21
0	0
3	5
0	0
0	0
0	0
0	0
0	0
0	0
0	0
473	16
0	15
55	0
0	0
2	0
0	0
0	0
0	61
0	61
0	0
0	1
0	1
0	0
0	6
0	6
0	22
0	0
1	0
0	0
0	0
7	0
0	0
0	1
0	0
0	0
0	0
0	0
0	0
0	0
0	0
0	0
0	43
0	0
0	0
0	0
0	0
0	0
0	0
0	0
0	2
1	0
0	0
0	40
0	40
0	0
0	0
0	0
0	0
0	0
2	24
0	0
0	0
0	0
0	0
0	0
0	0
0	0
28	44
0	0
0	0
0	0
0	0
0	0
0	0
0	0
0	0
0	0
0	0
0	0
0	0
1	0
0	0
0	0
0	0
0	0
0	0
5	11
0	0
0	0
4	31
0	0
0	0
0	0
1	0
0	1
0	0
0	0
0	0
10	21
0	21
0	5
0	0
0	0
0	6
0	23
0	34
0	54
0	3
0	19
0	23
3	0
0	0
0	0
0	0
4	0
2	7
0	0
0	0
0	0
0	54
0	23
0	19
0	34
0	0
0	76
0	23
26	0
0	15
0	0
3	0
0	9
0	7
0	0
0	0
0	0
0	0
0	0
3	0
0	0
25	317
0	0
0	0
0	0
0	0
2	694
482	996
0	0
0	0
0	0
0	0
0	0
0	0
0	0
0	0
0	5
0	4
0	0
0	0
0	0
0	0
0	0
0	0
0	0
0	0
0	0
0	0
13	0
12	0
0	0
227	7
31	19
0	0
0	0
0	0
0	0
0	0
0	0
0	0
22	20
0	20
7	4
0	0
0	0
0	1
0	2
3	113
0	0
15	0
2	13
0	20
0	7
0	0
0	0
0	0
0	0
0	17
0	0
0	17
8	100
1	18
3	0
21	48
0	67
0	0
0	0
4	8
15	8
0	0
0	0
0	0
5	3
0	3
1	0
3	7
0	525
14	7
12	19
0	0
0	0
0	0
0	0
0	0
0	0
1	0
0	0
0	9
0	0
0	0
0	0
0	0
0	0
0	0
0	16
45	20
0	0
0	1
0	0
13	314
0	0
0	0
0	0
0	0
140	30
99	5
2	10
0	26
0	7
0	0
0	0
0	0
0	0
0	0
0	276
2	81
0	0
0	0
3	138
0	11
69	7
33	46
247	39
2369	138
2	14
0	0
0	1
0	1
0	0
0	13
0	13
0	0
0	0
0	0
0	0
0	48
0	0
0	12
5	0
4	0
0	0
0	0
0	0
0	0
0	0
0	0
0	0
0	0
0	0
0	0
0	23
6	1
0	1
0	0
0	32
24	82
1	71
3	93
0	117
0	0
35	266
0	0
0	8
0	0
0	0
0	0
0	0
29	15
33	72
6	61
0	25
0	61
0	38
1	11
0	4
0	0
0	2
0	2
0	0
0	0
167	380
0	0
0	0
0	0
7	0
0	0
14	32
8	32
17	17
18	0
0	0
7	0
0	0
0	0
0	0
0	21
80	21
0	83
0	0
0	0
9	0
0	3
5	0
36	3
0	2
0	0
0	0
0	0
2	69
0	1
0	0
0	27
0	26
0	26
0	0
13	79
0	0
17	105
1	31
0	4
0	1
0	0
0	0
0	14
0	0
0	0
4	0
21	0
0	0
0	1
0	0
90	633
0	0
0	0
0	0
15	0
0	0
0	0
0	0
0	0
0	0
0	0
0	0
8	45
38	52
59	31
0	31
9	1029
0	0
0	0
0	0
0	0
0	0
0	0
14	113
33	41
0	4
0	0
0	0
0	0
0	63
136	91
0	0
10	73
0	183
0	45
0	0
0	0
0	0
0	0
0	0
0	1
0	0
0	0
1	0
0	1113
0	2
9	0
20	19
0	0
0	0
0	0
4	0
0	0
0	0
0	0
0	0
0	0
0	3727
0	0
0	0
23	10150
2	157
0	0
0	169
0	0
0	4
0	0
0	2
0	160
1	0
0	0
0	0
0	0
0	777
0	55
0	0
0	0
0	0
0	0
0	0
0	21
0	0
0	0
0	0
0	0
0	0
0	0
0	0
0	0
0	0
0	0
0	0
0	0
0	0
0	0
0	0
0	0
0	0
0	0
0	0
0	0
0	0
0	0
0	0
0	0
0	0
0	0
0	0
0	0
0	0
0	0
0	0
0	0
0	0
0	0
0	0
0	0
0	0
0	0
0	0
0	0
0	0
0	0
0	0
0	0
0	0
0	0
7	0
0	0
0	0
0	0
0	0
0	4
0	17
0	0
0	2
0	0
0	0
0	691
0	0
0	0
0	0
0	0
0	0
0	0
0	0
0	0
0	0
0	0
0	0
0	0
0	0
0	0
0	0
0	0
0	0
0	0
0	0
0	0
10	4
0	0
0	0
0	4
0	0
0	19
0	0
0	0
0	0
0	0
0	23
0	0
0	0
0	0
0	0
0	0
0	35
0	0
0	0
0	0
0	0
118	1205
0	0
0	0
0	5
0	8
0	0
0	0
0	0
0	0
0	0
0	7005
0	134
0	0
0	0
0	0
0	886
0	85
0	0
0	0
0	0
19	0
0	0
89	21
0	0
0	0
0	0
0	0
0	0
0	0
0	0
0	0
0	0
0	0
0	0
0	1
0	0
0	4
10	989
0	0
0	0
0	0
0	0
0	155
0	0
0	0
0	0
0	0
8	5
1	0
0	0
0	0
0	0
0	0
0	0
0	0
0	16
0	64
0	48
0	64
0	0
0	0
0	0
0	0
0	0
0	0
101	1082
0	0
4	7
58	368
0	0
7	0
0	0
0	78
0	0
0	0
0	0
0	0
0	0
0	14
0	0
0	0
0	0
0	0
0	0
0	0
0	0
0	0
0	0
0	0
0	0
0	0
0	0
1	0
0	2
0	0
61	183
0	0
0	0
0	0
0	0
0	0
1	55
17	230
1	107
58	12681
3877	15790
170	30
0	20
3207	867
214	0
1	0
0	0
0	0
0	0
0	0
0	0
87	0
0	0
0	0
1	603
0	0
0	432
0	0
0	2
0	0
0	0
0	0
0	0
0	4
0	3
0	0
0	0
0	0
0	0
0	14
14	0
0	0
0	0
0	0
0	0
0	0
0	0
0	0
0	0
0	0
0	108
0	0
0	17
0	0
0	0
0	0
0	0
0	0
0	0
0	0
0	0
0	0
0	0
0	0
0	0
0	4
5	0
0	0
27	0
0	0
0	0
0	0
18	0
0	0
0	0
0	0
1	0
0	0
0	0
0	0
0	0
0	0
0	0
0	0
15	16
14	0
0	0
0	0
0	0
0	0
0	0
0	0
0	0
0	0
0	0
0	0
0	0
4	0
0	0
0	0
0	0
0	0
0	0
0	0
0	0
0	0
0	0
0	0
0	0
0	0
0	0
0	0
1	0
0	0
0	0
0	2
0	0
0	50
0	0
0	0
0	0
0	0
0	14
0	0
0	0
0	0
0	0
0	0
0	0
0	0
0	0
0	0
0	0
0	0
0	0
0	0
0	0
16	0
0	0
0	0
0	0
0	0
0	0
0	0
0	0
0	0
0	0
0	0
8	0
0	0
0	94
7	0
0	0
12	0
1	0
18	0
32	0
0	0
0	0
0	0
0	0
0	0
0	0
0	0
0	63
0	128
0	8697
0	0
0	0
0	0
0	0
0	0
0	0
0	146
0	0
0	0
0	0
0	12
0	0
0	0
0	4
0	1
42	0
2	0
0	0
65	1
0	0
0	0
0	0
0	0
0	0
0	0
0	0
0	0
0	0
0	0
0	0
0	0
0	0
0	0
0	1894
0	51
0	0
0	0
0	180
0	0
0	0
0	0
0	2
0	0
1	2515
0	0
27	5
0	0
4	483
1	0
4	1
0	0
0	4
0	0
0	0
1	0
0	0
1	58
0	0
0	0
0	0
0	0
0	0
0	0
0	0
0	0
0	0
0	0
0	0
6	0
0	143
0	0
0	0
0	0
3	0
0	0
0	0
0	0
0	0
0	0
0	0
0	0
0	0
0	0
0	0
0	365
0	0
0	0
0	0
0	0
0	0
0	0
0	0
0	0
49	0
0	0
0	0
0	21
0	0
1	99
0	0
0	0
0	0
0	1
0	0
0	0
1	0
0	0
0	0
13	39
0	4
0	0
0	0
0	0
0	0
0	0
0	0
0	0
0	0
0	0
0	0
0	0
0	0
4	0
0	0
0	0
0	0
0	0
0	0
0	0
0	0
0	0
16	84
0	0
0	0
12	26
0	0
0	0
0	0
0	0
0	0
0	0
0	0
0	0
0	0
0	0
0	10
0	0
0	0
0	0
0	0
0	0
14	0
0	0
0	4
0	0
0	0
333	522
0	0
0	0
0	0
0	0
0	0
0	4
2	98
0	0
1	0
0	0
0	0
0	0
0	0
0	0
7	1
0	30
0	0
0	0
0	0
0	0
0	0
0	0
0	0
0	0
0	0
0	0
0	0
0	0
0	0
0	1
33	3
0	0
0	0
0	0
10	2
0	0
0	0
0	0
0	0
0	0
0	0
0	0
0	0
189	48
0	0
0	0
0	0
0	0
72	77
0	0
0	0
0	0
0	0
0	0
0	0
0	0
0	0
0	0
0	0
0	0
0	0
31	0
2	0
10	14
0	4
0	0
0	0
0	0
0	0
26	0
0	0
2	0
11	0
0	0
0	0
0	0
0	0
0	0
0	0
0	0
0	0
0	3
0	0
0	0
0	0
0	0
0	787
0	0
0	0
0	0
0	0
0	0
0	0
0	0
0	0
0	7
0	0
0	0
0	0
0	0
0	0
0	0
0	0
0	0
0	0
0	0
0	0
0	0
0	0
0	0
0	0
0	0
0	0
0	0
0	0
0	0
0	0
0	1
0	0
0	3
0	0
0	0
0	150
0	0
0	0
0	0
0	0
0	0
0	0
0	0
0	0
17	0
0	0
0	13
0	0
9	3
0	0
0	0
0	0
0	17
1	0
0	0
0	0
0	14
0	0
0	7
0	0
0	1
0	0
0	0
0	0
0	0
0	0
0	0
0	0
0	0
0	0
3	0
0	0
0	0
0	0
0	3
0	0
0	0
0	0
0	1
0	0
0	0
0	0
0	1
0	0
0	0
0	0
0	9
0	24
0	28
0	20
0	1
0	0
0	9
0	28
0	28
0	20
0	24
0	0
0	0
7	12
0	0
0	0
0	0
0	0
0	0
0	0
0	0
0	0
0	0
0	0
0	0
0	0
0	0
0	0
0	0
0	0
0	0
0	0
0	1
0	0
0	0
0	0
0	0
0	0
0	0
0	0
3	0
0	0
0	0
36	8
0	0
0	0
0	0
0	0
0	0
0	0
0	0
0	0
0	0
0	0
0	23
0	0
0	0
0	0
0	0
3	0
0	0
2	0
0	0
0	0
0	0
0	0
0	0
0	0
0	0
0	4
0	0
0	0
0	0
0	11
0	0
1	0
0	0
0	12
0	3
0	0
0	17
3	0
0	0
0	17
0	0
0	0
0	4
19	0
0	1
0	0
0	0
0	0
0	0
0	0
0	0
0	0
0	0
0	0
0	0
0	0
0	0
0	0
8	0
0	0
0	0
0	0
0	0
0	0
0	0
0	0
0	0
0	0
0	0
0	0
0	0
9	1
0	0
0	0
0	0
0	0
0	0
0	0
0	0
0	0
0	0
0	0
0	0
0	0
0	0
0	0
0	0
0	0
0	4
0	0
0	0
0	0
0	0
284	268
0	0
0	0
0	0
0	0
0	0
0	0
0	0
3	0
0	3
0	0
0	0
0	0
0	0
0	12
0	264
0	0
9	18
0	0
0	0
0	0
0	0
0	0
75	0
0	0
0	4
0	0
0	0
108	193
0	0
0	0
5	0
0	0
0	0
0	0
0	0
0	0
0	0
0	0
0	0
0	0
0	0
0	0
0	0
0	0
0	0
0	0
0	0
18	1
6	0
0	0
23	0
0	0
0	0
0	0
0	0
0	0
0	0
0	0
0	0
0	0
0	0
0	0
0	0
0	0
0	0
0	0
0	0
0	0
0	0
0	0
0	0
3	0
0	0
0	0
0	4
0	0
0	0
0	0
0	0
0	0
0	18
0	0
0	0
0	0
0	0
0	0
0	0
0	0
13	0
0	0
0	0
0	0
0	0
0	0
0	0
0	8579
0	149
0	0
0	0
0	5
0	0
0	0
0	1117
0	0
0	0
0	0
0	0
0	0
0	0
0	0
0	0
0	0
0	0
0	0
0	0
0	0
0	0
0	0
0	0
0	0
0	0
0	0
0	0
0	0
0	0
0	0
0	0
0	2
0	0
0	0
0	0
0	5
0	1
0	0
0	0
0	0
0	0
0	0
0	0
0	160
0	14
0	4
0	0
0	552
0	0
0	11
5	629
0	0
0	63
0	4
0	29
0	0
0	0
1	0
0	0
0	0
0	0
0	0
0	1
0	0
0	0
0	0
0	0
0	0
0	0
0	0
0	0
0	0
0	0
0	0
0	0
0	0
0	0
0	0
0	0
0	0
0	0
0	0
0	0
0	0
0	0
0	0
0	0
0	0
0	0
0	0
0	0
0	0
0	0
0	0
0	0
0	0
0	0
0	0
0	0
0	3
0	0
0	0
0	0
0	0
10	0
0	0
0	0
47	3
0	0
0	0
0	0
0	0
0	9
0	0
0	33
0	0
0	0
0	0
0	0
15	0
0	0
0	0
0	0
1	0
0	0
0	0
0	0
0	0
0	0
0	0
0	0
0	0
0	0
0	0
0	0
0	0
0	0
0	0
2	0
1	0
0	0
0	0
0	0
0	0
0	0
0	0
0	0
0	0
0	0
0	0
3	0
0	0
0	0
0	0
0	0
0	0
0	0
0	0
0	0
0	0
0	0
0	0
0	1
0	0
0	0
0	0
0	0
0	0
0	0
0	0
18	164
0	0
0	0
0	0
0	0
0	0
0	0
0	0
0	0
0	0
0	73
0	0
0	0
0	0
0	0
0	0
0	189
0	0
0	0
0	0
0	5
0	0
0	0
0	0
0	0
0	0
2	108
18	0
0	21
0	0
0	0
0	0
0	0
0	0
0	0
0	0
0	0
0	0
0	0
0	0
0	0
0	0
0	0
0	0
0	0
0	0
0	0
0	0
0	0
0	0
0	0
0	0
0	0
0	0
0	0
0	0
0	0
0	0
0	0
0	0
0	0
0	0
0	0
0	0
0	0
0	0
0	0
0	0
0	0
0	0
0	0
0	0
0	0
0	0
0	0
0	0
0	0
1	0
0	0
0	0
0	0
0	0
0	0
0	0
0	0
0	0
15	128
0	0
0	0
0	0
0	0
0	0
0	0
0	0
0	0
0	0
0	0
0	0
0	0
0	0
0	0
0	0
0	0
0	0
0	0
0	0
0	0
0	0
0	0
0	0
0	0
0	0
0	0
0	0
0	0
0	0
1	0
0	0
0	0
0	0
0	0
0	0
0	0
0	0
0	0
0	0
0	0
0	0
0	0
0	0
0	0
0	0
0	0
0	0
0	0
0	0
0	0
0	0
0	0
0	0
0	0
0	0
0	0
0	0
0	0
0	0
0	0
0	0
0	0
27	728
0	0
0	0
0	0
0	0
0	0
0	0
0	0
0	0
0	0
0	0
0	0
0	0
0	5
0	0
0	0
0	1
0	0
0	0
0	0
0	0
0	0
0	0
0	0
11	154
0	0
0	0
0	0
0	601
0	0
0	0
0	0
0	0
0	0
0	0
0	0
0	0
0	0
0	0
0	0
0	0
0	1
0	21
0	6
0	0
0	0
0	0
0	0
0	0
0	0
0	0
0	0
0	0
0	0
0	0
0	0
0	0
0	0
0	0
0	0
11	176
22	0
0	0
0	0
0	0
0	0
0	0
0	0
0	0
0	0
0	0
4	0
0	0
0	0
0	0
0	0
0	0
0	0
0	0
0	0
2	0
0	0
0	0
0	0
0	1
0	0
0	0
0	0
0	0
0	0
0	0
0	0
0	0
0	0
0	0
0	0
0	0
0	0
0	0
0	0
0	0
0	0
0	0
0	0
0	0
0	0
0	0
0	4
0	0
0	0
0	0
0	0
0	0
0	0
0	0
0	0
0	0
0	0
0	0
0	0
0	0
0	0
0	0
0	0
0	0
0	0
0	0
0	0
0	0
7	0
0	0
0	0
0	0
0	0
0	0
0	11
0	0
0	0
0	125
0	0
0	0
0	0
0	0
0	66
0	0
0	0
7	0
0	0
0	0
0	8
0	0
0	0
0	0
0	19
4	5
0	0
0	22
0	0
0	9
0	0
0	0
0	0
1	0
0	0
0	9
0	0
0	0
0	0
0	0
0	0
0	0
0	0
0	0
0	14
0	0
0	0
0	0
0	0
0	0
0	0
0	0
0	0
0	0
0	0
0	0
0	0
0	0
0	0
0	0
0	0
0	0
0	0
0	0
0	0
0	0
0	0
0	0
0	0
0	0
0	0
0	0
0	0
0	0
0	0
0	7
56	139
0	113
0	118
0	0
0	0
0	0
0	0
0	46
0	2
0	0
0	160
0	0
0	0
0	0
0	0
0	0
0	0
0	0
0	0
0	2
0	0
0	0
0	0
0	0
5	114
0	5
0	0
1	0
0	0
0	0
0	0
0	0
0	0
0	0
0	55
0	108
0	0
0	0
0	0
0	0
6	11
0	0
0	0
0	0
0	0
0	0
0	0
0	0
0	0
0	6
0	0
0	0
0	0
0	0
0	0
0	0
0	0
0	0
0	132
0	164
13	7917
0	0
0	0
0	0
0	0
0	0
0	29
0	0
0	3
0	0
0	0
0	0
0	0
0	0
0	0
0	0
0	0
0	0
37	3743
5	520
0	0
0	47
0	343
0	0
0	0
0	0
0	0
0	0
6	0
0	0
0	0
0	0
14	86
0	2
115	813
0	0
0	0
0	0
0	0
0	0
0	0
0	0
0	0
1	0
0	0
0	0
0	0
0	0
0	0
0	0
0	0
0	0
0	0
0	0
0	3
0	0
0	0
0	0
0	0
0	0
0	0
0	0
0	0
0	0
0	0
0	0
0	0
0	0
0	207
0	0
0	4
0	66
0	605
0	84
20	358
0	0
0	0
0	0
0	0
0	0
0	0
0	0
0	0
0	0
4	0
0	0
0	0
0	0
0	0
0	0
0	0
0	0
0	0
0	0
0	0
0	35
0	0
0	0
0	4
0	0
0	0
0	0
0	0
0	0
0	0
0	0
0	5
0	0
0	0
0	0
0	0
0	0
0	5
0	0
0	0
11	226
6	0
0	0
0	0
0	0
0	25
0	426
0	0
0	0
0	0
0	0
0	0
0	0
0	0
0	0
0	55
0	0
0	0
0	0
0	0
0	0
0	0
0	0
0	0
0	0
0	0
0	0
0	3
0	0
0	0
0	0
0	0
0	0
0	0
0	0
0	117
0	0
0	0
0	0
0	0
0	0
0	0
0	0
0	0
0	0
0	0
0	0
0	0
0	0
0	0
0	0
0	0
0	0
25	157
0	0
0	0
0	1
0	0
0	0
0	0
0	0
0	0
0	0
30	0
0	0
0	0
0	12
0	0
2	12
0	0
0	0
0	0
0	0
0	0
0	1
0	2
0	0
0	0
0	0
0	0
0	0
0	0
0	0
1	0
0	0
0	0
0	0
0	0
58	658
0	0
0	12
0	0
0	0
0	0
0	0
0	0
0	0
3	246
0	236
0	0
0	0
0	0
0	0
0	0
0	0
0	0
0	0
0	0
0	0
0	0
0	0
4	0
0	0
0	0
0	0
0	0
0	0
0	0
0	0
0	0
0	0
0	0
0	0
0	0
0	4
0	0
0	0
0	0
0	0
0	0
55	828
0	0
0	0
0	0
0	0
0	0
0	0
0	0
0	0
0	0
0	0
0	0
0	0
0	0
0	0
0	0
0	0
0	0
0	0
0	0
0	0
0	0
0	0
0	0
0	0
0	0
0	7
0	7
0	0
0	0
0	0
9	10
0	0
0	184
0	0
0	0
0	0
0	0
0	0
0	0
0	0
3	0
0	0
0	0
0	0
0	0
0	0
6	0
0	0
0	0
0	0
0	0
0	0
0	0
0	0
0	0
0	0
0	0
0	0
0	0
0	0
0	0
4	0
0	0
0	0
0	0
0	0
6	0
0	0
0	0
0	0
0	0
0	80
0	0
0	9
0	0
0	0
0	0
0	0
0	0
0	0
0	0
0	0
0	0
8	4551
0	0
0	0
0	0
0	0
0	0
0	0
0	0
0	0
0	0
0	0
0	0
14	0
0	0
9	56
0	0
0	0
0	0
0	0
0	176
0	0
0	0
0	0
0	0
0	0
0	0
0	0
0	0
113	0
0	4
0	0
0	0
0	0
0	0
0	0
1	0
0	0
1	0
0	0
0	0
7	3103
0	0
0	0
0	0
0	0
0	0
0	0
0	0
0	0
4	218
0	0
0	0
0	0
0	0
0	0
0	0
0	0
0	0
0	0
0	0
0	0
3	0
0	0
0	0
0	0
0	0
0	0
0	0
0	0
0	0
4	0
0	0
0	0
0	0
0	0
0	1
0	1
0	0
0	0
0	0
0	0
0	0
0	0
0	0
0	0
0	0
0	0
0	0
0	0
0	0
0	0
0	0
0	0
0	0
0	0
0	0
0	19
0	0
0	0
0	0
0	0
0	0
0	0
0	0
0	0
0	1
0	0
0	0
0	0
0	0
0	0
0	0
0	0
0	0
0	0
0	0
0	0
0	0
0	0
0	0
0	0
0	0
0	0
0	0
3	0
0	0
0	0
0	0
0	0
0	0
0	0
0	0
0	0
0	0
0	0
0	0
0	0
0	0
0	0
0	0
0	0
0	0
0	0
0	0
0	0
0	0
0	0
0	0
0	0
0	0
0	0
0	0
0	0
0	0
0	0
0	0
0	0
0	0
0	0
0	3
0	0
0	0
0	0
0	0
0	23
0	0
0	0
0	0
0	0
0	0
0	0
0	0
0	0
0	0
0	0
0	0
0	0
0	0
0	0
0	19
0	8
0	0
0	0
0	0
0	0
0	0
0	0
0	0
0	0
0	0
0	0
0	0
0	0
0	0
0	0
0	0
0	0
0	0
0	0
2	0
0	0
0	0
0	0
0	0
0	42
0	0
0	0
0	0
0	0
0	0
0	0
0	0
0	0
0	0
0	0
0	0
0	0
0	0
0	0
0	0
0	0
0	0
0	0
0	0
0	0
0	0
0	0
0	0
0	0
0	0
0	0
0	0
0	1
0	27
0	0
0	0
0	0
0	0
0	0
0	0
0	0
0	0
0	0
0	0
0	0
0	0
0	0
2	0
0	0
0	0
0	0
0	0
0	0
0	0
0	0
0	0
0	0
0	0
0	0
0	2
0	0
0	0
0	0
0	1
0	0
378	2
0	0
4	0
0	0
0	3
0	0
0	52
0	0
0	0
0	0
0	0
1	0
0	0
0	0
0	0
0	0
0	0
0	0
0	0
0	0
0	0
0	0
0	0
0	0
0	174
0	0
0	0
0	2
0	0
0	0
0	0
0	0
0	0
0	0
0	2
5	0
0	0
0	0
0	0
0	0
0	0
0	0
0	0
1	175
0	0
0	0
0	0
0	0
0	0
7	0
0	0
0	0
0	0
0	0
0	0
26	0
0	0
0	0
0	0
1	0
0	0
0	0
0	0
0	0
0	0
0	0
0	0
0	0
0	0
0	0
0	0
0	0
0	0
0	0
0	0
0	0
0	0
0	0
0	0
0	0
0	16
0	0
13	0
0	0
58	418
0	0
0	0
0	0
0	0
0	0
0	0
0	0
0	0
0	0
0	0
0	0
0	0
0	0
0	0
0	0
0	32
0	0
0	0
0	0
0	0
0	0
0	0
0	0
0	1
0	0
0	0
0	0
5	0
0	0
0	0
0	0
0	15
0	0
0	0
0	0
0	0
0	0
0	0
0	0
0	0
0	0
0	0
0	0
15	766
0	7
0	0
0	0
0	0
0	0
0	0
0	11
0	14
0	0
0	0
0	0
0	2
0	0
4	0
15	0
0	0
0	0
0	0
0	0
0	0
0	0
0	0
0	0
0	0
0	0
0	0
0	0
0	0
0	0
13	0
0	0
0	0
0	0
0	0
0	0
0	0
0	0
0	0
0	0
0	0
4	0
0	0
0	4
0	0
0	0
0	0
0	0
0	0
0	0
0	0
0	0
0	0
0	585
103	42
59	1
0	0
0	0
13	0
0	0
0	0
0	0
0	0
0	0
0	451
0	0
0	0
0	0
0	0
0	0
0	0
0	0
0	0
0	0
0	1
0	1
0	0
0	0
0	0
0	0
0	0
0	0
0	0
0	0
0	0
0	0
0	0
0	29
0	0
0	0
130	1459
35	0
0	0
0	0
0	0
3	71
0	627
0	39
0	105
0	80
0	0
0	0
0	0
0	0
0	0
0	0
0	0
0	0
0	0
0	0
0	0
0	0
0	0
0	0
0	0
0	0
0	0
0	0
0	0
0	0
0	0
0	0
0	0
0	0
0	0
0	0
0	0
0	0
2	0
0	0
5	0
5	0
0	0
0	0
0	6
0	0
0	0
0	0
0	0
0	0
0	0
0	0
0	0
0	0
0	0
0	0
0	0
0	0
0	0
0	0
0	0
0	0
0	0
0	0
0	0
0	0
0	0
0	0
0	0
0	0
0	0
0	0
0	0
0	50
0	0
10	182
0	0
0	0
0	0
0	0
0	0
0	0
0	1
0	0
0	0
0	0
0	0
0	0
0	0
0	0
0	0
0	0
0	0
0	0
0	0
0	0
0	0
0	0
0	0
0	0
0	0
0	0
0	0
0	0
0	0
2	0
20	0
0	0
0	0
0	0
0	0
1	0
0	0
0	0
0	0
0	0
0	0
0	0
0	0
0	0
0	0
0	0
0	0
0	0
0	0
0	0
0	0
0	0
0	0
0	0
0	0
0	0
0	0
0	0
0	0
0	0
6	0
0	0
0	0
0	0
0	0
0	0
0	0
0	0
0	0
0	17
0	0
0	0
0	0
0	0
0	0
0	0
0	0
0	7
0	0
0	212
27	486
70	45
0	0
0	0
0	0
0	0
0	0
0	0
0	12
0	23
0	0
0	0
5	0
0	0
0	8
35	256
0	0
0	0
0	0
0	0
0	0
0	0
0	4
0	0
0	0
0	0
0	0
0	2
0	0
7	0
0	0
0	0
0	0
0	0
0	0
0	0
0	0
0	0
0	1
0	0
0	189
0	0
0	0
0	0
0	0
0	0
0	0
0	0
0	0
4	44
27	6
0	0
0	0
0	0
0	0
0	0
0	0
0	0
0	0
0	0
0	0
0	0
0	0
0	0
0	0
0	0
0	0
0	1
0	0
11	0
187	745
0	30
66	808
0	0
0	0
0	0
0	0
0	4
0	0
0	0
2	402
0	0
0	0
0	0
0	0
0	0
0	0
0	0
0	0
0	0
0	0
0	0
0	0
0	0
0	0
14	0
0	9
0	0
0	0
0	0
0	0
0	50
0	0
0	0
0	0
0	0
0	2
0	161
0	0
0	0
0	0
0	0
30	2482
0	0
0	0
0	0
0	0
0	0
0	164
0	850
0	0
0	0
0	0
0	0
0	0
0	0
0	4
0	7
15	0
0	0
0	0
0	0
0	155
0	0
0	0
3	8990
0	0
0	0
0	0
0	0
0	0
0	0
0	0
0	0
0	0
0	12
0	0
0	0
0	0
0	0
0	0
0	0
12	264
0	4
0	0
0	0
0	0
0	165
0	0
0	0
0	0
0	0
0	0
0	0
0	0
0	4
0	0
0	24
0	0
0	28
0	28
0	24
0	0
0	0
11	0
0	0
0	0
0	0
0	0
55	0
0	0
0	0
0	0
0	0
0	0
0	0
0	0
0	0
0	3
0	0
0	0
2	0
0	0
0	0
0	0
0	0
0	0
0	0
4	0
0	0
0	0
0	0
0	0
0	0
0	0
0	0
0	0
0	5
8	0
0	0
0	0
0	0
0	0
0	0
0	0
0	81
0	0
0	0
13	0
0	0
0	0
0	0
0	0
0	0
0	0
0	0
0	0
0	0
0	0
0	7
0	0
0	0
0	0
0	0
0	0
0	0
0	0
12	0
0	0
0	0
0	0
0	0
0	0
0	5
0	1131
0	0
13	3
0	0
0	0
0	0
54	9
0	0
0	0
0	0
0	0
0	0
0	0
0	0
0	0
26	0
0	0
0	0
0	0
0	0
0	0
0	0
6	0
0	0
0	0
2	0
0	0
0	0
0	0
1	0
0	0
9	31
0	0
0	0
0	0
0	0
0	0
0	0
0	0
0	0
0	0
0	0
0	0
0	0
0	184
0	0
0	0
0	0
0	0
0	0
0	0
0	0
0	0
0	0
0	0
0	0
0	0
0	38
0	0
0	0
0	0
0	0
0	0
0	0
0	0
0	0
0	0
0	0
0	0
0	0
0	0
0	8
0	0
0	0
0	0
0	0
47	1878
0	0
0	0
0	0
0	0
0	0
0	0
0	0
0	0
0	0
0	0
0	0
29	0
0	0
4	0
0	0
0	0
0	0
0	0
0	0
0	0
0	0
0	0
0	0
0	0
0	0
0	0
0	29
0	0
0	0
0	0
0	3
0	0
0	1
0	0
0	0
0	0
0	0
0	0
0	0
0	0
0	0
0	0
0	0
0	0
0	0
0	17
0	0
0	5
0	5
0	0
0	0
0	0
0	0
0	0
